/*--------------------------------*- C++ -*----------------------------------*\
| =========                 |                                                 |
| \\      /  F ield         | OpenFOAM: The Open Source CFD Toolbox           |
|  \\    /   O peration     | Version:  4.0                                   |
|   \\  /    A nd           | Web:      www.OpenFOAM.org                      |
|    \\/     M anipulation  |                                                 |
\*---------------------------------------------------------------------------*/
FoamFile
{
    version     2.0;
    format      ascii;
    class       volScalarField;
    location    "61";
    object      p;
}
// * * * * * * * * * * * * * * * * * * * * * * * * * * * * * * * * * * * * * //

dimensions      [0 2 -2 0 0 0 0];

internalField   nonuniform List<scalar> 
8800
(
0.864928
0.817141
0.778453
0.74946
0.728599
0.713773
0.703184
0.695715
0.690911
0.688876
0.690169
0.694379
0.701039
0.710366
0.723153
0.740892
0.765673
0.799616
0.842168
0.90087
0.696174
0.703853
0.711331
0.71464
0.713139
0.708065
0.701584
0.695516
0.690806
0.687983
0.687728
0.690258
0.694765
0.700724
0.707502
0.713788
0.717433
0.716699
0.711282
0.702594
0.674574
0.680734
0.684863
0.687809
0.689861
0.690471
0.689372
0.687278
0.68528
0.684397
0.685386
0.68779
0.690606
0.692798
0.693414
0.692221
0.689883
0.686493
0.681936
0.678175
0.66876
0.67141
0.674163
0.676568
0.678206
0.679373
0.680123
0.680253
0.679976
0.679954
0.680736
0.68193
0.682787
0.682865
0.682265
0.68118
0.679369
0.676801
0.6744
0.672896
0.663373
0.664797
0.666578
0.668611
0.670399
0.671745
0.672743
0.673555
0.674191
0.674785
0.67547
0.675993
0.676112
0.675839
0.675152
0.673911
0.672221
0.670377
0.669072
0.66824
0.658288
0.659208
0.660451
0.662019
0.663655
0.665185
0.66648
0.667563
0.668551
0.669479
0.670207
0.670566
0.670546
0.670123
0.669255
0.668063
0.666743
0.665487
0.664667
0.664115
0.653371
0.654041
0.655004
0.656308
0.657721
0.659185
0.660634
0.661974
0.6632
0.664346
0.665211
0.665615
0.665557
0.665068
0.664276
0.663338
0.662334
0.661415
0.660832
0.660426
0.648575
0.649092
0.649876
0.651008
0.652289
0.653669
0.655126
0.656617
0.658075
0.659456
0.660512
0.661024
0.66103
0.660668
0.660081
0.659368
0.658604
0.657926
0.657495
0.657177
0.643829
0.644239
0.644896
0.645904
0.647113
0.648447
0.649904
0.65148
0.653134
0.654781
0.656084
0.65679
0.65699
0.656847
0.656483
0.655981
0.655422
0.654937
0.654617
0.654358
0.639045
0.639379
0.639947
0.640876
0.642036
0.643356
0.644849
0.646524
0.648367
0.650304
0.651926
0.652928
0.653405
0.653515
0.653381
0.653103
0.652738
0.652413
0.652177
0.65196
0.634136
0.634413
0.634919
0.635802
0.636945
0.638289
0.639856
0.641671
0.643744
0.646017
0.648042
0.649424
0.650234
0.650633
0.650751
0.650699
0.650527
0.650342
0.650174
0.649986
0.629012
0.629245
0.629712
0.630579
0.631744
0.633156
0.634839
0.636849
0.639216
0.641907
0.644425
0.646264
0.647463
0.648195
0.648594
0.648774
0.648796
0.648741
0.648628
0.648461
0.623583
0.623781
0.624229
0.625109
0.626337
0.627861
0.629716
0.631986
0.634729
0.637943
0.641059
0.643442
0.645096
0.646206
0.646922
0.647348
0.647582
0.647648
0.647582
0.647429
0.617746
0.617916
0.618361
0.619284
0.620617
0.622304
0.624397
0.627009
0.630227
0.63409
0.637931
0.640962
0.643153
0.644698
0.645773
0.646499
0.646939
0.647122
0.647096
0.646951
0.611385
0.61153
0.611988
0.612984
0.614467
0.616377
0.618785
0.621833
0.625651
0.63031
0.635028
0.638835
0.641661
0.643719
0.645201
0.64625
0.64693
0.647235
0.647247
0.647106
0.60436
0.604481
0.604966
0.606065
0.607751
0.609954
0.612765
0.616367
0.620931
0.626564
0.632342
0.637075
0.640652
0.643315
0.645281
0.646704
0.647648
0.648079
0.648124
0.647984
0.59649
0.596589
0.597118
0.598358
0.600304
0.602878
0.606205
0.610504
0.615992
0.622814
0.62987
0.635709
0.640173
0.643547
0.646089
0.647948
0.649189
0.649752
0.649829
0.649685
0.58755
0.587652
0.588234
0.589631
0.591908
0.594967
0.598949
0.604122
0.610755
0.619031
0.627622
0.634772
0.640283
0.64449
0.647717
0.650086
0.651661
0.652364
0.65247
0.652319
0.577229
0.577311
0.577984
0.579607
0.582318
0.585995
0.590806
0.597078
0.605135
0.615184
0.625611
0.634305
0.641047
0.646237
0.650248
0.653218
0.65517
0.656021
0.656153
0.655991
0.565155
0.565223
0.565995
0.567929
0.571199
0.575672
0.581543
0.589209
0.599038
0.611245
0.62386
0.634365
0.642536
0.64887
0.65379
0.657459
0.659822
0.660821
0.660973
0.660797
0.550777
0.550833
0.551748
0.554098
0.558104
0.563624
0.570877
0.58033
0.592377
0.60721
0.622408
0.635014
0.644818
0.652469
0.658442
0.662892
0.665695
0.666837
0.667
0.666806
0.533331
0.533375
0.534503
0.537436
0.542453
0.54939
0.558486
0.570263
0.585102
0.603112
0.621329
0.636331
0.647984
0.657111
0.664257
0.669577
0.672828
0.674091
0.674253
0.674039
0.511659
0.511702
0.513177
0.516991
0.523463
0.532394
0.544015
0.558863
0.577223
0.599049
0.620734
0.638408
0.652102
0.662864
0.671271
0.677526
0.681193
0.682538
0.68268
0.682444
0.484027
0.484089
0.486152
0.491386
0.500117
0.511979
0.527159
0.546085
0.568839
0.59517
0.620765
0.641349
0.657236
0.669741
0.679507
0.68667
0.69067
0.69203
0.692131
0.691874
0.447405
0.447567
0.450837
0.458689
0.471229
0.487563
0.507814
0.532097
0.560232
0.591757
0.621632
0.645285
0.663442
0.677743
0.68889
0.696847
0.701025
0.702304
0.702342
0.702068
0.39599
0.396968
0.403468
0.416695
0.435856
0.45911
0.486353
0.517403
0.551879
0.58917
0.623561
0.650338
0.670767
0.686797
0.699248
0.707773
0.7119
0.712996
0.712958
0.712675
0.320872
0.328138
0.343171
0.36646
0.395493
0.428014
0.463806
0.502654
0.544171
0.58772
0.62695
0.65708
0.679955
0.697885
0.711592
0.720498
0.724433
0.725331
0.725247
0.725
0.240128
0.257324
0.281685
0.315689
0.354973
0.396895
0.441303
0.488135
0.537086
0.587582
0.632567
0.666872
0.692759
0.712965
0.728149
0.737179
0.740593
0.741216
0.741154
0.740997
0.172833
0.193087
0.225157
0.268264
0.316604
0.36738
0.420146
0.474822
0.531078
0.588327
0.638797
0.677005
0.705698
0.727845
0.743878
0.752676
0.75572
0.756274
0.756269
0.75616
0.117722
0.13963
0.177211
0.226751
0.282254
0.340501
0.400669
0.462541
0.525654
0.589339
0.645039
0.68692
0.718163
0.741995
0.758893
0.767788
0.770717
0.771322
0.771359
0.771274
0.0718524
0.0949377
0.136304
0.190954
0.252212
0.316626
0.383147
0.451424
0.520835
0.590561
0.651227
0.6966
0.730281
0.755782
0.773638
0.782895
0.786058
0.786554
0.786612
0.786551
0.0329572
0.0567048
0.100935
0.159628
0.225726
0.295393
0.367445
0.441428
0.51658
0.591933
0.657306
0.706034
0.742092
0.769246
0.78811
0.797989
0.801309
0.80184
0.801903
0.801873
-0.000990223
0.0231891
0.0696825
0.131712
0.201902
0.276138
0.353092
0.432217
0.512654
0.593288
0.663145
0.715099
0.753444
0.782233
0.802063
0.812566
0.816179
0.816779
0.816859
0.81685
-0.0314875
-0.00692944
0.0414072
0.106288
0.180005
0.258245
0.339596
0.423424
0.508778
0.594408
0.668555
0.723605
0.764134
0.794435
0.815249
0.826305
0.830235
0.830967
0.831045
0.831044
-0.0595021
-0.0346039
0.0153087
0.0826473
0.159467
0.241259
0.326571
0.41471
0.504662
0.595054
0.67335
0.731391
0.774
0.80571
0.827417
0.838987
0.843185
0.844054
0.844127
0.844125
-0.0858371
-0.060552
-0.00919242
0.0602688
0.139859
0.224819
0.313709
0.405815
0.500088
0.595057
0.677416
0.738378
0.782985
0.816019
0.838465
0.850422
0.854821
0.855757
0.855814
0.855793
-0.11087
-0.0851895
-0.0325887
0.0388116
0.120865
0.208667
0.300801
0.396566
0.494905
0.594298
0.680674
0.744554
0.791108
0.825348
0.848364
0.86062
0.865118
0.866091
0.866126
0.866082
-0.135026
-0.108844
-0.0552133
0.018029
0.102272
0.192625
0.287707
0.386838
0.488997
0.592671
0.68307
0.749928
0.798434
0.833813
0.857341
0.869689
0.874226
0.875169
0.875173
0.875108
-0.158441
-0.131827
-0.0771095
-0.00224976
0.0839512
0.17659
0.274337
0.376559
0.482295
0.590114
0.684573
0.754528
0.805077
0.841569
0.865458
0.877785
0.882251
0.883182
0.883166
0.883078
-0.18125
-0.15415
-0.0984086
-0.022119
0.0658365
0.160516
0.260655
0.365691
0.47476
0.586571
0.685137
0.758381
0.811138
0.848792
0.872948
0.885116
0.889413
0.890264
0.890214
0.890105
-0.203589
-0.175944
-0.119213
-0.0416156
0.0478929
0.144392
0.246668
0.354246
0.466381
0.582
0.684712
0.761487
0.816737
0.855658
0.879969
0.891801
0.895804
0.896522
0.896426
0.896298
-0.22549
-0.197205
-0.139562
-0.0607469
0.0301447
0.128238
0.232412
0.342254
0.457178
0.576374
0.683235
0.763816
0.821939
0.86235
0.886746
0.897999
0.901509
0.902022
0.901882
0.901744
-0.246799
-0.21791
-0.159393
-0.0794942
0.0126166
0.112113
0.217938
0.329783
0.447199
0.569707
0.680634
0.765295
0.826748
0.869055
0.893585
0.903959
0.906662
0.906847
0.906658
0.906525
-0.267503
-0.238037
-0.178699
-0.0978157
-0.00464062
0.0960702
0.20333
0.316902
0.436515
0.562016
0.676854
0.765807
0.831096
0.875896
0.90091
0.91021
0.911588
0.911097
0.91082
0.910745
-0.287668
-0.257554
-0.197457
-0.115688
-0.0215685
0.0801866
0.188671
0.303711
0.425211
0.553359
0.671841
0.7652
0.834809
0.882824
0.909117
0.917647
0.91717
0.915184
0.914536
0.914755
-0.30713
-0.276442
-0.215617
-0.133054
-0.0381126
0.0645421
0.174052
0.290315
0.413399
0.543822
0.665578
0.763291
0.837615
0.889517
0.918234
0.927299
0.925383
0.920993
0.918519
0.918214
-0.325983
-0.294692
-0.233198
-0.149945
-0.0543064
0.0490941
0.159418
0.276661
0.401014
0.533336
0.657931
0.759805
0.839214
0.895477
0.927656
0.939503
0.938668
0.931941
0.924128
0.91022
-0.344154
-0.312291
-0.250315
-0.166562
-0.0704289
0.033519
0.144365
0.262279
0.387538
0.521284
0.648279
0.753989
0.839085
0.900039
0.93575
0.952206
0.953024
0.940211
0.920183
0.908906
-0.361473
-0.32938
-0.266777
-0.18271
-0.0861291
0.0181544
0.129112
0.247488
0.373265
0.507911
0.636666
0.745339
0.836355
0.902021
0.938381
0.954693
0.957944
0.934166
0.866582
0.836302
-0.377277
-0.347213
-0.282264
-0.197909
-0.100615
0.00349802
0.113977
0.232513
0.35841
0.493336
0.623006
0.733519
0.829539
0.900701
0.93045
0.941553
0.929349
0.874419
0.805248
0.762727
-0.432452
-0.362942
-0.29629
-0.213294
-0.115516
-0.0119171
0.0988889
0.21707
0.342597
0.477089
0.606667
0.717833
0.814658
0.892361
0.89577
0.897096
0.84563
0.774198
0.697121
0.654244
-0.393995
-0.378033
-0.317234
-0.233172
-0.137584
-0.0340313
0.0757426
0.193266
0.317793
0.45086
0.57853
0.688143
0.77735
0.860157
0.845106
0.729508
0.62285
0.548684
0.474726
0.504703
-0.424642
-0.395452
-0.333761
-0.250527
-0.154961
-0.0515265
0.0585088
0.175387
0.298835
0.430084
0.554948
0.660333
0.739884
0.783993
0.734058
0.582993
0.453738
0.361419
0.262179
0.311744
-0.448243
-0.416123
-0.35324
-0.269867
-0.174179
-0.0708512
0.0390936
0.155129
0.277162
0.405987
0.527081
0.626214
0.696827
0.706211
0.597913
0.423514
0.269618
0.149942
0.0183191
0.0509106
-0.471322
-0.437682
-0.373629
-0.289335
-0.193573
-0.0904022
0.0190108
0.134072
0.254494
0.380507
0.496853
0.588128
0.643305
0.620905
0.460756
0.263217
0.0720172
-0.0965378
-0.285386
-0.304054
-0.493807
-0.459721
-0.394783
-0.309713
-0.213817
-0.110874
-0.00211932
0.111842
0.23039
0.353187
0.464068
0.547351
0.582809
0.523922
0.330216
0.118692
-0.0992623
-0.289025
-0.531275
-0.828464
-0.516583
-0.482493
-0.417019
-0.331467
-0.235389
-0.132621
-0.0244543
0.0883705
0.204935
0.324247
0.429361
0.503981
0.518205
0.408139
0.216619
0.00579019
-0.199206
-0.372059
-0.441883
-0.520914
-0.540605
-0.506451
-0.440681
-0.354904
-0.25878
-0.156281
-0.0487956
0.0627194
0.17698
0.292275
0.391197
0.454613
0.443716
0.299999
0.115664
-0.0761321
-0.239744
-0.333208
-0.357472
-0.373356
-0.566177
-0.531895
-0.465937
-0.380101
-0.284119
-0.182062
-0.075499
0.0344034
0.145942
0.256571
0.348783
0.397942
0.369276
0.199594
0.02422
-0.142501
-0.269753
-0.309147
-0.322036
-0.323351
-0.593497
-0.559
-0.492852
-0.407053
-0.311354
-0.209968
-0.104582
0.0033752
0.11176
0.217142
0.301759
0.336485
0.288031
0.106884
-0.0593741
-0.208619
-0.285428
-0.302605
-0.303913
-0.303711
-0.622626
-0.58783
-0.521449
-0.435757
-0.340501
-0.239986
-0.136046
-0.0303778
0.0744481
0.17407
0.250188
0.273011
0.188418
0.0221566
-0.135598
-0.258621
-0.295626
-0.294028
-0.293125
-0.292512
-0.653278
-0.6182
-0.551624
-0.466125
-0.371472
-0.272061
-0.16986
-0.0668265
0.0340475
0.127475
0.194961
0.200783
0.097598
-0.0565685
-0.195991
-0.272057
-0.282674
-0.28555
-0.286316
-0.28605
-0.6849
-0.649669
-0.58312
-0.497927
-0.40408
-0.306036
-0.205869
-0.105837
-0.00925579
0.0777189
0.136563
0.127275
0.0158167
-0.123465
-0.240009
-0.271831
-0.280363
-0.28195
-0.281827
-0.28158
-0.717025
-0.681681
-0.615486
-0.530767
-0.437979
-0.34159
-0.243798
-0.147121
-0.0551805
0.0255103
0.0740711
0.057715
-0.0597345
-0.178502
-0.270726
-0.286828
-0.2793
-0.278633
-0.278682
-0.27849
-0.748755
-0.713507
-0.647842
-0.56405
-0.472626
-0.378249
-0.283198
-0.190205
-0.103259
-0.0284939
0.0103834
-0.00547571
-0.126295
-0.222978
-0.273478
-0.283923
-0.280569
-0.278484
-0.277589
-0.277268
-0.778515
-0.743969
-0.679218
-0.596851
-0.507254
-0.415318
-0.32342
-0.23442
-0.152692
-0.0837403
-0.0481705
-0.0745386
-0.179415
-0.268534
-0.269857
-0.282583
-0.282471
-0.278401
-0.276684
-0.275953
-0.8047
-0.771238
-0.708479
-0.627981
-0.540823
-0.451865
-0.363606
-0.278936
-0.202381
-0.139383
-0.103309
-0.139117
-0.219301
-0.298643
-0.324691
-0.302512
-0.287688
-0.281279
-0.278914
-0.277755
-0.825174
-0.793443
-0.733559
-0.656013
-0.572047
-0.486746
-0.402679
-0.322744
-0.251271
-0.194128
-0.159759
-0.188826
-0.235845
-0.311645
-0.361068
-0.318778
-0.297914
-0.29347
-0.291297
-0.289712
-0.837688
-0.808671
-0.752537
-0.679063
-0.59941
-0.518627
-0.439433
-0.364649
-0.298384
-0.246718
-0.213588
-0.229009
-0.217319
-0.230187
-0.243769
-0.284396
-0.310532
-0.317657
-0.317074
-0.31733
-0.839578
-0.814635
-0.763439
-0.69529
-0.621195
-0.546067
-0.472506
-0.403397
-0.342669
-0.296452
-0.259003
-0.275303
-0.231507
-0.120095
-0.194783
-0.280624
-0.319661
-0.330569
-0.334645
-0.336848
-0.828641
-0.808563
-0.764059
-0.70306
-0.635878
-0.567524
-0.500476
-0.437607
-0.382972
-0.342392
-0.303233
-0.347232
-0.394126
-0.348605
-0.373688
-0.391706
-0.386914
-0.382667
-0.382001
-0.382374
-0.802852
-0.787752
-0.752561
-0.701083
-0.642392
-0.581874
-0.522023
-0.465641
-0.41746
-0.383083
-0.354037
-0.445482
-0.652163
-0.97659
-0.878021
-0.622362
-0.484704
-0.432274
-0.416632
-0.41206
-0.764683
-0.754952
-0.729684
-0.689464
-0.640623
-0.588724
-0.536162
-0.486041
-0.443129
-0.415896
-0.400028
-0.447083
-0.500769
-0.652695
-0.623557
-0.437971
-0.339591
-0.306074
-0.293659
-0.288407
-0.720766
-0.715267
-0.7002
-0.670904
-0.632406
-0.588662
-0.54289
-0.497704
-0.457685
-0.429785
-0.409551
-0.297204
-0.0386894
0.286806
0.379075
0.204022
0.0108895
-0.0875453
-0.112529
-0.112934
-0.680777
-0.677472
-0.670215
-0.650757
-0.620635
-0.583716
-0.543277
-0.500902
-0.460455
-0.427569
-0.408489
-0.289996
-0.10768
0.141409
0.0915344
-0.189874
-0.324217
-0.3215
-0.295129
-0.309697
-0.651394
-0.649309
-0.645552
-0.633474
-0.609607
-0.577336
-0.539531
-0.497737
-0.45367
-0.416708
-0.395544
-0.416488
-0.630472
-1.16117
-1.68874
-1.96331
-1.97848
-1.78087
-1.59288
-1.48331
-0.628746
-0.627914
-0.626639
-0.620614
-0.602206
-0.572289
-0.534398
-0.489959
-0.441728
-0.389125
-0.353118
-0.387652
-0.66924
-1.059
-1.47255
-1.59645
-1.43599
-1.14756
-0.933875
-0.834164
-0.615629
-0.615313
-0.614707
-0.61196
-0.598483
-0.569445
-0.529016
-0.480727
-0.423231
-0.353236
-0.289651
-0.214642
-0.18754
-0.149097
-0.0560402
0.0941884
0.382734
0.61996
0.7523
0.798484
-0.606869
-0.606599
-0.605831
-0.604788
-0.596765
-0.569279
-0.525956
-0.471722
-0.405154
-0.325841
-0.222849
-0.095261
0.0867147
0.41957
0.838483
1.27462
1.62397
1.83988
1.9355
1.96053
-0.60285
-0.602496
-0.601619
-0.601143
-0.597362
-0.572944
-0.525913
-0.465309
-0.392034
-0.29669
-0.177768
-0.0571204
0.185913
0.615171
1.11213
1.56183
1.89625
2.0802
2.15199
2.16796
-0.602537
-0.603035
-0.604555
-0.606724
-0.6057
-0.580233
-0.529546
-0.464706
-0.38405
-0.282089
-0.164585
-0.039207
0.142288
0.548801
0.97791
1.35948
1.62824
1.76925
1.82141
1.83211
-0.598543
-0.59971
-0.602443
-0.606
-0.605465
-0.582115
-0.535736
-0.470389
-0.385209
-0.280952
-0.166691
-0.0508684
0.0853565
0.398118
0.725933
1.00504
1.19976
1.2982
1.33271
1.33912
-0.606769
-0.605346
-0.594435
-0.573112
-0.558409
-0.565055
-0.545672
-0.482632
-0.393441
-0.287838
-0.181242
-0.0770737
0.0279315
0.243734
0.472512
0.655502
0.780084
0.839268
0.859846
0.863976
-0.655308
-0.650008
-0.63284
-0.604033
-0.590343
-0.601372
-0.582383
-0.505985
-0.406092
-0.297002
-0.198511
-0.111595
-0.028416
0.120618
0.263293
0.367106
0.431687
0.461458
0.476114
0.480081
-0.760227
-0.767429
-0.790546
-0.819386
-0.814427
-0.779951
-0.674033
-0.542225
-0.416435
-0.304627
-0.217657
-0.150014
-0.0900909
0.0145837
0.111314
0.173242
0.206201
0.222398
0.233015
0.23683
-0.88493
-0.908614
-0.954099
-0.985642
-0.978008
-0.914179
-0.743316
-0.563835
-0.418082
-0.304739
-0.228322
-0.180338
-0.14172
-0.057117
0.0159276
0.0647556
0.0920088
0.107839
0.116769
0.119805
-0.876863
-0.897025
-0.934225
-0.961715
-0.953769
-0.877767
-0.703079
-0.530391
-0.390888
-0.288037
-0.225247
-0.193668
-0.170949
-0.0937447
-0.0274352
0.019067
0.0544198
0.0724944
0.0799987
0.0809482
-0.65599
-0.677394
-0.713908
-0.747613
-0.748157
-0.67685
-0.550143
-0.428721
-0.327969
-0.250361
-0.202425
-0.183241
-0.163458
-0.0994158
-0.043604
-0.00275984
0.0270949
0.0435113
0.0493774
0.0499698
-0.310454
-0.323079
-0.347322
-0.376918
-0.393944
-0.379613
-0.341098
-0.291048
-0.242411
-0.196613
-0.162993
-0.143493
-0.120911
-0.0741016
-0.0342393
-0.00405091
0.0187036
0.0317487
0.0369292
0.036585
-0.0186378
-0.024581
-0.0405985
-0.06828
-0.103773
-0.134586
-0.154105
-0.161024
-0.154512
-0.136683
-0.114348
-0.0896867
-0.0611421
-0.0368436
-0.0160475
0.00110681
0.0140905
0.0224251
0.0250616
0.0243302
0.137987
0.134725
0.12349
0.0983955
0.0581867
0.00974144
-0.0334397
-0.0650997
-0.0813687
-0.081464
-0.0667222
-0.0428323
-0.0177863
-0.00776127
-0.000762968
0.00786268
0.0157328
0.02095
0.0222123
0.0209713
0.184604
0.182837
0.174839
0.154928
0.120647
0.0770348
0.0330473
-0.00432949
-0.0292631
-0.0382106
-0.0294498
-0.0105346
0.00537398
0.00654935
0.00738691
0.0110684
0.0164108
0.0185904
0.0182264
0.0165638
0.178268
0.177041
0.171488
0.157409
0.13263
0.0997274
0.0635199
0.029893
0.00420194
-0.00863378
-0.00534871
0.00564755
0.0119889
0.00758013
0.00536978
0.00469069
0.0050458
0.00322713
0.00155297
0.000299526
0.152771
0.151995
0.148374
0.13905
0.12222
0.0989088
0.0715356
0.0444234
0.021825
0.00858972
0.00862264
0.0141669
0.0143405
0.00502092
-0.00130879
-0.00658541
-0.0116576
-0.016472
-0.0193025
-0.0199717
0.123351
0.122906
0.120625
0.114616
0.103464
0.0873938
0.0675091
0.0465196
0.0276835
0.0153969
0.0146924
0.0206016
0.0196939
0.00753565
-0.00533055
-0.0149392
-0.023092
-0.0298934
-0.0323751
-0.0326966
0.0955644
0.095286
0.0938905
0.0900343
0.0826659
0.0716277
0.0572769
0.0410856
0.0252472
0.0130361
0.0106043
0.0180076
0.0215162
0.00379452
-0.0117242
-0.0221337
-0.0300421
-0.0346518
-0.0361128
-0.0364939
0.0712451
0.0710663
0.0701403
0.0676509
0.0627201
0.0550193
0.0444328
0.0315474
0.0172635
0.00306402
-0.00626029
-0.00628563
-0.00526665
-0.0201374
-0.0303125
-0.0349359
-0.0378426
-0.0386495
-0.0391834
-0.0397923
0.0506667
0.0505697
0.0499566
0.0483255
0.0450426
0.0395888
0.0316017
0.0208936
0.00699496
-0.0115498
-0.0344598
-0.0567063
-0.0676446
-0.0697911
-0.0637441
-0.0566694
-0.0528269
-0.0509752
-0.0508465
-0.0514227
0.0337629
0.0336911
0.0332811
0.0322683
0.0301127
0.0263286
0.0202658
0.0113968
-0.00223766
-0.0245258
-0.0625922
-0.11509
-0.140856
-0.124606
-0.0981546
-0.0806576
-0.0721478
-0.0695894
-0.0688373
-0.0689752
0.0202963
0.0202452
0.020008
0.019419
0.0181265
0.0156807
0.0115647
0.00490211
-0.00677696
-0.0293197
-0.0729129
-0.140259
-0.16751
-0.135733
-0.103579
-0.0876492
-0.0820062
-0.080631
-0.0794322
-0.0789236
0.00981799
0.00979784
0.00970256
0.00944927
0.00883319
0.00757025
0.0051731
0.000936368
-0.00642469
-0.0217674
-0.0548922
-0.10745
-0.120259
-0.0928067
-0.0715089
-0.0656198
-0.0658302
-0.0660941
-0.0647981
-0.0638886
0.00161072
0.0016408
0.00160877
0.00163456
0.00178296
0.00178658
0.00152357
0.000892795
-0.000199975
-0.00228642
-0.00762441
-0.019121
-0.026877
-0.023005
-0.0223473
-0.021481
-0.0207355
-0.0192334
-0.0173642
-0.0160916
-0.0576355
0.108955
0.303295
0.472879
0.608191
0.714522
0.802324
0.877116
0.911295
0.88804
0.243967
0.364371
0.493857
0.605673
0.69981
0.777619
0.840612
0.885366
0.907771
0.919903
0.462045
0.544591
0.633073
0.711148
0.778259
0.8344
0.879062
0.911714
0.935349
0.953368
0.622331
0.681425
0.742774
0.79968
0.849141
0.891156
0.925685
0.95325
0.975987
0.994309
0.747396
0.790357
0.836187
0.87985
0.918436
0.95215
0.981022
1.00507
1.02542
1.04327
0.851481
0.884268
0.922291
0.957747
0.990305
1.0195
1.04502
1.06649
1.08432
1.10167
0.943881
0.972524
1.00643
1.03852
1.06843
1.09557
1.11929
1.13899
1.15449
1.17156
1.03238
1.06155
1.09553
1.12754
1.15712
1.18368
1.20653
1.22501
1.23837
1.2554
1.12764
1.16083
1.19745
1.23101
1.26104
1.28722
1.30916
1.32643
1.33829
1.35569
1.2426
1.28042
1.31905
1.35328
1.38262
1.40736
1.42772
1.44361
1.45507
1.47314
1.38753
1.42606
1.46219
1.49287
1.51855
1.54064
1.55969
1.57521
1.58764
1.60563
1.56259
1.59421
1.62038
1.64283
1.6628
1.68152
1.69923
1.71571
1.73105
1.74912
1.7512
1.7684
1.78343
1.79966
1.81556
1.83009
1.84329
1.85722
1.87476
1.89491
1.93291
1.94245
1.95399
1.96479
1.97408
1.98366
1.99444
2.00581
2.01717
2.03252
2.14014
2.1438
2.12886
2.11405
2.10777
2.11345
2.13192
2.16223
2.19441
2.22107
2.44646
2.3116
2.23496
2.19257
2.17515
2.17912
2.20651
2.26293
2.36555
2.58991
0.755525
0.753397
0.748914
0.740291
0.728068
0.715942
0.705717
0.697829
0.692221
0.68898
0.688641
0.691394
0.69651
0.703741
0.713134
0.724677
0.73733
0.748366
0.754479
0.757533
0.679975
0.685822
0.692156
0.69665
0.699122
0.6988
0.696067
0.692263
0.688763
0.686517
0.686387
0.6886
0.692275
0.696572
0.700384
0.702271
0.701337
0.697857
0.692695
0.686074
0.671543
0.673839
0.677244
0.680241
0.682318
0.683817
0.684577
0.684268
0.683253
0.682385
0.682578
0.684022
0.685849
0.687163
0.687349
0.686463
0.684916
0.682582
0.67932
0.6764
0.666022
0.667108
0.668942
0.671321
0.673347
0.674778
0.675804
0.676563
0.676977
0.677216
0.677727
0.678552
0.679163
0.679238
0.678832
0.677988
0.676522
0.67444
0.672355
0.670973
0.660806
0.661469
0.662577
0.664283
0.666067
0.667702
0.669004
0.670028
0.670924
0.671733
0.672485
0.673057
0.673264
0.673108
0.672548
0.671498
0.670074
0.668533
0.667217
0.666438
0.655814
0.656274
0.65706
0.65836
0.659849
0.66137
0.662841
0.664148
0.665299
0.666376
0.667317
0.667907
0.668069
0.667807
0.667117
0.666134
0.665013
0.663884
0.662971
0.662454
0.650964
0.651308
0.65192
0.652989
0.654285
0.655663
0.657108
0.658564
0.659954
0.661257
0.662397
0.663114
0.663311
0.663049
0.66246
0.661691
0.660846
0.659984
0.659314
0.658936
0.646204
0.646471
0.646965
0.647875
0.649046
0.650347
0.651748
0.653248
0.654806
0.656352
0.657734
0.658633
0.658957
0.658853
0.658473
0.657922
0.657281
0.656647
0.656158
0.65587
0.64145
0.641662
0.642073
0.642872
0.643964
0.645216
0.646609
0.648156
0.649847
0.651632
0.653302
0.654465
0.65503
0.655168
0.655018
0.654688
0.654255
0.653813
0.653464
0.653239
0.636615
0.636786
0.637137
0.637864
0.638909
0.640141
0.641561
0.643193
0.645042
0.647083
0.649098
0.650619
0.651508
0.651934
0.652036
0.651937
0.651716
0.651447
0.651214
0.651035
0.63161
0.631748
0.632058
0.63274
0.633769
0.635024
0.636512
0.63827
0.64033
0.642683
0.64512
0.647087
0.648365
0.649125
0.649514
0.64966
0.649649
0.649549
0.649415
0.64927
0.626345
0.626457
0.626739
0.627401
0.628448
0.629774
0.631372
0.633311
0.635649
0.638398
0.641354
0.643857
0.645594
0.64674
0.647455
0.647867
0.648073
0.648143
0.648096
0.647978
0.620726
0.620814
0.62108
0.621748
0.622849
0.624286
0.62605
0.628238
0.630932
0.634181
0.637775
0.640922
0.643202
0.644795
0.645876
0.646602
0.647052
0.647279
0.647307
0.647211
0.614642
0.61471
0.614969
0.615664
0.616858
0.618453
0.620447
0.622963
0.626112
0.629986
0.634358
0.638279
0.641204
0.643323
0.644824
0.645899
0.646617
0.647017
0.647118
0.647039
0.607966
0.608013
0.608275
0.60902
0.610346
0.612156
0.614453
0.617388
0.621114
0.62576
0.631079
0.635931
0.639622
0.642363
0.644358
0.645821
0.646852
0.647438
0.64761
0.647545
0.600542
0.600572
0.600838
0.601657
0.60316
0.60525
0.607935
0.611404
0.61585
0.621446
0.627916
0.633885
0.638487
0.641959
0.644541
0.64647
0.647851
0.648637
0.64888
0.648825
0.592176
0.592191
0.592461
0.593376
0.595115
0.59755
0.600734
0.604879
0.610225
0.61699
0.624854
0.632158
0.63784
0.642172
0.645445
0.647932
0.649713
0.650717
0.651032
0.650985
0.582559
0.582545
0.582874
0.583932
0.585953
0.588845
0.592665
0.597661
0.60413
0.612334
0.621887
0.630778
0.637733
0.643078
0.647161
0.650302
0.652542
0.653788
0.654175
0.654132
0.571402
0.571363
0.571737
0.572989
0.575383
0.578862
0.583492
0.589567
0.597445
0.607423
0.619011
0.629782
0.638226
0.644756
0.649792
0.653679
0.656452
0.657956
0.658413
0.65837
0.558222
0.558157
0.55861
0.560115
0.562994
0.567241
0.572919
0.580379
0.590033
0.602197
0.616228
0.62921
0.63938
0.647278
0.653422
0.658173
0.661538
0.663311
0.663831
0.663782
0.542371
0.542277
0.542855
0.544712
0.548243
0.553516
0.560585
0.569855
0.581774
0.596638
0.613584
0.629133
0.641275
0.650725
0.658134
0.663856
0.667868
0.669908
0.670476
0.670416
0.522911
0.52279
0.52357
0.525942
0.53039
0.537088
0.546058
0.557739
0.572573
0.590768
0.611158
0.629636
0.643994
0.655176
0.663969
0.67078
0.675463
0.677744
0.678337
0.678258
0.498424
0.498286
0.4994
0.502572
0.508407
0.517193
0.528858
0.543821
0.562419
0.584687
0.609084
0.630839
0.647618
0.660687
0.670966
0.678948
0.684272
0.686734
0.687315
0.687208
0.466604
0.466488
0.468213
0.47277
0.480907
0.492939
0.508555
0.52802
0.551432
0.578595
0.607552
0.632884
0.652231
0.667288
0.679143
0.688281
0.69414
0.696675
0.697198
0.697058
0.4233
0.423346
0.426415
0.433854
0.446257
0.463585
0.485052
0.510584
0.539994
0.572865
0.606853
0.635948
0.657931
0.674998
0.688402
0.698622
0.704788
0.707231
0.707646
0.707472
0.360745
0.361947
0.369446
0.383317
0.40351
0.429262
0.458962
0.492219
0.528728
0.567967
0.607268
0.640181
0.664755
0.683756
0.698582
0.709583
0.715772
0.717885
0.718133
0.717936
0.286575
0.288335
0.302685
0.326498
0.357611
0.39331
0.431996
0.473488
0.517597
0.56384
0.609284
0.646904
0.674814
0.696252
0.712764
0.724526
0.730559
0.732409
0.732619
0.732516
0.21005
0.21623
0.237421
0.271467
0.312976
0.358326
0.405955
0.455731
0.507532
0.560906
0.612673
0.655143
0.686471
0.710436
0.728828
0.741096
0.746573
0.747954
0.748094
0.74806
0.147449
0.155933
0.181686
0.22274
0.272396
0.325984
0.381684
0.439221
0.498366
0.558599
0.616424
0.663475
0.697979
0.724176
0.743804
0.756352
0.761723
0.762938
0.76309
0.763114
0.096536
0.105615
0.134914
0.181203
0.23701
0.29724
0.359766
0.42415
0.489995
0.55666
0.620241
0.671645
0.709122
0.737393
0.758373
0.771425
0.776618
0.778024
0.778273
0.778338
0.0539335
0.0632935
0.0950386
0.145321
0.206177
0.271917
0.340234
0.410618
0.482507
0.555115
0.624114
0.679666
0.719999
0.750315
0.77264
0.786269
0.791855
0.793489
0.79376
0.79385
0.0172792
0.0267486
0.0603298
0.113813
0.178844
0.249289
0.322659
0.398357
0.475714
0.553813
0.627923
0.687439
0.730535
0.762827
0.786464
0.800996
0.807043
0.808835
0.809133
0.809212
-0.0151002
-0.00559643
0.0293937
0.0855803
0.154109
0.228609
0.306445
0.386927
0.469305
0.552537
0.631499
0.694814
0.740564
0.774746
0.799675
0.815009
0.821577
0.823542
0.823855
0.823923
-0.0444887
-0.0349472
0.00119898
0.0597177
0.131245
0.209295
0.291108
0.375938
0.462955
0.55102
0.63462
0.701593
0.749885
0.785843
0.811991
0.828074
0.835154
0.837246
0.837567
0.8376
-0.0717653
-0.0621792
-0.0250215
0.0355127
0.109711
0.190907
0.276276
0.36506
0.456382
0.549026
0.637113
0.707649
0.758392
0.796035
0.823262
0.839959
0.847476
0.849686
0.850007
0.850019
-0.097496
-0.087851
-0.049744
0.0124918
0.0890972
0.173096
0.261669
0.354061
0.449388
0.546394
0.638857
0.712916
0.766054
0.8053
0.833482
0.850656
0.858404
0.860717
0.861038
0.861024
-0.122179
-0.112383
-0.0734215
-0.00962461
0.0691262
0.155628
0.247093
0.342784
0.44184
0.542999
0.639757
0.717362
0.772906
0.813679
0.84272
0.860251
0.868094
0.870403
0.870725
0.870684
-0.14607
-0.136059
-0.096356
-0.0310402
0.0496149
0.138348
0.232423
0.331125
0.433637
0.538756
0.639753
0.720972
0.779002
0.821313
0.851099
0.868829
0.876658
0.878935
0.879226
0.879166
-0.169278
-0.159063
-0.118593
-0.0519028
0.030446
0.121181
0.217594
0.319025
0.424729
0.533598
0.638785
0.723744
0.784407
0.828333
0.858801
0.876606
0.884315
0.886499
0.886741
0.886652
-0.191976
-0.181466
-0.14025
-0.0722952
0.0115652
0.104082
0.202581
0.306474
0.415101
0.527499
0.6368
0.725655
0.789189
0.834896
0.866025
0.883743
0.891199
0.893219
0.893397
0.893287
-0.214122
-0.203345
-0.16141
-0.092264
-0.00703828
0.0870566
0.187411
0.293496
0.404769
0.52044
0.633751
0.726656
0.793391
0.841142
0.872955
0.890413
0.897419
0.899178
0.899258
0.899123
-0.235783
-0.224707
-0.182007
-0.111797
-0.0253507
0.0701318
0.172116
0.280145
0.393776
0.512438
0.629594
0.726677
0.796996
0.847186
0.879837
0.896849
0.903094
0.904426
0.90439
0.904241
-0.256795
-0.245489
-0.202039
-0.130858
-0.0433315
0.0533732
0.156759
0.266484
0.38219
0.503544
0.6243
0.725631
0.79993
0.853083
0.886957
0.903451
0.90854
0.909108
0.908866
0.908718
-0.277299
-0.265653
-0.221498
-0.149433
-0.0609524
0.0368159
0.141426
0.252591
0.370094
0.493829
0.617872
0.723413
0.802045
0.858772
0.894546
0.910822
0.914419
0.913561
0.912775
0.912631
-0.297132
-0.285178
-0.240357
-0.167479
-0.0781385
0.0205417
0.126196
0.238584
0.357594
0.483355
0.610343
0.719913
0.803137
0.864032
0.902585
0.919618
0.922062
0.91901
0.916598
0.915732
-0.316359
-0.304106
-0.258564
-0.18495
-0.0948559
0.00461769
0.111151
0.224538
0.344799
0.472254
0.601778
0.715023
0.802965
0.868477
0.91057
0.929952
0.93302
0.928463
0.922007
0.913762
-0.334896
-0.322398
-0.276214
-0.201999
-0.111311
-0.0112231
0.0959648
0.210068
0.331274
0.460042
0.591663
0.708208
0.801058
0.871787
0.917876
0.941181
0.947672
0.943197
0.932665
0.927606
-0.352698
-0.339975
-0.293289
-0.218601
-0.127511
-0.0269747
0.0806481
0.195151
0.316972
0.446595
0.579794
0.699071
0.796617
0.87317
0.922529
0.949072
0.957894
0.957068
0.919145
0.867329
-0.369477
-0.35606
-0.309643
-0.234686
-0.143558
-0.0427946
0.0651457
0.179901
0.301943
0.431965
0.566083
0.687347
0.788503
0.871989
0.922243
0.944754
0.953064
0.933564
0.876836
0.814764
-0.385552
-0.371259
-0.325169
-0.249561
-0.158944
-0.0582261
0.0492351
0.164369
0.286332
0.416318
0.550549
0.672777
0.775448
0.868683
0.914484
0.951078
0.913669
0.863406
0.791476
0.724367
-0.371496
-0.353365
-0.303003
-0.223078
-0.126145
-0.0225323
0.090301
0.208273
0.333507
0.467614
0.596844
0.707964
0.803408
0.900852
0.933523
0.850177
0.796005
0.72768
0.653336
0.604741
-0.395703
-0.379347
-0.343315
-0.272735
-0.182523
-0.0830067
0.0247744
0.139339
0.260672
0.389634
0.522431
0.643588
0.744778
0.83016
0.904057
0.889416
0.762359
0.67465
0.608992
0.525731
-0.415343
-0.399742
-0.358101
-0.286194
-0.195472
-0.0963579
0.010332
0.123988
0.244391
0.372008
0.503261
0.62253
0.720641
0.794491
0.820064
0.737406
0.593605
0.49498
0.417973
0.329775
-0.435494
-0.422968
-0.37683
-0.303849
-0.213045
-0.113461
-0.00680548
0.106561
0.226087
0.352237
0.480722
0.59548
0.684149
0.743971
0.719354
0.583998
0.429283
0.309874
0.21055
0.0746447
-0.458784
-0.445865
-0.397616
-0.323422
-0.23247
-0.132771
-0.0262533
0.0865484
0.204985
0.329256
0.454322
0.563445
0.642611
0.681124
0.620262
0.434938
0.252212
0.0985179
-0.0423637
-0.238636
-0.481088
-0.4685
-0.419088
-0.3436
-0.252233
-0.152595
-0.0464859
0.0654682
0.182546
0.304524
0.425672
0.52831
0.599969
0.602601
0.492093
0.293253
0.0799047
-0.120129
-0.294901
-0.684487
-0.503496
-0.491247
-0.441326
-0.36491
-0.273192
-0.173542
-0.0678561
0.0432196
0.158803
0.278208
0.395004
0.490316
0.550114
0.520046
0.367759
0.166943
-0.0502718
-0.26139
-0.43992
-0.71335
-0.526849
-0.514738
-0.464585
-0.387604
-0.295657
-0.195986
-0.0906858
0.0195241
0.133537
0.250159
0.36227
0.449823
0.494297
0.447224
0.256602
0.0629335
-0.134379
-0.301107
-0.373283
-0.41213
-0.551637
-0.539649
-0.489251
-0.411971
-0.319996
-0.220489
-0.115735
-0.00662955
0.105473
0.2188
0.32553
0.404676
0.43246
0.350147
0.157696
-0.0238461
-0.188184
-0.294516
-0.332407
-0.341515
-0.578068
-0.566091
-0.515495
-0.43803
-0.346156
-0.247005
-0.143023
-0.0352938
0.0745198
0.18403
0.28464
0.355209
0.35621
0.244451
0.0673339
-0.10036
-0.239621
-0.295086
-0.307159
-0.312036
-0.606336
-0.594263
-0.5434
-0.4658
-0.374137
-0.275537
-0.172555
-0.0665105
0.0406424
0.145884
0.239669
0.300829
0.277091
0.145742
-0.0166512
-0.174076
-0.273156
-0.302018
-0.298152
-0.298185
-0.636147
-0.624264
-0.572932
-0.495246
-0.403904
-0.30604
-0.204318
-0.100265
0.00385795
0.104384
0.190909
0.240421
0.207723
0.0550892
-0.0927138
-0.2304
-0.2711
-0.28372
-0.288765
-0.289023
-0.667345
-0.65546
-0.603876
-0.5262
-0.435324
-0.33841
-0.238218
-0.136478
-0.0357711
0.059708
0.138592
0.177082
0.13812
-0.0224205
-0.159415
-0.254449
-0.299457
-0.28684
-0.284196
-0.28396
-0.699409
-0.6875
-0.635912
-0.558332
-0.468108
-0.372399
-0.274027
-0.174939
-0.078032
0.0122073
0.0831699
0.11314
0.0531968
-0.0902868
-0.212809
-0.262584
-0.278676
-0.280064
-0.280398
-0.280257
-0.731597
-0.719735
-0.668207
-0.591088
-0.501797
-0.407589
-0.311385
-0.215294
-0.122544
-0.0377402
0.0259664
0.0416022
-0.0272483
-0.149327
-0.245817
-0.268525
-0.274689
-0.278247
-0.278187
-0.278108
-0.76266
-0.751243
-0.699882
-0.623736
-0.535691
-0.443366
-0.349724
-0.256993
-0.168671
-0.0896275
-0.0311447
-0.0286775
-0.0961244
-0.202472
-0.271669
-0.31793
-0.291672
-0.280724
-0.277586
-0.276819
-0.791128
-0.78021
-0.729863
-0.654927
-0.568838
-0.478881
-0.388274
-0.299304
-0.215588
-0.142448
-0.0879871
-0.0898777
-0.156425
-0.242725
-0.302336
-0.287513
-0.285437
-0.28114
-0.278112
-0.276938
-0.815295
-0.805069
-0.756218
-0.683471
-0.599985
-0.513023
-0.426032
-0.341291
-0.262351
-0.194826
-0.145232
-0.14292
-0.200763
-0.267939
-0.331461
-0.32091
-0.299855
-0.28868
-0.283999
-0.282304
-0.832782
-0.823481
-0.776961
-0.707427
-0.627605
-0.54453
-0.461799
-0.381817
-0.307938
-0.245683
-0.201048
-0.191306
-0.226591
-0.25067
-0.27269
-0.297187
-0.303496
-0.306176
-0.305325
-0.303241
-0.841527
-0.833037
-0.789985
-0.724856
-0.649894
-0.571847
-0.49427
-0.419575
-0.351211
-0.294083
-0.252662
-0.236999
-0.244301
-0.168503
-0.171755
-0.242402
-0.299626
-0.32185
-0.325943
-0.326315
-0.83711
-0.830182
-0.793597
-0.733845
-0.665115
-0.593389
-0.521958
-0.453288
-0.390844
-0.339029
-0.302341
-0.286671
-0.306055
-0.233086
-0.193233
-0.281132
-0.332043
-0.347591
-0.352639
-0.355088
-0.818239
-0.813503
-0.784813
-0.733003
-0.671924
-0.607793
-0.543497
-0.481477
-0.425292
-0.380006
-0.350578
-0.356363
-0.451381
-0.615377
-0.64848
-0.561401
-0.477038
-0.43149
-0.416645
-0.412009
-0.785386
-0.781977
-0.762501
-0.721334
-0.669768
-0.614374
-0.557874
-0.50277
-0.452688
-0.413995
-0.393509
-0.416535
-0.549252
-0.851712
-0.994492
-0.740041
-0.519738
-0.42162
-0.38859
-0.37751
-0.743127
-0.740971
-0.729883
-0.700897
-0.659674
-0.613488
-0.564883
-0.516132
-0.471122
-0.436143
-0.422231
-0.400406
-0.314062
-0.14894
-0.0985749
-0.0936089
-0.129239
-0.169809
-0.181285
-0.183039
-0.699971
-0.698706
-0.693176
-0.676032
-0.645191
-0.606869
-0.565349
-0.521751
-0.479358
-0.4435
-0.422653
-0.359692
-0.130688
0.209735
0.513814
0.418172
0.178164
-0.00834331
-0.0859614
-0.111155
-0.664752
-0.664092
-0.661295
-0.651288
-0.629414
-0.598177
-0.561519
-0.520912
-0.478626
-0.439373
-0.411495
-0.376381
-0.338372
-0.408885
-0.64193
-1.01041
-1.23833
-1.24156
-1.09522
-0.971173
-0.639145
-0.638391
-0.636843
-0.632763
-0.617519
-0.591041
-0.556232
-0.516042
-0.471893
-0.424448
-0.390031
-0.368626
-0.558802
-1.00378
-1.60485
-1.95432
-1.99241
-1.80559
-1.54382
-1.35045
-0.621492
-0.621203
-0.620524
-0.618582
-0.609917
-0.58661
-0.551896
-0.509645
-0.459497
-0.403483
-0.34222
-0.290381
-0.352355
-0.523572
-0.708644
-0.796214
-0.670052
-0.40423
-0.180447
-0.0437891
-0.610781
-0.610711
-0.610305
-0.609501
-0.605279
-0.585295
-0.549534
-0.502712
-0.446344
-0.379523
-0.2959
-0.218749
-0.0847929
0.0819557
0.342306
0.631545
0.972284
1.25297
1.41667
1.48659
-0.604194
-0.604068
-0.603422
-0.602444
-0.600917
-0.586754
-0.550179
-0.498189
-0.435292
-0.35632
-0.257216
-0.139628
0.0236398
0.332151
0.801683
1.28696
1.70179
1.97947
2.11331
2.15651
-0.602692
-0.602631
-0.602504
-0.60231
-0.602109
-0.593136
-0.554193
-0.497437
-0.427189
-0.340409
-0.231408
-0.103109
0.0457337
0.370878
0.842736
1.29597
1.66645
1.89741
2.00348
2.03421
-0.60066
-0.601382
-0.603371
-0.607427
-0.611379
-0.601191
-0.559847
-0.501146
-0.427417
-0.335404
-0.224394
-0.101562
0.0118467
0.276574
0.673266
1.02951
1.31871
1.49089
1.56698
1.58793
-0.598159
-0.599284
-0.59885
-0.595201
-0.591091
-0.584464
-0.559926
-0.51066
-0.434845
-0.337498
-0.228743
-0.117386
-0.0143558
0.17128
0.463986
0.718165
0.915734
1.03142
1.07976
1.09263
-0.625675
-0.62487
-0.614736
-0.585699
-0.55344
-0.55348
-0.569601
-0.530592
-0.448561
-0.346764
-0.241611
-0.140536
-0.0495192
0.0822139
0.272758
0.434835
0.553755
0.619373
0.646714
0.656934
-0.701316
-0.697024
-0.696224
-0.693033
-0.692963
-0.684168
-0.664648
-0.575463
-0.467826
-0.355641
-0.253404
-0.168803
-0.0982642
-0.00130253
0.127995
0.225636
0.284654
0.314956
0.329004
0.337362
-0.832947
-0.834536
-0.864281
-0.911461
-0.928221
-0.900945
-0.799338
-0.635623
-0.484455
-0.360383
-0.261819
-0.192637
-0.14428
-0.0740536
0.0161756
0.0855374
0.126745
0.14591
0.158022
0.164322
-0.904421
-0.914682
-0.949284
-0.986281
-0.999664
-0.965532
-0.838535
-0.643555
-0.476533
-0.349208
-0.259219
-0.207509
-0.178137
-0.119726
-0.0417852
0.0164467
0.054476
0.0766284
0.0905086
0.0956716
-0.788786
-0.798272
-0.830636
-0.867182
-0.884129
-0.848076
-0.718135
-0.558872
-0.420469
-0.313677
-0.240146
-0.201473
-0.183593
-0.133498
-0.0676183
-0.013807
0.0250491
0.0499766
0.0609348
0.0641302
-0.48307
-0.493557
-0.518437
-0.552079
-0.576234
-0.562575
-0.491806
-0.403849
-0.321919
-0.253822
-0.202165
-0.173603
-0.161328
-0.116412
-0.0637341
-0.0225522
0.00900825
0.0306983
0.0417996
0.0434327
-0.147014
-0.15263
-0.16657
-0.191259
-0.221799
-0.240448
-0.243841
-0.232736
-0.211215
-0.182632
-0.15233
-0.127706
-0.107787
-0.0724849
-0.0385297
-0.012429
0.00749828
0.0214081
0.028152
0.029953
0.0780849
0.0753116
0.0673586
0.0476842
0.0142667
-0.0297363
-0.0701121
-0.0989727
-0.11382
-0.113395
-0.0999572
-0.0787551
-0.0517049
-0.029597
-0.0140815
-0.00160638
0.00994356
0.0187715
0.0229869
0.0229767
0.17113
0.170026
0.165261
0.149873
0.119166
0.0747512
0.0273407
-0.0145097
-0.0438467
-0.0578086
-0.054159
-0.0356708
-0.0136492
-0.00143357
0.00248874
0.00847776
0.0140602
0.0190744
0.0212126
0.0202875
0.185895
0.185023
0.181601
0.17033
0.147032
0.11218
0.0719739
0.0326043
0.000948449
-0.0181733
-0.0207428
-0.00895363
0.00666175
0.0102312
0.00728366
0.00735246
0.0101303
0.0123723
0.0121433
0.0106965
0.166826
0.166369
0.164074
0.156475
0.140462
0.115846
0.0855806
0.0538459
0.025813
0.0062744
0.000332808
0.0065247
0.013703
0.00969395
0.00330122
0.000766332
-0.00162595
-0.00480467
-0.0084281
-0.00989813
0.138121
0.137939
0.136478
0.131575
0.121023
0.104275
0.0825648
0.058408
0.0355037
0.0181353
0.0115545
0.0156187
0.0195842
0.0120812
0.000862347
-0.0076873
-0.0151202
-0.0218276
-0.0263761
-0.0274643
0.109016
0.10901
0.108128
0.105024
0.0981722
0.0869289
0.0716763
0.0537657
0.0355165
0.0201503
0.0133831
0.0177033
0.0241311
0.0162109
-0.000830058
-0.0132234
-0.0228234
-0.0300981
-0.0342937
-0.0350912
0.0828758
0.0829259
0.0823232
0.0803417
0.0758697
0.0682598
0.0574559
0.0440039
0.0290309
0.0145624
0.00515571
0.00588727
0.0132526
0.00597177
-0.0124797
-0.0240892
-0.0307537
-0.0350369
-0.0367505
-0.0373331
0.0603898
0.0604717
0.0600812
0.058787
0.0558559
0.0506242
0.0428269
0.032386
0.0194427
0.00424671
-0.01193
-0.0249395
-0.0300688
-0.0367222
-0.0445006
-0.046059
-0.0449455
-0.0438792
-0.0435351
-0.043998
0.041688
0.0417674
0.0415128
0.0406942
0.0387728
0.0352169
0.0294943
0.021176
0.00951539
-0.00714905
-0.0327318
-0.0682854
-0.101799
-0.105446
-0.0908032
-0.0759136
-0.0661527
-0.061159
-0.0598066
-0.0598329
0.0265711
0.0266371
0.0264708
0.0259526
0.0247722
0.022454
0.0184754
0.0121191
0.00211846
-0.01499
-0.0466766
-0.102155
-0.156405
-0.153747
-0.120328
-0.0943399
-0.0825409
-0.0779451
-0.0764869
-0.0758301
0.014686
0.0147383
0.0146338
0.0143722
0.0137424
0.0124116
0.00988322
0.00549876
-0.00169866
-0.0151031
-0.0439611
-0.0975552
-0.151956
-0.138355
-0.104887
-0.0851813
-0.0780683
-0.0777921
-0.0769979
-0.0756766
0.00163847
0.00162273
0.00160902
0.00170313
0.00181673
0.00169601
0.00125696
0.000417499
-0.000972871
-0.00433716
-0.0126358
-0.0255067
-0.025699
-0.024221
-0.0216838
-0.0215643
-0.0204096
-0.0182158
-0.0167343
-0.0441458
-1.09143
-0.41403
0.0355471
0.294304
0.480232
0.622464
0.732566
0.821624
0.917386
1.00903
-0.0437191
0.150692
0.32809
0.477472
0.602225
0.703743
0.786305
0.853941
0.895978
0.899786
0.288091
0.40321
0.515966
0.616247
0.702394
0.774959
0.834389
0.87958
0.908694
0.92625
0.497856
0.57614
0.653764
0.72476
0.786616
0.839435
0.882927
0.917075
0.943083
0.962113
0.651701
0.704783
0.763521
0.8164
0.862715
0.903035
0.937285
0.965731
0.989041
1.006
0.773425
0.814111
0.859666
0.899626
0.936711
0.969825
0.998841
1.02366
1.04443
1.05865
0.875777
0.9101
0.946974
0.981068
1.01316
1.04264
1.06888
1.0914
1.11001
1.12172
0.968711
0.999651
1.03349
1.06598
1.09661
1.12487
1.14991
1.17112
1.18803
1.19755
1.05949
1.09196
1.12718
1.16111
1.19233
1.22055
1.24506
1.26532
1.28075
1.28895
1.1613
1.19876
1.23698
1.27318
1.30517
1.33299
1.35639
1.37535
1.38947
1.39795
1.28813
1.33046
1.36961
1.40543
1.4358
1.46144
1.48296
1.50056
1.51405
1.52421
1.44959
1.49102
1.5247
1.55423
1.57873
1.60023
1.6198
1.63721
1.65194
1.66462
1.63996
1.67074
1.69196
1.71108
1.72912
1.74634
1.76253
1.77835
1.79485
1.81177
1.83778
1.84917
1.86021
1.87429
1.88856
1.9014
1.91275
1.9236
1.9365
1.95337
2.02357
2.03347
2.04211
2.04455
2.04541
2.04967
2.06045
2.07639
2.09401
2.0986
2.3246
2.26919
2.21836
2.17811
2.15572
2.15166
2.16516
2.19896
2.25539
2.33095
0.89774
0.839047
0.796567
0.762709
0.738053
0.720501
0.707994
0.69907
0.692964
0.68949
0.689112
0.691982
0.697429
0.705372
0.716298
0.731354
0.752367
0.781464
0.820228
0.868055
0.69929
0.708048
0.713582
0.714404
0.710921
0.704877
0.698444
0.692976
0.689142
0.687499
0.688681
0.692284
0.69757
0.704051
0.710822
0.716095
0.717723
0.714489
0.707152
0.699484
0.676319
0.67835
0.682954
0.686466
0.688977
0.690404
0.690116
0.68838
0.686193
0.684628
0.684652
0.686487
0.689215
0.691844
0.69333
0.692997
0.691146
0.688349
0.684302
0.67992
0.669402
0.670268
0.672752
0.675466
0.677476
0.678836
0.67982
0.680271
0.68013
0.679882
0.680241
0.681334
0.682437
0.682924
0.682625
0.681785
0.68038
0.678145
0.67551
0.673545
0.663741
0.664203
0.665599
0.66762
0.669559
0.671134
0.672276
0.673173
0.673895
0.674478
0.675119
0.675772
0.676104
0.676018
0.675554
0.674597
0.673097
0.671276
0.669633
0.668618
0.658546
0.658833
0.659751
0.66122
0.662845
0.664447
0.66587
0.667042
0.668067
0.669026
0.669875
0.670434
0.6706
0.670387
0.669737
0.668683
0.667401
0.666091
0.665009
0.664385
0.653565
0.653767
0.654455
0.655627
0.657009
0.658451
0.659922
0.661325
0.6626
0.663787
0.664823
0.66547
0.665641
0.665357
0.664696
0.663816
0.662843
0.661853
0.661073
0.660634
0.648726
0.648878
0.649425
0.650407
0.651635
0.652971
0.654392
0.655875
0.657357
0.658781
0.660035
0.660836
0.66108
0.660882
0.660393
0.659734
0.658992
0.658246
0.657673
0.657345
0.643947
0.644067
0.644514
0.645363
0.646491
0.647767
0.649162
0.650681
0.652305
0.65397
0.655489
0.656509
0.65694
0.65695
0.656685
0.656244
0.655703
0.655165
0.654751
0.654497
0.639139
0.639236
0.639614
0.640372
0.641437
0.642677
0.644082
0.645666
0.64743
0.649337
0.651171
0.652502
0.65322
0.653495
0.65347
0.653254
0.652923
0.652567
0.65228
0.652079
0.63421
0.63429
0.634618
0.635318
0.636352
0.637593
0.639044
0.640733
0.642679
0.644866
0.647081
0.648815
0.649889
0.650474
0.65072
0.650738
0.650619
0.650433
0.650252
0.650091
0.629071
0.629137
0.629431
0.630098
0.631132
0.632421
0.633962
0.635802
0.637991
0.640529
0.643212
0.645435
0.646931
0.647876
0.648429
0.648702
0.648798
0.648776
0.648686
0.648557
0.623627
0.623683
0.623955
0.624615
0.625684
0.627065
0.628743
0.630796
0.6333
0.636284
0.639543
0.642353
0.644348
0.645708
0.646606
0.647164
0.64749
0.647633
0.647624
0.647519
0.617778
0.617824
0.618085
0.618761
0.619903
0.621419
0.623294
0.625634
0.628541
0.632085
0.636048
0.639564
0.642151
0.643994
0.645285
0.646179
0.646753
0.64706
0.647125
0.647039
0.611404
0.611442
0.611701
0.612415
0.613667
0.61537
0.617511
0.620222
0.623642
0.627881
0.632703
0.637068
0.640358
0.642773
0.644522
0.64578
0.646637
0.647126
0.647264
0.647193
0.604364
0.604394
0.604658
0.605432
0.606837
0.608789
0.611274
0.614459
0.618523
0.623618
0.629484
0.634869
0.638996
0.642084
0.644375
0.646056
0.64724
0.647922
0.648131
0.648072
0.596487
0.596505
0.596781
0.597637
0.599245
0.601511
0.604437
0.608221
0.613091
0.619239
0.626373
0.63298
0.638099
0.64198
0.64491
0.647097
0.648653
0.649547
0.649828
0.649778
0.587526
0.587552
0.587859
0.588812
0.59067
0.593338
0.596829
0.601372
0.607246
0.614691
0.623359
0.631423
0.637716
0.642529
0.646211
0.648999
0.650983
0.652107
0.652461
0.652417
0.577188
0.577203
0.577552
0.578651
0.58084
0.584034
0.588242
0.593741
0.600872
0.609915
0.620437
0.63023
0.637901
0.643813
0.648377
0.651853
0.654335
0.655712
0.656139
0.656097
0.565093
0.565103
0.565493
0.566787
0.56941
0.573285
0.578411
0.585131
0.593841
0.604852
0.617606
0.62944
0.638718
0.645906
0.651497
0.655773
0.658819
0.660463
0.660957
0.660913
0.550689
0.550694
0.551147
0.552708
0.555904
0.560678
0.567009
0.575307
0.58602
0.599461
0.614886
0.629106
0.640234
0.648879
0.65567
0.660848
0.664517
0.666432
0.666984
0.666932
0.53321
0.533211
0.533758
0.5357
0.53969
0.54569
0.553639
0.564018
0.577298
0.593738
0.612336
0.629306
0.642531
0.652822
0.660942
0.667141
0.671477
0.673652
0.674243
0.674176
0.511493
0.51149
0.512202
0.51474
0.519897
0.527639
0.537837
0.551023
0.567616
0.587747
0.610069
0.630144
0.645694
0.657801
0.667361
0.674683
0.679691
0.682083
0.682682
0.682592
0.483795
0.483792
0.484791
0.488313
0.49532
0.505686
0.519129
0.536159
0.557016
0.581624
0.608233
0.631746
0.649802
0.663855
0.674955
0.683447
0.68906
0.691586
0.692152
0.69203
0.447067
0.447079
0.448705
0.45414
0.464434
0.478945
0.497203
0.519484
0.545742
0.575661
0.607081
0.634279
0.654948
0.671013
0.683699
0.693316
0.699382
0.701907
0.702388
0.702228
0.395477
0.395719
0.399428
0.409272
0.425672
0.447014
0.472274
0.501465
0.534298
0.570285
0.606906
0.637913
0.661215
0.679264
0.693477
0.704057
0.710323
0.712681
0.713031
0.712835
0.321412
0.323735
0.334604
0.353916
0.380514
0.411388
0.445577
0.482938
0.523195
0.565833
0.608038
0.643124
0.669257
0.689464
0.705299
0.716691
0.722981
0.725095
0.725331
0.725135
0.24257
0.248917
0.268225
0.297686
0.335021
0.375697
0.418877
0.464519
0.512478
0.562296
0.610927
0.651009
0.680672
0.703484
0.721264
0.733464
0.739417
0.74107
0.741208
0.741092
0.174977
0.181689
0.207596
0.24568
0.292149
0.341832
0.393625
0.447372
0.502906
0.55975
0.614575
0.659363
0.692316
0.7175
0.736722
0.749152
0.754699
0.756137
0.756291
0.756226
0.11974
0.126715
0.156631
0.200875
0.254157
0.311234
0.370479
0.431547
0.49412
0.55762
0.61836
0.667611
0.703624
0.730909
0.751397
0.764279
0.76973
0.771167
0.771357
0.771324
0.0738641
0.0811497
0.113547
0.162483
0.221172
0.284262
0.349776
0.417248
0.486188
0.555881
0.62221
0.67571
0.714628
0.743952
0.765748
0.779206
0.785025
0.786425
0.786595
0.786584
0.0349383
0.0423903
0.0765252
0.128993
0.192204
0.260377
0.331287
0.404398
0.479081
0.554479
0.626065
0.683619
0.725347
0.75668
0.779752
0.794038
0.800253
0.801685
0.801887
0.801891
0.000952439
0.00850764
0.043896
0.0993009
0.166262
0.238798
0.314457
0.392602
0.472513
0.553217
0.62978
0.691214
0.735652
0.768916
0.793317
0.808366
0.815005
0.816597
0.816846
0.816856
-0.0295805
-0.0219246
0.0144849
0.0723975
0.142534
0.218858
0.298729
0.381432
0.466172
0.551851
0.633153
0.698311
0.745344
0.780433
0.806057
0.821888
0.828909
0.830759
0.831037
0.831044
-0.0576159
-0.0498734
-0.0125785
0.0474789
0.120385
0.200048
0.283681
0.370529
0.459736
0.550117
0.635974
0.704737
0.754265
0.791082
0.817833
0.834355
0.841734
0.84381
0.844123
0.84413
-0.0839157
-0.0760633
-0.0379183
0.0238982
0.0993473
0.181981
0.268985
0.359611
0.452969
0.547818
0.638106
0.710403
0.762344
0.800805
0.82854
0.845617
0.853286
0.855498
0.855823
0.855801
-0.108946
-0.100951
-0.0619689
0.0013588
0.0790776
0.16436
0.254409
0.348488
0.445709
0.544815
0.639433
0.715258
0.769595
0.809613
0.83825
0.8557
0.863534
0.865833
0.866143
0.866101
-0.13307
-0.124907
-0.0851917
-0.0203888
0.0593489
0.146995
0.239796
0.337026
0.437841
0.541004
0.639887
0.719288
0.77606
0.817601
0.847039
0.864733
0.872629
0.87489
0.875207
0.875138
-0.156456
-0.148078
-0.107756
-0.0415153
0.0400153
0.129777
0.225048
0.325148
0.429288
0.536307
0.639406
0.722479
0.781801
0.824907
0.855046
0.872854
0.880695
0.882942
0.88321
0.883121
-0.179243
-0.170704
-0.129639
-0.0621402
0.0209936
0.112641
0.210124
0.31282
0.420021
0.53068
0.637936
0.724822
0.786885
0.831679
0.862486
0.880283
0.887922
0.890054
0.890268
0.890163
-0.201498
-0.192786
-0.150996
-0.0823235
0.00224825
0.095576
0.195029
0.300052
0.41003
0.524095
0.635421
0.726283
0.791374
0.838066
0.869532
0.887154
0.894436
0.896362
0.896496
0.896362
-0.223265
-0.214367
-0.171856
-0.102082
-0.0162191
0.0785963
0.179784
0.286875
0.399357
0.516566
0.631822
0.726803
0.795283
0.844199
0.876403
0.893668
0.90035
0.901934
0.901964
0.901811
-0.244494
-0.235404
-0.192151
-0.121385
-0.0343742
0.0617386
0.164452
0.273354
0.38806
0.508109
0.627098
0.726303
0.798567
0.850167
0.883367
0.900121
0.905851
0.90687
0.906749
0.906591
-0.26513
-0.255844
-0.211883
-0.14021
-0.0521801
0.0450689
0.149096
0.259567
0.376206
0.498793
0.621231
0.724683
0.801115
0.855977
0.890702
0.907018
0.911392
0.911359
0.910919
0.910789
-0.285179
-0.275686
-0.231036
-0.158528
-0.0695963
0.0286543
0.1338
0.245606
0.363892
0.488682
0.61425
0.721837
0.802748
0.861491
0.898544
0.915031
0.917944
0.91605
0.914702
0.914591
-0.304575
-0.294877
-0.249572
-0.176296
-0.08656
0.0125449
0.118645
0.231559
0.351225
0.477876
0.606186
0.717654
0.803242
0.866401
0.906655
0.924647
0.927119
0.923093
0.919461
0.918089
-0.323344
-0.31345
-0.267477
-0.193521
-0.103098
-0.00327334
0.10361
0.217399
0.338181
0.466346
0.59697
0.711915
0.802305
0.870331
0.914412
0.935591
0.940066
0.935654
0.92779
0.912536
-0.341513
-0.331405
-0.284852
-0.210381
-0.119449
-0.0190997
0.0883213
0.202672
0.324223
0.453472
0.585957
0.703952
0.799244
0.872791
0.920707
0.945802
0.954114
0.948121
0.939593
0.895342
-0.359348
-0.348361
-0.301604
-0.226749
-0.135528
-0.0348398
0.0729449
0.187588
0.309563
0.439443
0.573184
0.69356
0.793144
0.872943
0.92321
0.948536
0.956516
0.953189
0.901703
0.841822
-0.377853
-0.363244
-0.317488
-0.242473
-0.151546
-0.0507233
0.057217
0.172146
0.294184
0.424234
0.558511
0.680414
0.782671
0.870546
0.919046
0.930967
0.938935
0.905418
0.839815
0.775429
-0.396131
-0.398201
-0.338274
-0.255158
-0.164284
-0.0638559
0.041752
0.157004
0.278822
0.408623
0.542565
0.664752
0.767417
0.867236
0.880234
0.895638
0.873835
0.810561
0.735767
0.665393
-0.371908
-0.370675
-0.312051
-0.22922
-0.13325
-0.0296779
0.0807569
0.198564
0.323485
0.457132
0.585768
0.696448
0.789644
0.885666
0.895504
0.795318
0.71061
0.642781
0.569509
0.427256
-0.412462
-0.386279
-0.324877
-0.241155
-0.145634
-0.042115
0.0677446
0.18497
0.309019
0.441272
0.567641
0.675433
0.759416
0.822196
0.790738
0.6595
0.539107
0.456583
0.372376
0.210927
-0.436647
-0.405702
-0.343357
-0.260212
-0.164554
-0.0611933
0.0488759
0.165349
0.288117
0.418193
0.541305
0.643727
0.718938
0.746765
0.667425
0.503808
0.364576
0.261233
0.146183
-0.0862827
-0.460244
-0.426972
-0.3634
-0.279563
-0.183835
-0.0805728
0.0291507
0.144713
0.265963
0.393424
0.512245
0.607529
0.671276
0.663902
0.528971
0.342239
0.171441
0.029827
-0.12957
-0.509827
-0.482895
-0.448762
-0.384125
-0.299367
-0.203545
-0.100479
0.00860252
0.123127
0.242645
0.367095
0.480771
0.568012
0.613492
0.57658
0.394293
0.187803
-0.0245851
-0.202455
-0.448393
-0.993088
-0.505354
-0.471153
-0.405806
-0.320428
-0.224432
-0.121586
-0.0131396
0.100246
0.21781
0.338875
0.446876
0.525896
0.551636
0.465622
0.270983
0.0577495
-0.158068
-0.357504
-0.523618
-1.11077
-0.528765
-0.494476
-0.42872
-0.34298
-0.246842
-0.144186
-0.0363448
0.0758659
0.191326
0.308711
0.410765
0.479965
0.481418
0.352709
0.16486
-0.0382308
-0.224349
-0.352107
-0.385178
-0.432053
-0.553554
-0.519183
-0.45318
-0.367304
-0.27121
-0.168911
-0.0618524
0.0488973
0.161841
0.274878
0.370506
0.426876
0.406271
0.248855
0.0689657
-0.109333
-0.253201
-0.314368
-0.337102
-0.342847
-0.580068
-0.545463
-0.479281
-0.393386
-0.297506
-0.195755
-0.0897467
0.0192194
0.129237
0.237298
0.325818
0.367225
0.33174
0.152145
-0.0184285
-0.17493
-0.283706
-0.310307
-0.311415
-0.311791
-0.608404
-0.57346
-0.50707
-0.421215
-0.325698
-0.224722
-0.120027
-0.013171
0.0934833
0.196036
0.276409
0.305492
0.238695
0.0635758
-0.0982629
-0.236177
-0.282725
-0.297092
-0.298268
-0.297827
-0.638454
-0.603114
-0.536506
-0.450779
-0.355772
-0.255783
-0.152676
-0.0482781
0.0546128
0.151176
0.222818
0.238022
0.140999
-0.0184535
-0.165956
-0.274335
-0.287894
-0.287887
-0.289074
-0.28874
-0.669754
-0.6342
-0.567407
-0.481906
-0.387594
-0.288837
-0.187616
-0.0860393
0.012735
0.102931
0.16598
0.163634
0.0559632
-0.0910224
-0.219737
-0.25752
-0.279877
-0.283592
-0.284053
-0.283842
-0.701954
-0.666087
-0.599422
-0.514293
-0.420906
-0.323653
-0.224633
-0.126237
-0.0319255
0.0518545
0.10557
0.091788
-0.0233654
-0.151605
-0.25521
-0.295716
-0.28389
-0.280712
-0.280322
-0.280159
-0.73411
-0.698232
-0.631997
-0.547448
-0.455262
-0.359833
-0.263367
-0.168498
-0.0790198
-0.0013205
0.0415487
0.0263482
-0.0947502
-0.199429
-0.274043
-0.272044
-0.276965
-0.278125
-0.278163
-0.278034
-0.765196
-0.72982
-0.663958
-0.580638
-0.490012
-0.396803
-0.303272
-0.212239
-0.127909
-0.0560456
-0.0200025
-0.0393201
-0.154365
-0.246299
-0.265083
-0.285869
-0.281962
-0.278639
-0.277089
-0.276586
-0.793625
-0.759219
-0.694485
-0.612793
-0.524252
-0.433746
-0.343605
-0.256722
-0.177608
-0.111642
-0.0760766
-0.108619
-0.200634
-0.282987
-0.29226
-0.2876
-0.283526
-0.279318
-0.277391
-0.276465
-0.817687
-0.784744
-0.721866
-0.64261
-0.556832
-0.469619
-0.383386
-0.301028
-0.227007
-0.167017
-0.131707
-0.16576
-0.231106
-0.308519
-0.351295
-0.317745
-0.292959
-0.285735
-0.282973
-0.281549
-0.835049
-0.804261
-0.74408
-0.668389
-0.586344
-0.503174
-0.421454
-0.344056
-0.275129
-0.220794
-0.188101
-0.209379
-0.230342
-0.282571
-0.302953
-0.300107
-0.305634
-0.30612
-0.304125
-0.302747
-0.843346
-0.815261
-0.759217
-0.688226
-0.611126
-0.533039
-0.456562
-0.384546
-0.320983
-0.272008
-0.237608
-0.250391
-0.208819
-0.16011
-0.202461
-0.274572
-0.314893
-0.324946
-0.326204
-0.326905
-0.839639
-0.815828
-0.765406
-0.700287
-0.629524
-0.557663
-0.48726
-0.421225
-0.363462
-0.319948
-0.280918
-0.307601
-0.28139
-0.170323
-0.23473
-0.312696
-0.342265
-0.350585
-0.354104
-0.355891
-0.82042
-0.802702
-0.760815
-0.703217
-0.640182
-0.575669
-0.512177
-0.452526
-0.401175
-0.363326
-0.336885
-0.399813
-0.523948
-0.632886
-0.613363
-0.514961
-0.448261
-0.422041
-0.413545
-0.41161
-0.787267
-0.775041
-0.743925
-0.696388
-0.642397
-0.586257
-0.53011
-0.476898
-0.431552
-0.401135
-0.386212
-0.467142
-0.678897
-0.986114
-0.905481
-0.608425
-0.458247
-0.40035
-0.381426
-0.375281
-0.744746
-0.737155
-0.717581
-0.681248
-0.636958
-0.589479
-0.54042
-0.49305
-0.451954
-0.425508
-0.408387
-0.382342
-0.22584
-0.115139
-0.0938752
-0.105923
-0.153433
-0.178239
-0.182845
-0.182208
-0.701193
-0.696931
-0.686327
-0.661963
-0.626723
-0.586592
-0.543762
-0.500182
-0.460514
-0.43032
-0.408862
-0.264181
0.0178852
0.398582
0.517242
0.296586
0.0751697
-0.0604832
-0.102093
-0.113315
-0.665465
-0.663248
-0.657602
-0.641747
-0.614771
-0.580276
-0.541627
-0.500019
-0.458043
-0.423824
-0.408568
-0.349258
-0.356409
-0.496073
-0.820942
-1.1642
-1.25691
-1.18178
-1.01966
-0.965787
-0.638829
-0.637734
-0.635579
-0.626707
-0.605456
-0.574495
-0.536956
-0.49422
-0.448299
-0.404562
-0.376971
-0.433033
-0.747492
-1.3006
-1.82679
-2.00872
-1.92181
-1.67324
-1.41198
-1.33218
-0.621413
-0.620881
-0.620059
-0.615766
-0.599953
-0.57047
-0.531591
-0.485525
-0.433233
-0.3707
-0.320793
-0.297112
-0.436445
-0.612822
-0.780986
-0.764983
-0.537796
-0.283041
-0.0967329
-0.0142418
-0.61078
-0.610545
-0.609937
-0.608422
-0.597574
-0.568993
-0.527296
-0.476177
-0.413494
-0.339327
-0.256484
-0.142959
-0.0129773
0.200123
0.484143
0.798538
1.12651
1.34945
1.46101
1.49872
-0.604181
-0.603816
-0.602854
-0.60206
-0.596411
-0.570772
-0.525918
-0.467957
-0.398084
-0.310691
-0.19576
-0.075532
0.153811
0.558473
1.04507
1.50801
1.86074
2.0617
2.14324
2.16322
-0.602651
-0.602587
-0.602408
-0.602641
-0.600654
-0.576856
-0.527446
-0.464138
-0.387067
-0.286879
-0.168248
-0.0421884
0.173205
0.602043
1.07365
1.4966
1.80042
1.96345
2.02525
2.03834
-0.600964
-0.602129
-0.605162
-0.609598
-0.609414
-0.583718
-0.532051
-0.46665
-0.383552
-0.280627
-0.164056
-0.0429849
0.113525
0.476643
0.85591
1.18745
1.41912
1.53892
1.58193
1.59033
-0.598851
-0.599392
-0.597422
-0.592349
-0.588292
-0.575054
-0.538645
-0.475518
-0.388486
-0.283374
-0.173063
-0.0629212
0.054942
0.318338
0.597091
0.82575
0.984254
1.06194
1.08928
1.09299
-0.6257
-0.621759
-0.602451
-0.566726
-0.548412
-0.565817
-0.5576
-0.492721
-0.399659
-0.292758
-0.189478
-0.0928706
0.0019899
0.178733
0.358896
0.500126
0.593444
0.636214
0.653375
0.65781
-0.699179
-0.696365
-0.694233
-0.695173
-0.688389
-0.684073
-0.624346
-0.523
-0.411786
-0.300981
-0.208515
-0.131515
-0.0604991
0.0655055
0.1823
0.259207
0.302901
0.323509
0.333891
0.338684
-0.829687
-0.846391
-0.88942
-0.925057
-0.91862
-0.864428
-0.717864
-0.557959
-0.419349
-0.306431
-0.224442
-0.166706
-0.117595
-0.0272336
0.0544773
0.109261
0.138015
0.152595
0.161965
0.165244
-0.905377
-0.929542
-0.96902
-0.997319
-0.989009
-0.917985
-0.740673
-0.555688
-0.408947
-0.298905
-0.228917
-0.18946
-0.159931
-0.0786225
-0.00997511
0.037336
0.0666997
0.0848645
0.0940066
0.0961637
-0.790729
-0.813421
-0.849421
-0.879826
-0.87475
-0.795694
-0.637086
-0.486933
-0.36356
-0.27183
-0.216197
-0.191691
-0.174418
-0.10129
-0.0383559
0.00713344
0.0396139
0.0567219
0.0632584
0.0638372
-0.486969
-0.504266
-0.535046
-0.567005
-0.575527
-0.532206
-0.448261
-0.361414
-0.286624
-0.224848
-0.184381
-0.166501
-0.146143
-0.0899212
-0.041666
-0.00576831
0.0216651
0.0368154
0.0433449
0.042971
-0.149441
-0.158261
-0.177622
-0.206454
-0.233785
-0.243367
-0.240099
-0.222894
-0.197611
-0.166768
-0.139062
-0.116862
-0.0907254
-0.0550997
-0.0249385
-0.00165215
0.0153217
0.0255367
0.0295912
0.0292795
0.07668
0.0724541
0.0592018
0.0325947
-0.0067356
-0.0511964
-0.0859043
-0.108221
-0.115316
-0.107854
-0.0902454
-0.0636181
-0.0368217
-0.0207008
-0.00782953
0.00429122
0.014941
0.0216749
0.0232497
0.0222131
0.170513
0.168551
0.15922
0.136511
0.098262
0.0508185
0.00542591
-0.0308458
-0.0528089
-0.0581676
-0.0462006
-0.0250936
-0.00404861
0.00132826
0.00521325
0.0113697
0.0166786
0.0204876
0.0209997
0.0195473
0.185438
0.183951
0.177222
0.160288
0.130791
0.092417
0.0518214
0.0156212
-0.0103616
-0.0217185
-0.0160825
-0.00114078
0.0103674
0.00842358
0.00704971
0.00851666
0.0117464
0.0126268
0.0115825
0.0100151
0.166632
0.165647
0.161137
0.149617
0.129096
0.101264
0.0695885
0.0391909
0.0147794
0.00130694
0.00252436
0.0103807
0.0129788
0.00553925
0.00192574
-0.000476964
-0.00305974
-0.00712539
-0.00939487
-0.0103135
0.138087
0.137484
0.134594
0.127089
0.113367
0.0939775
0.0705628
0.0466161
0.0259785
0.013213
0.0127999
0.0179942
0.0168021
0.00593741
-0.00371779
-0.0113752
-0.0183904
-0.0244946
-0.0272543
-0.0276848
0.109038
0.10876
0.106947
0.102134
0.0930843
0.0797876
0.062929
0.0445447
0.0273322
0.0153168
0.0143168
0.021474
0.0229466
0.00665376
-0.00760102
-0.0182142
-0.0269265
-0.0327758
-0.0349065
-0.0352557
0.0829642
0.0827265
0.0815682
0.0784786
0.0724656
0.0632701
0.0509867
0.0365977
0.0217072
0.00890543
0.00414085
0.00966509
0.0127994
-0.00362099
-0.0190733
-0.0279775
-0.0331438
-0.03611
-0.0370866
-0.0375713
0.0604746
0.0603513
0.0595884
0.0575678
0.0535523
0.0470667
0.0379059
0.0262121
0.012204
-0.00393285
-0.0192578
-0.0282926
-0.0324082
-0.0416307
-0.0459508
-0.0454704
-0.0445434
-0.0435469
-0.0437017
-0.0443516
0.0417656
0.0416864
0.0412024
0.0399007
0.0372292
0.032658
0.0256898
0.0157896
0.00209015
-0.0187494
-0.0498533
-0.0885919
-0.107028
-0.0988684
-0.0829022
-0.0703463
-0.0629873
-0.0602033
-0.0597222
-0.0601234
0.0266359
0.0265801
0.026274
0.0254703
0.0237847
0.0207126
0.0156535
0.00774518
-0.00518663
-0.0284521
-0.071623
-0.133782
-0.162846
-0.137554
-0.105182
-0.0871642
-0.0795121
-0.077038
-0.0760552
-0.0759084
0.0147367
0.014701
0.0145283
0.0141236
0.0131849
0.0113292
0.00798622
0.00234998
-0.00717919
-0.0269678
-0.0679808
-0.131205
-0.151988
-0.120686
-0.0927873
-0.0804287
-0.0775949
-0.0775953
-0.0762555
-0.0754767
0.00551371
0.00556073
0.00550655
0.00542897
0.00521225
0.00472639
0.00370215
0.00177078
-0.00162714
-0.00807447
-0.0232099
-0.0533956
-0.0788325
-0.0662076
-0.0514002
-0.0438136
-0.0433893
-0.0453595
-0.0453628
-0.0438564
-0.707157
-0.143365
0.176801
0.391526
0.555295
0.680022
0.779725
0.865376
0.974037
0.972318
0.0988634
0.245872
0.406007
0.543088
0.655776
0.746998
0.822103
0.879467
0.903001
0.907268
0.361941
0.460973
0.567992
0.661063
0.740332
0.806323
0.858948
0.895996
0.919166
0.936313
0.548376
0.616601
0.690505
0.756819
0.814174
0.86236
0.901143
0.930913
0.954389
0.973124
0.688231
0.739214
0.790827
0.84034
0.883631
0.920906
0.952213
0.977929
0.999518
1.01789
0.80149
0.838635
0.879875
0.918652
0.953777
0.984841
1.01179
1.03447
1.05353
1.07133
0.898772
0.928928
0.964276
0.997399
1.02827
1.0562
1.08064
1.10115
1.11779
1.13517
0.988128
1.01657
1.04996
1.08155
1.11109
1.13783
1.16104
1.18011
1.19452
1.21165
1.07844
1.10939
1.14447
1.17706
1.20686
1.2333
1.25575
1.27367
1.28621
1.30347
1.18197
1.21769
1.25558
1.28968
1.31962
1.34525
1.36644
1.38301
1.39457
1.4124
1.31105
1.35008
1.38821
1.42125
1.44916
1.47269
1.49227
1.50774
1.51954
1.53779
1.47214
1.50815
1.54021
1.56697
1.58976
1.61024
1.62883
1.64484
1.65854
1.67641
1.65681
1.68185
1.7017
1.7202
1.73784
1.75458
1.77044
1.78642
1.80354
1.82268
1.84347
1.85431
1.86703
1.88157
1.89518
1.90725
1.91815
1.92949
1.94489
1.96432
2.02536
2.03879
2.04385
2.04486
2.04683
2.05419
2.06789
2.08548
2.09922
2.11056
2.29422
2.24364
2.19617
2.16459
2.15153
2.15608
2.17932
2.22438
2.29107
2.38519
0.754366
0.751357
0.745299
0.734373
0.721883
0.710574
0.701517
0.694765
0.690306
0.688421
0.689663
0.693661
0.699833
0.708124
0.71863
0.730951
0.743307
0.752019
0.756533
0.758699
0.682666
0.689313
0.694561
0.698179
0.699294
0.69766
0.694209
0.690422
0.687446
0.686145
0.687241
0.690293
0.694392
0.698626
0.701662
0.702196
0.699881
0.695505
0.689213
0.683389
0.672549
0.675511
0.678875
0.681365
0.683127
0.684313
0.684543
0.683801
0.682747
0.682308
0.683187
0.684941
0.686624
0.687422
0.687015
0.68577
0.683876
0.68101
0.677677
0.67539
0.66649
0.667914
0.670127
0.672401
0.674125
0.675322
0.676217
0.676809
0.677091
0.677418
0.678133
0.678914
0.679276
0.679089
0.678478
0.677348
0.675546
0.673329
0.671582
0.670498
0.661111
0.66193
0.663395
0.665171
0.666914
0.668393
0.669536
0.670486
0.671335
0.672123
0.672813
0.67321
0.673233
0.672889
0.672088
0.670823
0.669314
0.667804
0.666789
0.666123
0.656036
0.656591
0.657675
0.659091
0.660606
0.662115
0.663515
0.664734
0.665842
0.666882
0.667671
0.668041
0.667996
0.667514
0.666654
0.665587
0.664439
0.663373
0.662687
0.662219
0.651135
0.65155
0.652416
0.653629
0.654962
0.656377
0.657837
0.659267
0.660612
0.661872
0.662827
0.663277
0.663234
0.662788
0.662093
0.661273
0.660399
0.659609
0.659107
0.65875
0.646337
0.646663
0.647378
0.648442
0.649682
0.651032
0.652484
0.654021
0.655582
0.657093
0.658265
0.658861
0.658951
0.658692
0.658216
0.657607
0.656952
0.656376
0.656004
0.655718
0.641555
0.64182
0.642428
0.643392
0.644572
0.645892
0.647361
0.648983
0.650729
0.652518
0.653971
0.654813
0.655145
0.655123
0.654872
0.654481
0.654026
0.653623
0.653347
0.653111
0.636698
0.636919
0.637453
0.638356
0.639501
0.640824
0.642348
0.644088
0.646039
0.648137
0.64995
0.651132
0.651771
0.652018
0.652007
0.651843
0.651579
0.651325
0.651125
0.650924
0.631676
0.631863
0.632348
0.633221
0.634367
0.635735
0.637353
0.639259
0.64147
0.643941
0.646201
0.647802
0.6488
0.649358
0.649612
0.649675
0.649604
0.649486
0.649347
0.649171
0.626396
0.62656
0.627016
0.627887
0.629077
0.630533
0.632293
0.634425
0.63697
0.639909
0.642712
0.644811
0.646231
0.647143
0.647694
0.647987
0.648124
0.648134
0.648045
0.647886
0.620763
0.620909
0.621355
0.622255
0.623528
0.62512
0.627083
0.629515
0.632482
0.636005
0.639466
0.642159
0.644073
0.645389
0.646276
0.646855
0.647193
0.647318
0.647272
0.647123
0.614667
0.614799
0.615251
0.61621
0.617609
0.619391
0.62163
0.624449
0.627952
0.632193
0.636452
0.639853
0.642352
0.644138
0.645405
0.646295
0.646858
0.647102
0.647095
0.646953
0.607978
0.608101
0.608573
0.609622
0.611196
0.613233
0.615829
0.61914
0.623313
0.628435
0.633659
0.637907
0.641098
0.64344
0.645144
0.646387
0.647204
0.64757
0.647597
0.647458
0.600542
0.600658
0.601161
0.602335
0.604139
0.606505
0.609557
0.61349
0.618492
0.624691
0.631079
0.636341
0.640348
0.643344
0.645573
0.647228
0.648323
0.648816
0.648876
0.648735
0.59216
0.592275
0.592817
0.59416
0.596249
0.599034
0.602669
0.607383
0.613415
0.620928
0.628717
0.635183
0.640155
0.64392
0.646778
0.648911
0.650317
0.650946
0.651037
0.65089
0.582525
0.582651
0.583287
0.584827
0.587293
0.590623
0.594995
0.600689
0.607997
0.617116
0.626585
0.634474
0.640582
0.645251
0.648847
0.651535
0.653296
0.654068
0.654186
0.65403
0.571349
0.571475
0.572229
0.574044
0.576989
0.581015
0.586323
0.593254
0.602151
0.613228
0.624702
0.634263
0.6417
0.647432
0.651872
0.655213
0.657368
0.658287
0.658428
0.65826
0.558147
0.55829
0.559204
0.56138
0.564949
0.56988
0.576396
0.584902
0.595779
0.609238
0.623093
0.634607
0.643576
0.650532
0.655962
0.660045
0.662625
0.66369
0.663846
0.663662
0.542268
0.54245
0.543594
0.546262
0.550664
0.556801
0.56491
0.575451
0.588816
0.605164
0.621816
0.635579
0.646287
0.65464
0.661191
0.666103
0.669129
0.670327
0.670488
0.670285
0.522772
0.523031
0.524524
0.527895
0.53346
0.541261
0.551521
0.56473
0.581231
0.601068
0.620962
0.637263
0.649919
0.659825
0.667604
0.673426
0.676888
0.67819
0.67834
0.678116
0.498241
0.498645
0.500692
0.505138
0.512435
0.522636
0.535889
0.552638
0.57308
0.597071
0.62066
0.639758
0.654537
0.666135
0.675229
0.681988
0.68583
0.687182
0.687303
0.687058
0.466369
0.467072
0.470092
0.47637
0.486451
0.50027
0.517775
0.539211
0.564533
0.593382
0.621079
0.64318
0.660196
0.673569
0.684052
0.691669
0.695772
0.697096
0.697164
0.696902
0.423022
0.42444
0.429536
0.439428
0.454363
0.473783
0.497286
0.524784
0.555983
0.590334
0.62245
0.647662
0.666959
0.682097
0.693947
0.702252
0.706397
0.707589
0.707587
0.707316
0.360483
0.364948
0.375593
0.392623
0.415808
0.44361
0.475111
0.510035
0.547981
0.588302
0.624982
0.6533
0.67481
0.69163
0.704619
0.713308
0.717221
0.718133
0.718052
0.717791
0.286093
0.294166
0.313577
0.341205
0.374999
0.412228
0.452318
0.495152
0.540394
0.587437
0.629578
0.661827
0.686188
0.705082
0.719326
0.728244
0.731858
0.732605
0.732577
0.732449
0.211442
0.224823
0.25335
0.291399
0.335245
0.381781
0.430474
0.481293
0.533944
0.587857
0.635622
0.671908
0.699203
0.720294
0.735878
0.74459
0.747568
0.748081
0.748079
0.748043
0.149433
0.166649
0.20085
0.246714
0.298763
0.353489
0.410109
0.468492
0.528252
0.58877
0.641891
0.681963
0.711936
0.734799
0.751077
0.759821
0.762613
0.763057
0.763099
0.763113
0.0985793
0.117847
0.156507
0.208175
0.266642
0.328132
0.391605
0.456782
0.523121
0.589886
0.648105
0.691753
0.724211
0.748792
0.766032
0.774827
0.777574
0.77821
0.778295
0.778353
0.0559517
0.0764679
0.118457
0.174743
0.238509
0.305661
0.375045
0.446261
0.518613
0.591205
0.654258
0.701325
0.736198
0.762478
0.780642
0.78987
0.792954
0.793682
0.793785
0.793877
0.0192575
0.0405686
0.085213
0.145242
0.213467
0.28551
0.360091
0.436711
0.514559
0.592595
0.660239
0.710597
0.747805
0.775749
0.794931
0.804862
0.808254
0.809057
0.80917
0.809255
-0.0131675
0.00870082
0.0554996
0.118678
0.190696
0.267009
0.346226
0.427757
0.5107
0.593867
0.665893
0.719411
0.758861
0.788395
0.808575
0.819201
0.822889
0.823792
0.82389
0.82397
-0.0425507
-0.0202752
0.0283446
0.0942298
0.169547
0.249626
0.333013
0.419048
0.506741
0.594779
0.671015
0.727573
0.769152
0.800151
0.82132
0.832557
0.836573
0.837508
0.837586
0.837648
-0.0698669
-0.0471649
0.00304763
0.0712813
0.149528
0.232957
0.320105
0.410273
0.50242
0.595125
0.675461
0.734967
0.778582
0.810954
0.83297
0.844693
0.848987
0.849951
0.850014
0.850053
-0.0956406
-0.0724951
-0.0208895
0.0494046
0.130266
0.216691
0.307245
0.401221
0.497562
0.594761
0.679133
0.741549
0.787134
0.820775
0.843466
0.855506
0.859991
0.860991
0.861032
0.86104
-0.120309
-0.0966465
-0.0439293
0.0283196
0.111497
0.200614
0.294264
0.391749
0.492029
0.593583
0.681965
0.747323
0.794847
0.829654
0.852923
0.865168
0.869691
0.870671
0.870705
0.870682
-0.144152
-0.120023
-0.0662028
0.00781034
0.093058
0.184591
0.281041
0.381755
0.485732
0.5915
0.683923
0.752309
0.80182
0.837749
0.861455
0.873746
0.878238
0.879194
0.879198
0.879147
-0.167353
-0.142707
-0.0878076
-0.0122502
0.074849
0.16854
0.267517
0.371185
0.478622
0.588457
0.684963
0.756534
0.808157
0.845216
0.869243
0.881478
0.885837
0.886729
0.886696
0.886621
-0.189987
-0.164805
-0.108866
-0.0319248
0.0568238
0.152443
0.253685
0.360028
0.470666
0.584403
0.685041
0.760014
0.813976
0.852241
0.87648
0.888486
0.892625
0.893408
0.893341
0.893243
-0.212052
-0.186397
-0.129452
-0.0512379
0.0389782
0.136302
0.239558
0.348306
0.461868
0.57931
0.684096
0.762738
0.819373
0.858996
0.883349
0.894917
0.898689
0.899302
0.899186
0.899073
-0.233607
-0.207437
-0.149546
-0.0701767
0.0213367
0.120154
0.225185
0.336064
0.452272
0.573165
0.68207
0.764655
0.824382
0.865675
0.890114
0.900954
0.904099
0.904465
0.904307
0.904189
-0.254572
-0.227896
-0.169113
-0.0887163
0.00393638
0.104065
0.210636
0.323376
0.441935
0.565977
0.678889
0.76567
0.828976
0.872439
0.89714
0.906974
0.909082
0.908992
0.908775
0.908678
-0.274964
-0.247739
-0.188151
-0.106814
-0.0131605
0.0880953
0.195995
0.310337
0.430925
0.557796
0.674497
0.765645
0.833035
0.879346
0.90487
0.913682
0.914168
0.91306
0.912659
0.912674
-0.294694
-0.26697
-0.206614
-0.124433
-0.0299049
0.0723212
0.181335
0.297023
0.419351
0.548691
0.668859
0.764409
0.836333
0.886217
0.913574
0.92212
0.920736
0.917585
0.915993
0.915856
-0.313831
-0.28556
-0.22446
-0.141522
-0.0462256
0.0568254
0.166775
0.283565
0.407333
0.538748
0.661976
0.761777
0.838559
0.892574
0.922911
0.933012
0.931216
0.925373
0.918524
0.901941
-0.332311
-0.303501
-0.241825
-0.158286
-0.0624116
0.0412868
0.151909
0.269519
0.394375
0.527467
0.653334
0.757199
0.839394
0.898002
0.932101
0.946093
0.946487
0.939527
0.925134
0.940108
-0.350255
-0.320773
-0.258647
-0.174695
-0.078385
0.0257619
0.136742
0.254909
0.380468
0.514737
0.642711
0.750031
0.838071
0.901372
0.937999
0.955268
0.959024
0.948969
0.88809
0.872554
-0.368256
-0.337975
-0.274674
-0.190424
-0.0935743
0.0106937
0.121485
0.239993
0.36589
0.500752
0.630087
0.739816
0.833556
0.901801
0.935725
0.95241
0.94651
0.909781
0.842305
0.801792
-0.386988
-0.356082
-0.289492
-0.205207
-0.107601
-0.00377448
0.106526
0.224942
0.35072
0.485513
0.615285
0.7263
0.823445
0.897864
0.947252
0.922668
0.892929
0.827324
0.755108
0.711503
0.0352527
0.150341
0.272002
0.40152
0.534803
0.656248
0.757822
0.590704
-0.407164
-0.388416
-0.350259
-0.279192
-0.188788
-0.0896777
0.0174376
0.131429
0.25229
0.380599
0.512794
0.633434
0.733858
0.814035
0.866484
0.819401
0.673966
0.583748
0.513407
-0.424302
-0.411326
-0.366982
-0.294532
-0.203719
-0.104352
0.00225812
0.115752
0.235732
0.362648
0.492626
0.609857
0.704095
0.771498
0.767781
0.660045
0.512917
0.404989
0.314657
-0.44701
-0.434365
-0.387048
-0.31355
-0.22272
-0.123045
-0.0164052
0.0967402
0.215758
0.341028
0.467867
0.579918
0.663322
0.71359
0.673173
0.509195
0.341792
0.207167
0.0883656
-0.469901
-0.457104
-0.408206
-0.333392
-0.24225
-0.142584
-0.0362537
0.0761477
0.193922
0.317092
0.440272
0.546249
0.622359
0.644524
0.557014
0.362821
0.164265
-0.0149583
-0.182068
-0.492006
-0.479692
-0.430013
-0.354067
-0.262537
-0.162895
-0.0570146
0.054491
0.170833
0.291541
0.410545
0.509627
0.576202
0.559532
0.428388
0.226994
0.00814154
-0.198888
-0.386028
-0.514712
-0.502668
-0.452689
-0.376023
-0.284185
-0.184501
-0.0790001
0.031662
0.146502
0.264584
0.379137
0.470702
0.522982
0.48425
0.310836
0.113156
-0.0977357
-0.29529
-0.417442
-0.457029
-0.538742
-0.526838
-0.476602
-0.399547
-0.307595
-0.207977
-0.102928
0.00676631
0.119867
0.234912
0.344436
0.427917
0.464336
0.402037
0.205736
0.0168339
-0.162988
-0.298341
-0.34451
-0.368264
-0.564231
-0.552451
-0.50202
-0.424752
-0.332841
-0.233498
-0.129089
-0.0206371
0.0903668
0.201853
0.305626
0.380701
0.396402
0.296355
0.111874
-0.0626301
-0.21459
-0.2978
-0.318066
-0.323458
-0.5915
-0.579708
-0.529065
-0.451654
-0.35991
-0.261018
-0.1575
-0.0505812
0.057953
0.165396
0.262674
0.329035
0.315453
0.194505
0.024598
-0.139349
-0.258873
-0.303332
-0.303007
-0.304086
-0.620449
-0.60875
-0.557768
-0.480257
-0.388795
-0.290536
-0.188156
-0.0830636
0.0226206
0.125567
0.215778
0.271659
0.240989
0.0987422
-0.0559967
-0.208189
-0.274072
-0.29206
-0.293233
-0.292921
-0.65093
-0.639244
-0.588024
-0.510474
-0.419407
-0.321996
-0.221001
-0.118058
-0.0156037
0.082435
0.165212
0.209052
0.174874
0.0155084
-0.129096
-0.243347
-0.293142
-0.286311
-0.286201
-0.286252
-0.68245
-0.67069
-0.619565
-0.542048
-0.451552
-0.355218
-0.255891
-0.15543
-0.0565728
0.0362957
0.111271
0.145827
0.0967144
-0.0575376
-0.188794
-0.266781
-0.282902
-0.281807
-0.281909
-0.281724
-0.714492
-0.702658
-0.651802
-0.574555
-0.484857
-0.389865
-0.29253
-0.194894
-0.100017
-0.0124734
0.0547607
0.0784967
0.0114544
-0.120671
-0.235124
-0.253099
-0.27101
-0.277815
-0.278724
-0.278608
-0.746063
-0.734244
-0.683871
-0.607352
-0.518749
-0.425438
-0.330458
-0.235998
-0.145426
-0.0634657
-0.00253761
0.00574438
-0.0625078
-0.177747
-0.255527
-0.30344
-0.285854
-0.280145
-0.277937
-0.277398
-0.775323
-0.76435
-0.714827
-0.639394
-0.552404
-0.461204
-0.36901
-0.278104
-0.192061
-0.115967
-0.0593866
-0.0607069
-0.127433
-0.22583
-0.291601
-0.294008
-0.286395
-0.280088
-0.277301
-0.276319
-0.8015
-0.79083
-0.743282
-0.669429
-0.584712
-0.49618
-0.407298
-0.320378
-0.239024
-0.168726
-0.116456
-0.117023
-0.181025
-0.259768
-0.316998
-0.303762
-0.291924
-0.283966
-0.279733
-0.278349
-0.821915
-0.811918
-0.766856
-0.695993
-0.614299
-0.529182
-0.444211
-0.361781
-0.28533
-0.220473
-0.173397
-0.167526
-0.215257
-0.269879
-0.329913
-0.323764
-0.30437
-0.295208
-0.292246
-0.290483
-0.834556
-0.825628
-0.783835
-0.716968
-0.639492
-0.558786
-0.478509
-0.401082
-0.329899
-0.270235
-0.227262
-0.214021
-0.234874
-0.213706
-0.216292
-0.265792
-0.300131
-0.315625
-0.317407
-0.317082
-0.836749
-0.829482
-0.792133
-0.730524
-0.658464
-0.583411
-0.508758
-0.436982
-0.371532
-0.316994
-0.277293
-0.260671
-0.265943
-0.169222
-0.155538
-0.244969
-0.305824
-0.326494
-0.333014
-0.335769
-0.826697
-0.820868
-0.789378
-0.73475
-0.669686
-0.60152
-0.533524
-0.46811
-0.408801
-0.359924
-0.326561
-0.315216
-0.37472
-0.39037
-0.360696
-0.385204
-0.391031
-0.384261
-0.382167
-0.382064
-0.801044
-0.796935
-0.772932
-0.728181
-0.672081
-0.612043
-0.551581
-0.492993
-0.439963
-0.398226
-0.370333
-0.386848
-0.523336
-0.836786
-0.979518
-0.736358
-0.541025
-0.450885
-0.422506
-0.413589
-0.763041
-0.760511
-0.744784
-0.71098
-0.665695
-0.61479
-0.562242
-0.510459
-0.463055
-0.426624
-0.410966
-0.416991
-0.463934
-0.578191
-0.667613
-0.52722
-0.378305
-0.318213
-0.298344
-0.290773
-0.719324
-0.717717
-0.709888
-0.686925
-0.65265
-0.610775
-0.565816
-0.51984
-0.476586
-0.441579
-0.4239
-0.370488
-0.184249
0.130907
0.378639
0.301893
0.102163
-0.0505126
-0.104671
-0.114542
-0.679767
-0.678731
-0.675118
-0.662213
-0.636809
-0.60255
-0.563806
-0.522096
-0.479836
-0.442753
-0.41854
-0.362453
-0.19823
0.016863
0.18686
-0.0473884
-0.280172
-0.328851
-0.310199
-0.293986
-0.650763
-0.65019
-0.64776
-0.641204
-0.622794
-0.594329
-0.55904
-0.518831
-0.47595
-0.432851
-0.402385
-0.392916
-0.482858
-0.874427
-1.46302
-1.85905
-2.0115
-1.89657
-1.67586
-1.5202
-0.628901
-0.628425
-0.627421
-0.624898
-0.613177
-0.588436
-0.554048
-0.51298
-0.466216
-0.414715
-0.369553
-0.325312
-0.510463
-0.851871
-1.28184
-1.57179
-1.54579
-1.29197
-1.02589
-0.869581
-0.615664
-0.615515
-0.615061
-0.613565
-0.607472
-0.585561
-0.5505
-0.505907
-0.452511
-0.391536
-0.317194
-0.258549
-0.191104
-0.176023
-0.105026
-0.0013015
0.2347
0.51446
0.698655
0.782426
-0.606858
-0.606792
-0.606303
-0.605716
-0.603002
-0.585538
-0.549211
-0.499802
-0.440723
-0.367551
-0.275731
-0.173942
-0.0241539
0.236208
0.622921
1.06362
1.46408
1.74946
1.8989
1.95276
-0.602894
-0.602736
-0.602123
-0.601064
-0.600015
-0.588993
-0.551359
-0.497139
-0.430545
-0.347068
-0.241773
-0.116124
0.0512084
0.378414
0.868368
1.34675
1.74748
2.00533
2.1263
2.16281
-0.602459
-0.602712
-0.603668
-0.60565
-0.607279
-0.597471
-0.556943
-0.498835
-0.42619
-0.336697
-0.226373
-0.0995818
0.0256993
0.327951
0.768425
1.17896
1.51101
1.71224
1.80323
1.82883
-0.598012
-0.599035
-0.600765
-0.604352
-0.607246
-0.597502
-0.56141
-0.505388
-0.43053
-0.335579
-0.224816
-0.107551
0.000161373
0.224487
0.569019
0.872615
1.11526
1.25928
1.32081
1.33769
-0.606247
-0.606628
-0.601618
-0.585008
-0.564883
-0.562467
-0.561065
-0.518671
-0.440753
-0.341555
-0.235204
-0.128721
-0.0303966
0.123433
0.363218
0.570002
0.726799
0.816066
0.852994
0.862877
-0.656119
-0.653636
-0.643345
-0.618256
-0.593531
-0.592653
-0.601171
-0.548671
-0.457759
-0.351626
-0.247425
-0.154154
-0.0732059
0.0409694
0.195876
0.320296
0.404451
0.448996
0.470471
0.479131
-0.763146
-0.760896
-0.776842
-0.808769
-0.821059
-0.801573
-0.736505
-0.607825
-0.47751
-0.358903
-0.258721
-0.181888
-0.121914
-0.0405215
0.0663285
0.146411
0.193087
0.215101
0.228578
0.235602
-0.88668
-0.89281
-0.930289
-0.973604
-0.988312
-0.957069
-0.836959
-0.649767
-0.485158
-0.357643
-0.262051
-0.201578
-0.163989
-0.100441
-0.018066
0.0437113
0.0806764
0.100976
0.113131
0.118839
-0.873864
-0.884126
-0.915254
-0.950756
-0.964246
-0.927783
-0.796295
-0.612447
-0.455239
-0.334763
-0.252381
-0.207559
-0.184853
-0.131267
-0.0584388
-0.00205134
0.03832
0.0651953
0.0772051
0.0812087
-0.652019
-0.664275
-0.69457
-0.733249
-0.754494
-0.724378
-0.614614
-0.487298
-0.374679
-0.286098
-0.223072
-0.190221
-0.17718
-0.129319
-0.0694579
-0.0216732
0.0136332
0.0368106
0.0476285
0.0501547
-0.307337
-0.315228
-0.333963
-0.362114
-0.388945
-0.390989
-0.362408
-0.316388
-0.266288
-0.218892
-0.17826
-0.152139
-0.13721
-0.095993
-0.0523812
-0.0181822
0.00820223
0.0264672
0.0352152
0.0372658
-0.0167922
-0.0206388
-0.0310586
-0.0530915
-0.0856471
-0.120741
-0.146159
-0.159214
-0.159559
-0.146825
-0.125825
-0.102709
-0.0784247
-0.0496726
-0.0255585
-0.00694092
0.00806297
0.0189683
0.0242977
0.0250118
0.139406
0.136886
0.130573
0.112958
0.0799712
0.0338942
-0.0130691
-0.0512727
-0.0753069
-0.0835966
-0.0757209
-0.0560695
-0.0295875
-0.0135713
-0.00439451
0.00345856
0.0118409
0.018783
0.0220913
0.0217308
0.185229
0.184111
0.180036
0.166704
0.139472
0.099262
0.0546183
0.0128948
-0.0186888
-0.0360134
-0.0357463
-0.0202761
-0.000887974
0.00642659
0.00627858
0.00888923
0.0140952
0.0178162
0.0186935
0.017325
0.178579
0.177929
0.175103
0.165774
0.146309
0.116827
0.0816647
0.0459073
0.0156307
-0.00420553
-0.00874178
8.6776e-05
0.0108914
0.0103033
0.0062812
0.00475134
0.00487924
0.00433429
0.00229173
0.000836069
0.152875
0.152575
0.150733
0.144612
0.131575
0.111211
0.0854623
0.0576347
0.032164
0.0135972
0.00709464
0.0116664
0.0159555
0.0101675
0.00140818
-0.00392257
-0.00897281
-0.0140651
-0.0182577
-0.0196513
0.123325
0.123278
0.122117
0.118217
0.10971
0.0959769
0.0777679
0.0569499
0.0364788
0.020281
0.0136312
0.0175346
0.0223757
0.0147907
0.000871741
-0.0103988
-0.0194301
-0.0269359
-0.0316498
-0.0325322
0.0954962
0.0954843
0.0948225
0.0923551
0.0868256
0.0775849
0.0647695
0.0493052
0.0328996
0.0181497
0.0104079
0.0135909
0.0215825
0.013496
-0.00466503
-0.017395
-0.0262133
-0.0327706
-0.0356763
-0.0363119
0.0711569
0.0712328
0.0707374
0.069154
0.0655159
0.0592226
0.0500639
0.0382636
0.0244591
0.00977161
-0.0025603
-0.00744093
-0.00443829
-0.0111998
-0.0261895
-0.0330686
-0.0364929
-0.0384133
-0.0389257
-0.0394802
0.0505844
0.0506674
0.050355
0.0493099
0.046929
0.0426143
0.0359322
0.0266171
0.0143612
-0.00163282
-0.0224516
-0.0456414
-0.0641305
-0.0693674
-0.0669494
-0.0599738
-0.0544035
-0.0515785
-0.0507822
-0.051082
0.0336929
0.0337623
0.0335437
0.032881
0.0313645
0.028461
0.0235664
0.0163036
0.00521221
-0.0117843
-0.0410668
-0.0878797
-0.13387
-0.136273
-0.110576
-0.0881075
-0.0754082
-0.0705255
-0.0691068
-0.0687815
0.0202399
0.020296
0.0201537
0.0197758
0.0188942
0.0170708
0.0138828
0.0086572
-5.65104e-05
-0.0161039
-0.0476719
-0.102947
-0.164804
-0.15466
-0.117858
-0.0938619
-0.083871
-0.0811409
-0.0800568
-0.0789976
0.00977599
0.0098204
0.00976211
0.00960726
0.0092016
0.00831571
0.00654664
0.0033425
-0.00218133
-0.0124996
-0.0353232
-0.0796627
-0.123482
-0.106631
-0.0806985
-0.0675466
-0.0655993
-0.0662758
-0.065548
-0.0641577
0.00555562
0.00553921
0.00546744
0.00534928
0.00502551
0.00429986
0.00287539
0.000276073
-0.00419866
-0.0141113
-0.036606
-0.0714946
-0.0754557
-0.0597644
-0.0459055
-0.0430369
-0.0446347
-0.0457446
-0.044715
-0.0163173
-0.355224
-0.0140414
0.203457
0.391796
0.543673
0.664265
0.760183
0.841709
0.901265
0.896735
0.140118
0.291107
0.43131
0.552002
0.654936
0.740583
0.810995
0.865774
0.899087
0.911306
0.401024
0.496729
0.589808
0.673504
0.746072
0.807702
0.858227
0.896835
0.924245
0.943053
0.579481
0.643391
0.710512
0.772259
0.825333
0.87108
0.909345
0.940257
0.965108
0.98298
0.715437
0.761444
0.813076
0.858652
0.899761
0.935896
0.967186
0.993627
1.01567
1.03111
0.826136
0.863364
0.903684
0.940339
0.974426
1.00534
1.03275
1.05627
1.07589
1.08869
0.923006
0.95515
0.989685
1.02273
1.05378
1.08238
1.1079
1.12967
1.14739
1.15781
1.01357
1.04468
1.07871
1.11183
1.14266
1.17082
1.19561
1.21636
1.23251
1.24107
1.10804
1.14272
1.17939
1.21469
1.24648
1.27464
1.29873
1.31842
1.33317
1.34112
1.22067
1.26094
1.30009
1.33682
1.36854
1.39555
1.41807
1.43627
1.44992
1.45898
1.36439
1.40703
1.44463
1.47827
1.50623
1.52997
1.55056
1.56793
1.58176
1.59288
1.54217
1.57973
1.60771
1.63202
1.65302
1.67228
1.69051
1.70764
1.72353
1.73803
1.7398
1.76082
1.7757
1.79148
1.80774
1.82303
1.83673
1.84999
1.86548
1.88383
1.93039
1.93755
1.94809
1.95963
1.96954
1.97873
1.98897
2.00006
2.01167
2.02052
2.1434
2.14517
2.13724
2.12073
2.10957
2.109
2.12115
2.14575
2.17986
2.2044
2.56305
2.36916
2.26811
2.21023
2.18108
2.17445
2.18965
2.23047
2.30632
2.44927
-0.371277
-0.375793
-0.336173
-0.263857
-0.172751
-0.0727309
0.852031
0.917732
0.906748
0.822441
0.746502
0.671927
0.443671
0.222249
-0.0468353
-0.402224
-0.75018
)
;

boundaryField
{
    wall-4
    {
        type            zeroGradient;
    }
    pressure-outlet-7
    {
        type            fixedValue;
        value           uniform 0;
    }
    velocity-inlet-6
    {
        type            zeroGradient;
    }
    velocity-inlet-5
    {
        type            zeroGradient;
    }
    frontAndBackPlanes
    {
        type            empty;
    }
}


// ************************************************************************* //
