/*--------------------------------*- C++ -*----------------------------------*\
| =========                 |                                                 |
| \\      /  F ield         | OpenFOAM: The Open Source CFD Toolbox           |
|  \\    /   O peration     | Version:  4.0                                   |
|   \\  /    A nd           | Web:      www.OpenFOAM.org                      |
|    \\/     M anipulation  |                                                 |
\*---------------------------------------------------------------------------*/
FoamFile
{
    version     2.0;
    format      ascii;
    class       volScalarField;
    location    "9";
    object      p;
}
// * * * * * * * * * * * * * * * * * * * * * * * * * * * * * * * * * * * * * //

dimensions      [0 2 -2 0 0 0 0];

internalField   nonuniform List<scalar> 
8800
(
0.417666
0.369967
0.331475
0.302686
0.282065
0.267505
0.257214
0.250015
0.245381
0.243329
0.244302
0.248036
0.254166
0.262976
0.275321
0.2927
0.317184
0.350895
0.393199
0.451897
0.248585
0.256295
0.264104
0.267586
0.266315
0.26156
0.255452
0.24975
0.245326
0.2426
0.24216
0.24426
0.248195
0.253557
0.259767
0.265566
0.268838
0.267879
0.262123
0.253225
0.226475
0.23282
0.2374
0.240859
0.243388
0.244467
0.243771
0.241959
0.240063
0.239059
0.239752
0.241709
0.243991
0.245581
0.245565
0.243764
0.240823
0.236869
0.231908
0.228108
0.220408
0.223251
0.226652
0.229721
0.231834
0.23327
0.234253
0.234678
0.234654
0.23467
0.235013
0.235542
0.235732
0.235263
0.23422
0.232605
0.230096
0.226723
0.223768
0.222274
0.215497
0.216905
0.219813
0.222969
0.225704
0.227827
0.229233
0.230094
0.230584
0.230895
0.231247
0.231417
0.23114
0.230309
0.228739
0.226422
0.223556
0.220397
0.218282
0.217705
0.214385
0.214976
0.216485
0.218262
0.220014
0.22175
0.223325
0.224634
0.225606
0.226279
0.226568
0.2264
0.225754
0.224653
0.223242
0.221618
0.219945
0.218276
0.217258
0.217049
0.213382
0.213662
0.214466
0.215531
0.2167
0.217864
0.219093
0.220218
0.221191
0.221942
0.222326
0.222253
0.221786
0.221012
0.220073
0.219134
0.218161
0.217259
0.216756
0.216664
0.211445
0.211575
0.211998
0.212662
0.213408
0.214338
0.215393
0.216455
0.217467
0.218334
0.218834
0.218873
0.218554
0.217988
0.21739
0.216813
0.216266
0.215783
0.215554
0.21551
0.208673
0.20874
0.209006
0.209465
0.210013
0.210681
0.211442
0.212327
0.213284
0.214225
0.214901
0.215191
0.215194
0.215039
0.214775
0.214465
0.214149
0.213882
0.21377
0.21375
0.205518
0.205561
0.205741
0.206073
0.206517
0.207092
0.20781
0.208677
0.209678
0.210754
0.211647
0.212175
0.212407
0.212445
0.212368
0.212238
0.212082
0.211954
0.211905
0.211892
0.201989
0.202018
0.202148
0.202397
0.202761
0.203266
0.203945
0.204826
0.205917
0.207181
0.208345
0.209151
0.209639
0.209904
0.210027
0.210063
0.21005
0.210027
0.21002
0.210011
0.19809
0.198116
0.19823
0.198449
0.198792
0.199296
0.200007
0.200974
0.202227
0.203759
0.205258
0.206379
0.207123
0.207602
0.20789
0.208054
0.20814
0.208183
0.208202
0.208195
0.19379
0.193812
0.193932
0.194158
0.194521
0.19507
0.195871
0.196991
0.198489
0.200379
0.202288
0.203769
0.204815
0.205514
0.205967
0.206249
0.206418
0.206512
0.206551
0.206544
0.189057
0.189081
0.189215
0.189473
0.189892
0.190535
0.191486
0.192837
0.194675
0.197031
0.199457
0.201387
0.202766
0.203706
0.204329
0.204729
0.204974
0.205114
0.205171
0.205164
0.183813
0.183841
0.184003
0.184314
0.184822
0.185607
0.186775
0.188447
0.190736
0.193697
0.196774
0.19924
0.201012
0.202237
0.203054
0.203583
0.203911
0.204099
0.204175
0.204167
0.17794
0.177974
0.178177
0.178565
0.1792
0.180182
0.181646
0.183745
0.186626
0.190361
0.194252
0.197378
0.199633
0.201196
0.202242
0.202921
0.203343
0.203585
0.203684
0.203674
0.171275
0.171318
0.171577
0.172072
0.172879
0.174127
0.175984
0.178645
0.182292
0.187014
0.191926
0.19587
0.198716
0.200689
0.202012
0.20287
0.203406
0.203712
0.203837
0.203825
0.163601
0.163657
0.163991
0.164628
0.165666
0.167268
0.169646
0.173041
0.177677
0.183653
0.189845
0.194802
0.198375
0.20085
0.20251
0.203588
0.20426
0.204645
0.2048
0.204785
0.154622
0.154698
0.155132
0.155961
0.157311
0.159388
0.162455
0.16681
0.17272
0.180285
0.188074
0.194282
0.198748
0.20184
0.203914
0.20526
0.206099
0.206578
0.206772
0.206753
0.143932
0.144035
0.144608
0.145702
0.147483
0.150203
0.154188
0.159805
0.167357
0.176931
0.1867
0.194446
0.200006
0.203854
0.206436
0.208111
0.209153
0.209747
0.209987
0.209963
0.13096
0.1311
0.131869
0.133344
0.135739
0.139362
0.144573
0.151858
0.161531
0.173628
0.185834
0.195451
0.202343
0.207117
0.210325
0.212409
0.213702
0.214434
0.214729
0.2147
0.114886
0.11508
0.116134
0.118175
0.121445
0.1263
0.133251
0.142776
0.155191
0.170437
0.185604
0.197475
0.205976
0.211882
0.215868
0.218467
0.220081
0.220987
0.221348
0.22131
0.0945175
0.0947997
0.0962964
0.0992204
0.103802
0.110478
0.119839
0.132385
0.14833
0.167454
0.186159
0.200697
0.211123
0.218412
0.223373
0.226643
0.228691
0.22984
0.230289
0.230231
0.0679746
0.0684108
0.0706855
0.0750924
0.0817514
0.0911952
0.104041
0.120655
0.141066
0.164854
0.187676
0.205295
0.21798
0.226946
0.233145
0.237309
0.239973
0.241489
0.242074
0.241989
0.0319336
0.0327211
0.0366539
0.0438658
0.054108
0.0679495
0.0858052
0.107785
0.133687
0.162905
0.190354
0.211412
0.226674
0.237641
0.245413
0.250798
0.254377
0.256478
0.257302
0.257188
-0.0200751
-0.0177668
-0.00957447
0.00339925
0.0200183
0.0406606
0.0654297
0.0942043
0.126593
0.16188
0.194323
0.219067
0.23715
0.250421
0.26015
0.267221
0.272219
0.275403
0.276752
0.276601
-0.0986702
-0.0872722
-0.0684743
-0.0452017
-0.0190155
0.0106294
0.0438426
0.0804473
0.120046
0.161976
0.199888
0.22877
0.250172
0.266325
0.278708
0.288344
0.295861
0.301347
0.30432
0.304804
-0.182304
-0.157542
-0.127559
-0.0939801
-0.0580317
-0.0193239
0.0222855
0.0667804
0.113916
0.163181
0.207558
0.241613
0.267293
0.2872
0.303041
0.315956
0.326641
0.336065
0.342376
0.343088
-0.245847
-0.218953
-0.18076
-0.138967
-0.0945667
-0.0476104
0.00192606
0.0539667
0.108286
0.164432
0.214699
0.253177
0.282193
0.304713
0.322604
0.337088
0.34891
0.358619
0.364316
0.365127
-0.29665
-0.267674
-0.224983
-0.177512
-0.126844
-0.0732863
-0.0170206
0.0417099
0.102558
0.164959
0.220335
0.26234
0.293682
0.317667
0.336405
0.351324
0.363368
0.373027
0.378779
0.37967
-0.33728
-0.307812
-0.261971
-0.2103
-0.154915
-0.0961562
-0.0343521
0.03011
0.0967237
0.164756
0.224743
0.269789
0.302962
0.327996
0.347271
0.362376
0.374383
0.383737
0.389467
0.390396
-0.371506
-0.341845
-0.293801
-0.238898
-0.179736
-0.116726
-0.0502546
0.0192206
0.0910651
0.164317
0.22855
0.276319
0.31108
0.336962
0.356608
0.371789
0.383716
0.392892
0.398528
0.399484
-0.401318
-0.371666
-0.322032
-0.264596
-0.20233
-0.135719
-0.0651917
0.0087305
0.0853081
0.163402
0.231701
0.282138
0.318465
0.345194
0.365241
0.38055
0.392436
0.401498
0.407006
0.407963
-0.428181
-0.398494
-0.347621
-0.288152
-0.223358
-0.153729
-0.0797031
-0.00181525
0.0791685
0.161978
0.234374
0.287579
0.325575
0.353239
0.373755
0.389246
0.401137
0.41012
0.415507
0.416469
-0.452966
-0.423197
-0.371352
-0.310223
-0.243323
-0.171126
-0.094017
-0.0125196
0.0726118
0.16003
0.236621
0.292792
0.332649
0.361404
0.382502
0.398254
0.410214
0.419098
0.424368
0.425366
-0.476401
-0.446448
-0.39377
-0.331235
-0.262546
-0.188125
-0.108311
-0.023555
0.065463
0.157432
0.238401
0.297825
0.339823
0.369887
0.391716
0.407824
0.419901
0.428777
0.433875
0.434936
-0.498755
-0.468571
-0.415176
-0.351528
-0.281317
-0.204982
-0.122793
-0.0350741
0.0576207
0.15409
0.239636
0.30265
0.347137
0.378788
0.40155
0.418143
0.430413
0.439311
0.444268
0.445318
-0.520367
-0.489858
-0.435829
-0.371254
-0.299744
-0.221777
-0.137512
-0.0471409
0.0489939
0.149887
0.240188
0.307169
0.354543
0.38813
0.412081
0.429331
0.441903
0.450867
0.455705
0.456702
-0.541269
-0.51046
-0.455928
-0.390486
-0.317883
-0.238546
-0.152499
-0.059776
0.0395306
0.144738
0.239924
0.311218
0.361919
0.397843
0.423303
0.441435
0.454461
0.463556
0.468309
0.469164
-0.561519
-0.530427
-0.475449
-0.409259
-0.335745
-0.255276
-0.167743
-0.0729773
0.0292169
0.138561
0.23869
0.31459
0.369048
0.407787
0.43516
0.454463
0.468128
0.477476
0.482174
0.482815
-0.581152
-0.549709
-0.494375
-0.427543
-0.353314
-0.271923
-0.183182
-0.0866957
0.0180744
0.131308
0.236348
0.317038
0.375663
0.41775
0.44753
0.468376
0.482878
0.49256
0.497253
0.497665
-0.600191
-0.568342
-0.512654
-0.445295
-0.370514
-0.288424
-0.198744
-0.100861
0.00614385
0.122963
0.232757
0.318303
0.381427
0.427403
0.460163
0.48303
0.498684
0.508844
0.513484
0.513652
-0.618442
-0.58636
-0.53024
-0.462481
-0.38728
-0.304694
-0.214345
-0.115377
-0.00649461
0.113572
0.227837
0.318167
0.385923
0.436219
0.472685
0.49821
0.515394
0.526077
0.530558
0.530459
-0.635921
-0.603619
-0.547108
-0.479034
-0.403536
-0.320654
-0.229879
-0.130151
-0.0197409
0.103183
0.221587
0.316434
0.388706
0.443559
0.484521
0.513756
0.53313
0.544263
0.548227
0.547757
-0.652629
-0.620008
-0.563213
-0.494904
-0.419222
-0.336216
-0.245251
-0.145061
-0.033488
0.0918987
0.214017
0.312956
0.389371
0.448702
0.494824
0.529189
0.552199
0.563846
0.566021
0.564864
-0.668431
-0.635567
-0.578501
-0.510018
-0.434285
-0.351303
-0.260363
-0.159993
-0.0475952
0.07986
0.205205
0.307663
0.387656
0.450984
0.502331
0.54328
0.572774
0.587242
0.585412
0.581535
-0.683434
-0.650285
-0.59298
-0.524403
-0.448756
-0.365964
-0.275279
-0.17501
-0.0621415
0.0670003
0.195089
0.300344
0.383325
0.449568
0.505084
0.553228
0.592741
0.61824
0.617758
0.592794
-0.697609
-0.664204
-0.606752
-0.538224
-0.462879
-0.38049
-0.290387
-0.1906
-0.0777004
0.0526437
0.183049
0.290362
0.375568
0.443364
0.500034
0.553153
0.599971
0.628566
0.619653
0.589132
-0.710854
-0.677387
-0.619662
-0.551255
-0.476377
-0.39456
-0.305443
-0.206447
-0.0939812
0.0370963
0.16936
0.277883
0.363961
0.431984
0.483408
0.533504
0.571662
0.582995
0.51839
0.4705
-0.722553
-0.690076
-0.631322
-0.562929
-0.48872
-0.407808
-0.320192
-0.222389
-0.110862
0.0204482
0.154087
0.262882
0.348453
0.416902
0.457628
0.484918
0.506484
0.466649
0.386717
0.333626
-0.775222
-0.698975
-0.642036
-0.574613
-0.501242
-0.421431
-0.334799
-0.238709
-0.128684
0.00225503
0.136828
0.245187
0.326817
0.39799
0.4162
0.412717
0.381979
0.311119
0.216999
0.165214
-0.725719
-0.712518
-0.655849
-0.590849
-0.51847
-0.440187
-0.35635
-0.262991
-0.155205
-0.0244791
0.110548
0.214726
0.285887
0.33911
0.34414
0.206379
0.0746548
-0.0151277
-0.108
-0.0537274
-0.751649
-0.724511
-0.668592
-0.603682
-0.532056
-0.455029
-0.372314
-0.281402
-0.176315
-0.0470554
0.088625
0.189591
0.251182
0.275235
0.206325
0.0151356
-0.162048
-0.287118
-0.42284
-0.328755
-0.769801
-0.738376
-0.682862
-0.617617
-0.546565
-0.470753
-0.389794
-0.301613
-0.199952
-0.0729767
0.0627894
0.160926
0.209584
0.202822
0.0577806
-0.203949
-0.427078
-0.598015
-0.796795
-0.698347
-0.786384
-0.753121
-0.696824
-0.631161
-0.560623
-0.486063
-0.407324
-0.322495
-0.224601
-0.0992548
0.0375516
0.132465
0.164316
0.112328
-0.120898
-0.433402
-0.72604
-0.981502
-1.27315
-1.23179
-0.801052
-0.767556
-0.710683
-0.644786
-0.574811
-0.501629
-0.425394
-0.344277
-0.250714
-0.127861
0.0116231
0.10494
0.115285
0.00820226
-0.296895
-0.653333
-1.01671
-1.3543
-1.75074
-2.1192
-0.814857
-0.781612
-0.724526
-0.658655
-0.589292
-0.517585
-0.44408
-0.367302
-0.279034
-0.159752
-0.0175241
0.0764899
0.0643971
-0.096959
-0.458784
-0.83556
-1.22364
-1.56061
-1.72441
-1.98654
-0.828327
-0.795288
-0.738389
-0.672727
-0.604115
-0.5341
-0.463761
-0.392189
-0.310788
-0.196132
-0.0485606
0.0479698
0.0148578
-0.216839
-0.605962
-0.981094
-1.30884
-1.53617
-1.59964
-1.64036
-0.841708
-0.808826
-0.752039
-0.686765
-0.619074
-0.550996
-0.484396
-0.419117
-0.346475
-0.239114
-0.0853229
0.019952
-0.0375849
-0.342251
-0.7366
-1.11797
-1.38328
-1.4842
-1.51687
-1.53356
-0.855009
-0.822104
-0.765311
-0.700466
-0.633804
-0.567939
-0.505647
-0.448027
-0.388089
-0.291855
-0.131713
-0.00968583
-0.0962925
-0.467594
-0.86151
-1.26167
-1.54811
-1.51751
-1.5411
-1.55534
-0.867915
-0.834822
-0.777902
-0.713469
-0.647879
-0.584429
-0.526964
-0.478624
-0.434709
-0.359812
-0.199389
-0.0580022
-0.173902
-0.600427
-0.984603
-1.39585
-1.84021
-1.78721
-1.65296
-1.6153
-0.879927
-0.846525
-0.789376
-0.725273
-0.660712
-0.599738
-0.54762
-0.510446
-0.488849
-0.450478
-0.309359
-0.157124
-0.296609
-0.741121
-1.08536
-1.34884
-1.65178
-1.60934
-1.55792
-1.53432
-0.890378
-0.856486
-0.799222
-0.735269
-0.671577
-0.612998
-0.566584
-0.542563
-0.552153
-0.580444
-0.503269
-0.346906
-0.498128
-0.909812
-1.12288
-1.04877
-0.958692
-1.2237
-1.39402
-1.42762
-0.898867
-0.864308
-0.806723
-0.74274
-0.6796
-0.62306
-0.582605
-0.573075
-0.623822
-0.767964
-0.841423
-0.677949
-0.799189
-1.16448
-1.40453
-1.36934
-1.39632
-1.52336
-1.629
-1.68052
-0.90473
-0.869301
-0.811183
-0.746876
-0.683823
-0.628558
-0.592609
-0.598491
-0.698018
-1.01324
-1.36515
-1.17338
-1.20165
-1.56737
-2.14295
-2.61952
-2.73585
-2.63252
-2.47343
-2.40827
-0.907207
-0.870873
-0.811963
-0.74692
-0.683274
-0.628177
-0.595067
-0.614174
-0.761723
-1.27995
-2.0254
-1.74004
-1.56714
-1.89014
-2.67416
-3.63044
-3.83451
-3.49427
-3.11162
-2.95298
-0.905738
-0.868423
-0.808469
-0.742236
-0.677127
-0.620544
-0.58698
-0.610357
-0.789894
-1.46216
-2.52707
-2.11308
-1.55964
-1.63665
-2.14892
-2.82862
-2.91588
-2.48364
-2.08834
-1.92536
-0.900147
-0.861621
-0.800382
-0.732465
-0.664936
-0.604862
-0.566313
-0.582931
-0.75644
-1.4298
-2.51308
-1.8266
-0.973614
-0.467506
-0.281295
-0.287984
-0.251117
-0.0486362
0.0859577
0.132108
-0.890502
-0.850659
-0.787732
-0.71766
-0.646842
-0.581418
-0.53321
-0.529406
-0.647474
-1.13046
-1.81385
-1.03085
-0.151513
0.495376
0.905794
1.16308
1.3162
1.38305
1.40683
1.41076
-0.87671
-0.835808
-0.770798
-0.698346
-0.623674
-0.551577
-0.490456
-0.457346
-0.492434
-0.687599
-0.82171
-0.18332
0.473786
0.969138
1.2964
1.51293
1.63627
1.69763
1.72175
1.72496
-0.857895
-0.816512
-0.750063
-0.675069
-0.596569
-0.517664
-0.443078
-0.380116
-0.338997
-0.311982
-0.140263
0.292031
0.745552
1.09202
1.31792
1.46811
1.56347
1.62087
1.6503
1.65619
-0.833662
-0.792355
-0.725155
-0.648242
-0.566486
-0.481856
-0.395967
-0.309507
-0.217487
-0.0861877
0.160554
0.484258
0.791547
1.0333
1.1996
1.31402
1.39289
1.44659
1.47627
1.48292
-0.80128
-0.761073
-0.694686
-0.616812
-0.533368
-0.445142
-0.351815
-0.250823
-0.132428
0.0338435
0.271259
0.526313
0.749309
0.924885
1.05371
1.14727
1.21551
1.2643
1.28966
1.29648
-0.755222
-0.71799
-0.656145
-0.578901
-0.495861
-0.406869
-0.310848
-0.203877
-0.0765569
0.0922977
0.301254
0.504068
0.674244
0.808545
0.911216
0.989051
1.0481
1.09127
1.11521
1.12269
-0.69468
-0.662343
-0.603471
-0.531
-0.451486
-0.365577
-0.271464
-0.165781
-0.0412334
0.115585
0.292713
0.45384
0.585631
0.689899
0.771399
0.835073
0.884308
0.920465
0.943524
0.950991
-0.6087
-0.587339
-0.534481
-0.469203
-0.397014
-0.31827
-0.231159
-0.133016
-0.0188442
0.118992
0.264913
0.391132
0.491161
0.569436
0.630326
0.678173
0.716126
0.744585
0.761834
0.766479
-0.485708
-0.475085
-0.438435
-0.3875
-0.329119
-0.263561
-0.189113
-0.103783
-0.00415023
0.114008
0.2361
0.338986
0.419215
0.480583
0.52699
0.561756
0.587611
0.607367
0.620344
0.62346
-0.352731
-0.348599
-0.326677
-0.293051
-0.251938
-0.202677
-0.144033
-0.0743058
0.00884557
0.107813
0.209209
0.293226
0.357491
0.405518
0.440568
0.465536
0.482968
0.494425
0.500418
0.501814
-0.230508
-0.228318
-0.217721
-0.199007
-0.173569
-0.140195
-0.097534
-0.0437392
0.0228006
0.103475
0.18601
0.253826
0.304844
0.341874
0.367954
0.38576
0.397213
0.403961
0.407183
0.407649
-0.130248
-0.130234
-0.126612
-0.118105
-0.104254
-0.0836189
-0.0542454
-0.0146096
0.0369668
0.101323
0.167658
0.221666
0.261613
0.290106
0.309566
0.322072
0.329653
0.333812
0.335631
0.335659
-0.0583533
-0.0591949
-0.0596985
-0.0575394
-0.0509452
-0.0385329
-0.0188363
0.00999713
0.0491409
0.0994285
0.151888
0.194542
0.225728
0.247343
0.261649
0.27068
0.275899
0.278467
0.279373
0.279313
-0.0123733
-0.0132449
-0.0149135
-0.0152492
-0.0126172
-0.00549697
0.00766524
0.0284077
0.0582156
0.0971834
0.138187
0.171359
0.195361
0.211968
0.222885
0.229404
0.232933
0.234518
0.234992
0.234909
0.0153404
0.0147376
0.0133851
0.012784
0.014193
0.0186514
0.0274529
0.0421312
0.0644005
0.0944499
0.126353
0.152207
0.170866
0.18359
0.191497
0.196182
0.198666
0.199688
0.199931
0.199856
0.0322694
0.0319143
0.0311028
0.0307326
0.0317205
0.034945
0.0414001
0.0522
0.0683813
0.0917603
0.116346
0.136209
0.15053
0.160015
0.165979
0.169458
0.171226
0.171898
0.172043
0.171982
0.0431613
0.0429548
0.0424735
0.0423
0.0430555
0.0453797
0.0500978
0.0581773
0.070519
0.0879263
0.10707
0.122423
0.133292
0.140535
0.145048
0.147639
0.148936
0.149415
0.149512
0.149463
0.0499661
0.0498467
0.049562
0.0495188
0.050169
0.0519786
0.0555457
0.0616131
0.0709786
0.0842079
0.0987166
0.110474
0.118779
0.124277
0.127691
0.129638
0.130597
0.130936
0.131
0.13096
0.0537575
0.0536856
0.0535137
0.0535307
0.0540666
0.0554704
0.0582041
0.0628348
0.069964
0.0800071
0.0910114
0.0999652
0.106311
0.110509
0.113102
0.114568
0.115278
0.11552
0.115561
0.115528
0.055296
0.0552517
0.0551557
0.0552131
0.0556645
0.056767
0.0588658
0.0623974
0.0678303
0.0754732
0.0838425
0.0906668
0.0954998
0.0986889
0.10065
0.101751
0.102278
0.10245
0.102475
0.102448
0.0551739
0.0551449
0.0550933
0.0551668
0.0555412
0.0564099
0.0580324
0.0607394
0.0648832
0.0706997
0.0770639
0.0822659
0.0859328
0.0883512
0.0898334
0.0906608
0.0910512
0.0911735
0.0911871
0.0911639
0.0538058
0.0537856
0.0537572
0.0538303
0.0541343
0.0548144
0.0560671
0.0581408
0.0613042
0.0657383
0.0705889
0.0745347
0.0773202
0.0791521
0.0802707
0.0808904
0.0811785
0.0812644
0.0812706
0.0812514
0.0514894
0.0514745
0.0514575
0.0515215
0.0517631
0.0522924
0.0532575
0.0548464
0.0572607
0.0606391
0.0643281
0.0673245
0.0694382
0.0708246
0.0716677
0.0721314
0.0723431
0.0724018
0.0724026
0.0723867
0.0484426
0.0484311
0.0484194
0.0484713
0.0486601
0.049069
0.0498098
0.0510244
0.0528658
0.0554374
0.0582419
0.060515
0.0621163
0.0631632
0.0637966
0.0641421
0.0642968
0.0643366
0.0643345
0.0643215
0.0448323
0.0448232
0.0448139
0.0448541
0.0449989
0.045312
0.0458782
0.0468046
0.0482065
0.0501616
0.052289
0.0540104
0.0552209
0.0560102
0.0564856
0.0567425
0.056855
0.0568808
0.0568768
0.0568662
0.0407883
0.0407807
0.0407729
0.0408029
0.0409128
0.0411508
0.041581
0.0422842
0.0433473
0.0448288
0.0464391
0.0477408
0.0486536
0.0492463
0.0496014
0.0497911
0.0498719
0.0498881
0.0498833
0.0498749
0.0364126
0.0364063
0.0363993
0.0364206
0.0365025
0.0366811
0.0370052
0.0375359
0.0383392
0.0394576
0.0406713
0.0416505
0.0423362
0.0427794
0.0430428
0.0431816
0.0432387
0.0432477
0.0432423
0.0432355
0.0317837
0.0317786
0.0317719
0.031786
0.0318454
0.0319775
0.0322192
0.0326164
0.0332184
0.0340566
0.0349648
0.0356962
0.0362065
0.036535
0.0367295
0.0368307
0.0368708
0.0368753
0.0368699
0.0368643
0.0269624
0.026958
0.0269513
0.0269596
0.0270016
0.0270979
0.0272759
0.0275698
0.0280153
0.0286355
0.029308
0.0298479
0.0302227
0.0304627
0.0306032
0.0306749
0.0307018
0.0307028
0.0306976
0.0306932
0.0219966
0.0219928
0.0219863
0.0219904
0.0220188
0.0220868
0.0222142
0.0224259
0.0227481
0.0231976
0.0236845
0.0240754
0.0243463
0.0245187
0.024618
0.0246671
0.0246835
0.0246817
0.0246765
0.024673
0.0169235
0.0169201
0.0169137
0.016914
0.0169315
0.0169769
0.0170642
0.0172107
0.0174348
0.0177487
0.0180888
0.0183609
0.0185484
0.0186664
0.0187332
0.018765
0.0187741
0.0187705
0.0187656
0.0187629
0.0117721
0.0117693
0.0117632
0.0117611
0.0117703
0.011798
0.0118533
0.0119475
0.0120923
0.0122941
0.0125129
0.0126871
0.0128062
0.0128807
0.0129222
0.0129406
0.0129439
0.0129391
0.0129345
0.0129325
0.00656433
0.00656227
0.00655707
0.00655378
0.00655732
0.00657117
0.00659983
0.00664903
0.00672491
0.00683212
0.00694767
0.00704039
0.00710377
0.00714286
0.00716369
0.00717168
0.00717123
0.007166
0.00716218
0.00716079
0.00131834
0.00131793
0.00131609
0.0013141
0.00131246
0.00131369
0.00131753
0.00132483
0.00133672
0.00135478
0.00137772
0.00139931
0.0014148
0.00142458
0.00143006
0.00143259
0.00143249
0.0014299
0.00142766
0.00142675
-0.902833
-0.627135
-0.326227
-0.0851191
0.109734
0.268067
0.403531
0.518601
0.57379
0.549845
-0.415152
-0.23395
-0.0480173
0.110901
0.24581
0.359649
0.453126
0.520596
0.555825
0.565367
-0.0924079
0.025141
0.147443
0.256184
0.350252
0.429412
0.492392
0.538161
0.569291
0.585126
0.126728
0.206009
0.291096
0.367595
0.434364
0.490685
0.536368
0.571784
0.598868
0.615787
0.288207
0.344968
0.404408
0.460608
0.510059
0.552696
0.588465
0.61737
0.640329
0.657314
0.414326
0.455901
0.501886
0.545635
0.585021
0.619771
0.649609
0.674085
0.693591
0.710468
0.520295
0.553772
0.593427
0.630453
0.664678
0.695298
0.721681
0.743281
0.759881
0.776752
0.617069
0.649254
0.686805
0.721884
0.75405
0.782811
0.80737
0.827029
0.841159
0.858151
0.717564
0.75262
0.791306
0.826746
0.858405
0.885889
0.908913
0.92696
0.939357
0.956783
0.835732
0.874494
0.914418
0.949785
0.980132
1.00572
1.02675
1.04313
1.05497
1.07309
0.982487
1.02181
1.05856
1.08991
1.11614
1.13875
1.15822
1.17406
1.18673
1.2048
1.15858
1.19081
1.21735
1.24014
1.26042
1.27942
1.29743
1.31412
1.32966
1.34778
1.34792
1.36535
1.38064
1.39711
1.41324
1.42792
1.44124
1.45532
1.47299
1.49322
1.5302
1.53974
1.5514
1.56233
1.57175
1.58151
1.59242
1.60384
1.61522
1.63059
1.73749
1.74119
1.72631
1.71166
1.70555
1.71125
1.72981
1.76019
1.79236
1.819
2.04398
1.9092
1.83269
1.7903
1.77275
1.77685
1.80423
1.86064
1.96338
2.18779
0.3082
0.306187
0.30176
0.293316
0.281338
0.269523
0.25965
0.252074
0.246698
0.243536
0.243028
0.245359
0.249953
0.256643
0.265513
0.276584
0.28887
0.299618
0.305611
0.308507
0.232105
0.23802
0.244556
0.249455
0.252316
0.252386
0.250038
0.246595
0.243357
0.241158
0.240818
0.242641
0.245769
0.249467
0.252706
0.254061
0.252631
0.248674
0.243113
0.236348
0.223375
0.225692
0.229501
0.233043
0.235601
0.237485
0.2386
0.238656
0.23791
0.237157
0.237158
0.238078
0.239302
0.239983
0.239569
0.238155
0.236045
0.233087
0.229275
0.226081
0.217509
0.218479
0.221025
0.224474
0.227397
0.229448
0.230822
0.231721
0.232225
0.232456
0.232721
0.233062
0.233146
0.232754
0.231851
0.230319
0.227942
0.224723
0.221548
0.219864
0.214673
0.215001
0.216579
0.219098
0.221549
0.223862
0.225824
0.227229
0.228147
0.22875
0.229156
0.229334
0.229094
0.228314
0.226881
0.224894
0.222615
0.220178
0.217993
0.217177
0.213999
0.214137
0.214854
0.216082
0.217387
0.218771
0.220072
0.221347
0.222474
0.223342
0.223882
0.223971
0.223599
0.222844
0.221896
0.220748
0.219507
0.218335
0.21734
0.216994
0.212544
0.212606
0.212998
0.213781
0.214737
0.215727
0.216875
0.218048
0.21911
0.220024
0.220669
0.22087
0.220637
0.220059
0.219225
0.218506
0.21771
0.216933
0.216384
0.216216
0.210123
0.210148
0.210337
0.21077
0.211307
0.212028
0.212847
0.213753
0.214737
0.215695
0.216464
0.216835
0.216819
0.216576
0.216257
0.215707
0.215371
0.214989
0.214739
0.214674
0.207141
0.207152
0.20728
0.207598
0.208053
0.208611
0.209292
0.210097
0.21102
0.212016
0.21294
0.213539
0.213788
0.213806
0.213682
0.213479
0.213245
0.213008
0.212867
0.212833
0.2038
0.203805
0.20389
0.204109
0.204448
0.204905
0.205512
0.20629
0.207249
0.208361
0.20949
0.210346
0.210841
0.211084
0.211167
0.211155
0.211093
0.211014
0.210968
0.210956
0.20009
0.200095
0.200157
0.200334
0.20062
0.201039
0.201627
0.202425
0.203462
0.204744
0.206146
0.207309
0.208087
0.208567
0.208848
0.208996
0.209063
0.209084
0.209094
0.209095
0.195992
0.195992
0.196062
0.196226
0.196505
0.196932
0.19756
0.198444
0.199641
0.201179
0.20293
0.204465
0.205535
0.206267
0.206733
0.207023
0.207195
0.20729
0.207339
0.20735
0.191481
0.191478
0.191553
0.191733
0.192041
0.192521
0.193241
0.194277
0.195711
0.197595
0.199797
0.201771
0.203207
0.204204
0.204869
0.205298
0.205565
0.205723
0.205803
0.205822
0.186506
0.186502
0.186589
0.186801
0.187163
0.187736
0.188603
0.189864
0.191628
0.193973
0.196749
0.199274
0.201137
0.202438
0.20332
0.203898
0.204263
0.204483
0.204595
0.204622
0.180965
0.180959
0.181067
0.181327
0.181775
0.182483
0.183557
0.185127
0.187331
0.190277
0.193781
0.196986
0.199359
0.201031
0.202168
0.202917
0.203394
0.203681
0.203828
0.203863
0.174721
0.174713
0.17485
0.175179
0.175744
0.176637
0.177992
0.179974
0.182757
0.186477
0.190903
0.194954
0.197954
0.200074
0.201518
0.202471
0.203078
0.203445
0.203632
0.203677
0.167585
0.167574
0.167752
0.168175
0.168899
0.17004
0.171769
0.174292
0.177828
0.182541
0.188131
0.193235
0.197012
0.199679
0.201496
0.202695
0.20346
0.203923
0.204159
0.204215
0.1593
0.159286
0.159519
0.16007
0.161009
0.162482
0.164706
0.167941
0.172455
0.178439
0.185496
0.19191
0.196643
0.199981
0.202255
0.203756
0.204715
0.205297
0.205593
0.205661
0.149514
0.149496
0.149807
0.150535
0.151765
0.153682
0.156567
0.160745
0.166532
0.174141
0.18304
0.191075
0.196984
0.201147
0.203982
0.205855
0.207054
0.207783
0.208153
0.208238
0.137745
0.137725
0.138149
0.139126
0.140754
0.143276
0.147051
0.152489
0.159942
0.169626
0.180823
0.190852
0.1982
0.203371
0.206895
0.209227
0.210725
0.211642
0.212109
0.212213
0.123322
0.123304
0.1239
0.125236
0.127419
0.130787
0.135828
0.142952
0.152576
0.164897
0.178935
0.191388
0.200479
0.206879
0.211249
0.21415
0.216024
0.217182
0.217777
0.217906
0.105253
0.105244
0.10612
0.107995
0.111002
0.115621
0.122409
0.131865
0.144362
0.160009
0.177507
0.192857
0.204032
0.21192
0.217332
0.220943
0.223289
0.224755
0.225519
0.225687
0.0819888
0.0820144
0.0833718
0.0861144
0.0904433
0.0969963
0.106375
0.119039
0.135291
0.155077
0.176705
0.195444
0.209064
0.218736
0.225439
0.229957
0.232918
0.234782
0.235768
0.235994
0.0510117
0.0511523
0.0533997
0.0576856
0.0642967
0.073968
0.0872018
0.104326
0.125444
0.150272
0.176706
0.199301
0.215721
0.227498
0.235804
0.241524
0.24535
0.247797
0.249105
0.249407
0.0077988
0.00828112
0.0125583
0.0200928
0.0309439
0.0457766
0.0647497
0.0879253
0.115131
0.145878
0.177698
0.204526
0.224042
0.238233
0.248493
0.255814
0.260923
0.264366
0.266256
0.266652
-0.0560048
-0.0537745
-0.0438121
-0.0292701
-0.010385
0.0127004
0.0397441
0.0706056
0.104981
0.142317
0.179889
0.21114
0.233915
0.250727
0.263234
0.272562
0.279472
0.284452
0.287466
0.287868
-0.132556
-0.128584
-0.110229
-0.0841103
-0.0546025
-0.0219718
0.0138402
0.0528537
0.0948899
0.139505
0.183804
0.220635
0.247853
0.26848
0.284431
0.296959
0.306975
0.314796
0.318387
0.32005
-0.210966
-0.200038
-0.172483
-0.136361
-0.0973329
-0.0556204
-0.0112499
0.0358197
0.0854622
0.137335
0.188373
0.230764
0.26227
0.286436
0.305473
0.320772
0.333201
0.343201
0.349415
0.3522
-0.268878
-0.256863
-0.224435
-0.181808
-0.135483
-0.0863204
-0.0345208
0.0197935
0.0764384
0.135047
0.192237
0.239394
0.27421
0.300713
0.321351
0.337673
0.350697
0.360995
0.367609
0.370527
-0.315037
-0.302708
-0.266911
-0.219785
-0.168328
-0.113555
-0.055759
0.00475111
0.0675998
0.132253
0.194884
0.246083
0.283474
0.311553
0.33311
0.349929
0.363167
0.373515
0.380235
0.383028
-0.352619
-0.340451
-0.302708
-0.25221
-0.196759
-0.13752
-0.07486
-0.00915834
0.0591026
0.129246
0.196929
0.251802
0.291402
0.320746
0.342956
0.36004
0.373309
0.38357
0.390273
0.392955
-0.3849
-0.372933
-0.333783
-0.280754
-0.222145
-0.159239
-0.0924341
-0.0221701
0.0509677
0.126135
0.198486
0.256769
0.298422
0.328916
0.351703
0.369024
0.382343
0.392557
0.399301
0.401917
-0.413431
-0.401629
-0.361509
-0.306495
-0.245336
-0.179369
-0.109022
-0.034787
0.042723
0.122571
0.199465
0.261182
0.304936
0.336636
0.360056
0.37766
0.391067
0.401258
0.408042
0.410583
-0.439416
-0.427702
-0.386828
-0.330205
-0.266982
-0.198494
-0.125126
-0.0473474
0.0342044
0.118546
0.199966
0.265234
0.311243
0.344285
0.368441
0.386403
0.399951
0.410145
0.41697
0.419442
-0.463651
-0.451971
-0.410455
-0.352512
-0.287546
-0.216895
-0.140901
-0.0599732
0.0253029
0.113948
0.199927
0.268961
0.31748
0.352078
0.377127
0.395554
0.409305
0.419555
0.426358
0.428757
-0.486612
-0.474943
-0.432851
-0.37381
-0.307389
-0.234884
-0.156596
-0.0728651
0.0158386
0.108647
0.199263
0.272342
0.323694
0.360132
0.386284
0.405312
0.419348
0.429696
0.436509
0.438852
-0.508709
-0.49694
-0.454315
-0.394362
-0.326721
-0.252638
-0.172367
-0.0861324
0.0057315
0.102542
0.197869
0.275288
0.329849
0.36848
0.396003
0.415815
0.430253
0.440757
0.447581
0.449879
-0.530089
-0.518169
-0.475012
-0.414331
-0.345621
-0.270206
-0.188239
-0.0998133
-0.0050743
0.0955469
0.195617
0.277653
0.335835
0.377064
0.406304
0.427143
0.442128
0.452879
0.459718
0.461989
-0.55077
-0.538694
-0.49506
-0.433754
-0.364147
-0.28762
-0.204225
-0.113918
-0.0166016
0.0876037
0.192378
0.27927
0.341466
0.385754
0.417116
0.439296
0.455031
0.466127
0.473018
0.475305
-0.570858
-0.558548
-0.514566
-0.452651
-0.382285
-0.304865
-0.220299
-0.128407
-0.0288328
0.078697
0.188041
0.279939
0.346507
0.39432
0.428279
0.452175
0.468952
0.480578
0.487603
0.489786
-0.590247
-0.577787
-0.533433
-0.470964
-0.400002
-0.321871
-0.236386
-0.143216
-0.0417154
0.0688219
0.182555
0.279469
0.350671
0.402437
0.439541
0.465652
0.4838
0.496173
0.503421
0.50548
-0.608976
-0.596293
-0.551632
-0.48867
-0.417246
-0.338577
-0.252416
-0.15826
-0.0551684
0.0580239
0.17588
0.277692
0.353614
0.409726
0.45059
0.479571
0.4995
0.512765
0.520211
0.522101
-0.626861
-0.614075
-0.569064
-0.505715
-0.43395
-0.354897
-0.268299
-0.173442
-0.0691032
0.0463914
0.168005
0.274449
0.354995
0.415735
0.460951
0.493587
0.516004
0.530383
0.537873
0.539436
-0.644023
-0.631086
-0.585729
-0.522058
-0.45005
-0.370779
-0.283934
-0.188667
-0.083408
0.0340166
0.158989
0.26965
0.354559
0.41988
0.469879
0.507153
0.533248
0.549185
0.55614
0.55689
-0.660309
-0.64724
-0.601569
-0.537647
-0.465468
-0.386136
-0.299239
-0.203809
-0.0979686
0.0209963
0.148932
0.263346
0.352104
0.421467
0.476252
0.519193
0.550927
0.570261
0.575867
0.573729
-0.675782
-0.662541
-0.616546
-0.552423
-0.480175
-0.400905
-0.314131
-0.218783
-0.112658
0.007489
0.13796
0.255587
0.347566
0.420071
0.478856
0.527873
0.567492
0.594618
0.602121
0.590941
-0.690384
-0.677002
-0.630752
-0.566508
-0.49435
-0.415342
-0.32893
-0.234
-0.12798
-0.00707719
0.125511
0.245798
0.34029
0.415255
0.476333
0.530185
0.57843
0.617643
0.630813
0.626537
-0.704125
-0.690535
-0.644183
-0.579877
-0.507993
-0.429458
-0.343614
-0.249462
-0.143956
-0.022769
0.111471
0.233766
0.329764
0.406353
0.466641
0.520342
0.569783
0.607884
0.607225
0.537535
-0.71685
-0.702711
-0.656728
-0.592624
-0.521242
-0.443383
-0.358218
-0.265052
-0.160502
-0.0394658
0.0959355
0.219584
0.315759
0.393342
0.450431
0.491446
0.533084
0.545515
0.497174
0.421928
-0.728496
-0.715414
-0.668058
-0.604376
-0.533756
-0.456611
-0.372858
-0.2807
-0.177421
-0.0569593
0.0791848
0.203506
0.297944
0.376346
0.43017
0.468748
0.456736
0.427098
0.3502
0.266113
-0.70781
-0.692068
-0.648153
-0.582707
-0.509649
-0.430204
-0.342697
-0.247482
-0.138287
-0.00766528
0.126937
0.234636
0.313823
0.38657
0.459562
0.367885
0.311063
0.239703
0.149891
0.0896961
-0.730034
-0.711968
-0.681076
-0.622036
-0.55296
-0.477184
-0.3949
-0.305398
-0.204954
-0.0866352
0.0501561
0.174721
0.263703
0.331756
0.391342
0.385712
0.259734
0.154288
0.0786363
-0.0284915
-0.74518
-0.728642
-0.690949
-0.631298
-0.562825
-0.488141
-0.407857
-0.320577
-0.222763
-0.106511
0.0299921
0.154284
0.23933
0.293328
0.30327
0.218314
0.0287709
-0.0987475
-0.198077
-0.311096
-0.760173
-0.747448
-0.703892
-0.643946
-0.57552
-0.501578
-0.422628
-0.337301
-0.242109
-0.127958
0.0081896
0.130188
0.206848
0.244393
0.203912
0.0236399
-0.19848
-0.365285
-0.507517
-0.680803
-0.777324
-0.763982
-0.718627
-0.657767
-0.58943
-0.516342
-0.438886
-0.356162
-0.264108
-0.152574
-0.016441
0.105849
0.172032
0.186111
0.0867145
-0.17712
-0.45384
-0.6801
-0.886514
-1.16166
-0.792597
-0.77946
-0.733242
-0.671341
-0.603149
-0.531003
-0.455361
-0.375566
-0.287381
-0.179647
-0.0441235
0.0797962
0.138569
0.121327
-0.0474026
-0.377651
-0.715934
-1.03654
-1.32098
-1.89344
-0.806594
-0.794034
-0.747421
-0.68507
-0.617119
-0.54595
-0.47229
-0.395752
-0.312072
-0.208931
-0.0732888
0.0526427
0.102718
0.0456503
-0.201271
-0.562384
-0.943857
-1.32141
-1.6596
-2.28551
-0.820159
-0.808019
-0.761338
-0.698921
-0.631338
-0.56122
-0.489736
-0.416891
-0.338681
-0.241158
-0.105647
0.0261458
0.0676785
-0.0373266
-0.344485
-0.723028
-1.09827
-1.43894
-1.61974
-1.6649
-0.83363
-0.821827
-0.775309
-0.712795
-0.645763
-0.576899
-0.507941
-0.439527
-0.368277
-0.278583
-0.143877
-0.00366561
0.0352292
-0.117225
-0.479484
-0.866118
-1.20543
-1.44054
-1.53476
-1.56566
-0.846981
-0.835484
-0.788961
-0.72645
-0.660059
-0.592644
-0.526598
-0.463526
-0.401164
-0.322499
-0.191082
-0.0363651
0.00195962
-0.20023
-0.607172
-0.995813
-1.34854
-1.47278
-1.48846
-1.52496
-0.860154
-0.848724
-0.802087
-0.739588
-0.673882
-0.608064
-0.545317
-0.488609
-0.43741
-0.375335
-0.252704
-0.0820897
-0.0364715
-0.301818
-0.736521
-1.12162
-1.54433
-1.69398
-1.61736
-1.59815
-0.872689
-0.861293
-0.814028
-0.751839
-0.686764
-0.622591
-0.56344
-0.514046
-0.477028
-0.439715
-0.339094
-0.156978
-0.110988
-0.435555
-0.867222
-1.21992
-1.65552
-1.87003
-1.68454
-1.61286
-0.88402
-0.872618
-0.824798
-0.762643
-0.698106
-0.635517
-0.580139
-0.538955
-0.520218
-0.519764
-0.472796
-0.30018
-0.255253
-0.609188
-0.98208
-1.16503
-1.21165
-1.34234
-1.41312
-1.45389
-0.893583
-0.882153
-0.833807
-0.771417
-0.70718
-0.645937
-0.59424
-0.56183
-0.565461
-0.62053
-0.686504
-0.56947
-0.507744
-0.836936
-1.14529
-1.16003
-0.966188
-1.12351
-1.35503
-1.47363
-0.901045
-0.889442
-0.840025
-0.777378
-0.713157
-0.652771
-0.604131
-0.580769
-0.610091
-0.747199
-1.00836
-1.02484
-0.892341
-1.16128
-1.54471
-1.89512
-1.96967
-2.01614
-1.99382
-1.98933
-0.905408
-0.893364
-0.843097
-0.77982
-0.715158
-0.654905
-0.608206
-0.592342
-0.647774
-0.889244
-1.44445
-1.65798
-1.36264
-1.58138
-2.08633
-2.89709
-3.36717
-3.35341
-3.05262
-2.8493
-0.906113
-0.893596
-0.842319
-0.778064
-0.712393
-0.651217
-0.604529
-0.593164
-0.6674
-1.00669
-1.90405
-2.28621
-1.71363
-1.68384
-2.18665
-3.17829
-3.76036
-3.55483
-3.04443
-2.73482
-0.902803
-0.889727
-0.837232
-0.77163
-0.704284
-0.640899
-0.591509
-0.57787
-0.658153
-1.03231
-2.09792
-2.53605
-1.62056
-1.18902
-1.14561
-1.41072
-1.61205
-1.40629
-1.09573
-0.923988
-0.89531
-0.881757
-0.827687
-0.760376
-0.690668
-0.623703
-0.568646
-0.545087
-0.6049
-0.921412
-1.85051
-2.04686
-0.970473
-0.202008
0.29702
0.553073
0.70143
0.82726
0.904207
0.926833
-0.883822
-0.86974
-0.814001
-0.744544
-0.671932
-0.600332
-0.536969
-0.496623
-0.514467
-0.692068
-1.18629
-1.02301
-0.157959
0.517882
0.999328
1.31465
1.50576
1.6045
1.64152
1.64518
-0.868164
-0.853637
-0.796126
-0.724656
-0.648847
-0.572126
-0.499258
-0.438955
-0.407688
-0.437541
-0.510185
-0.182907
0.388657
0.881287
1.21405
1.43623
1.57757
1.66003
1.70189
1.71616
-0.847608
-0.833355
-0.774871
-0.700838
-0.622258
-0.54079
-0.459006
-0.38029
-0.307816
-0.235544
-0.0923534
0.222242
0.605208
0.944959
1.18021
1.33832
1.44463
1.51496
1.55825
1.57613
-0.820961
-0.808006
-0.748027
-0.672911
-0.592252
-0.507294
-0.418789
-0.326662
-0.227286
-0.103387
0.0940997
0.376264
0.652077
0.887132
1.06017
1.18286
1.27063
1.33348
1.37538
1.39278
-0.784325
-0.773194
-0.713979
-0.638796
-0.557633
-0.471321
-0.379417
-0.280012
-0.167206
-0.0245054
0.174556
0.410296
0.622095
0.795817
0.928557
1.02772
1.10232
1.15836
1.19856
1.21715
-0.732008
-0.723694
-0.668078
-0.59503
-0.516262
-0.431428
-0.339955
-0.2392
-0.123575
0.0192242
0.201021
0.394518
0.560216
0.693943
0.798365
0.878962
0.9422
0.992036
1.03043
1.04633
-0.657714
-0.649329
-0.603174
-0.537487
-0.464538
-0.385098
-0.298309
-0.201876
-0.0914761
0.0410282
0.198945
0.355395
0.484265
0.586927
0.667485
0.730737
0.781339
0.823597
0.858118
0.875627
-0.552642
-0.547276
-0.516201
-0.461859
-0.398814
-0.329356
-0.252353
-0.165808
-0.0666661
0.0504269
0.183467
0.309805
0.410269
0.488398
0.548464
0.594513
0.629705
0.656456
0.676627
0.688418
-0.418869
-0.417755
-0.400142
-0.363157
-0.316928
-0.263435
-0.20144
-0.1295
-0.0453206
0.0541515
0.166983
0.271814
0.353951
0.416671
0.463664
0.498327
0.523517
0.541697
0.553969
0.558717
-0.289066
-0.288946
-0.280338
-0.258989
-0.229604
-0.192797
-0.147186
-0.0913061
-0.023295
0.0587771
0.151751
0.237278
0.3033
0.352697
0.388573
0.41387
0.431239
0.442498
0.449037
0.451306
-0.176454
-0.177169
-0.173691
-0.163495
-0.147522
-0.124962
-0.0942139
-0.0534425
-0.00106206
0.064417
0.13969
0.208811
0.261407
0.299821
0.326986
0.34553
0.357412
0.364552
0.36827
0.369462
-0.0902142
-0.0910214
-0.0909476
-0.0881817
-0.0810592
-0.0683117
-0.0485078
-0.0197274
0.0195143
0.0705205
0.13028
0.185228
0.226654
0.256526
0.277016
0.290332
0.298557
0.303224
0.3054
0.305921
-0.0322608
-0.0329276
-0.0342982
-0.0350444
-0.0328852
-0.0262325
-0.0135992
0.00650783
0.0357778
0.0750049
0.121853
0.16509
0.197384
0.220182
0.235571
0.245584
0.251416
0.254432
0.25568
0.255921
0.00346027
0.00302563
0.00174027
0.000390735
0.000823709
0.00429018
0.0121621
0.0259904
0.0478143
0.0776823
0.114043
0.147689
0.172757
0.190493
0.202297
0.209509
0.213603
0.215628
0.216318
0.21643
0.0248861
0.0246116
0.0237858
0.022836
0.0230582
0.0254168
0.0309077
0.0407318
0.0563253
0.0791248
0.107319
0.133474
0.152825
0.166558
0.175091
0.180387
0.183356
0.184737
0.185161
0.185212
0.0383998
0.0382248
0.0377438
0.0371864
0.0373855
0.0390581
0.0430543
0.0503724
0.0620133
0.0788196
0.100845
0.120949
0.135963
0.146107
0.152731
0.156733
0.158911
0.15989
0.160169
0.160198
0.0470554
0.0469447
0.0466602
0.0463497
0.0465898
0.0478849
0.0508427
0.0562571
0.0650285
0.0779469
0.0944787
0.110043
0.121449
0.129251
0.134265
0.137267
0.138888
0.139602
0.139796
0.139815
0.0522288
0.0521565
0.0519852
0.0518145
0.0520584
0.0530939
0.0553818
0.0595094
0.066163
0.0759806
0.0885049
0.100324
0.109027
0.114978
0.118795
0.121069
0.12228
0.122799
0.122931
0.122941
0.0547976
0.0547471
0.054644
0.0545594
0.0547904
0.0556129
0.0573718
0.0605217
0.0655954
0.0730703
0.0825853
0.0915759
0.098219
0.10276
0.105661
0.107377
0.108283
0.108663
0.108754
0.108757
0.0554369
0.0553997
0.0553394
0.0553101
0.055525
0.0561887
0.0575583
0.059976
0.0638475
0.0695384
0.0767755
0.0836175
0.0886771
0.0921252
0.0943224
0.0956164
0.0962932
0.096571
0.0966314
0.0966305
0.0546433
0.054615
0.054578
0.0545758
0.0547634
0.0552928
0.0563581
0.0582176
0.061177
0.0655162
0.0710265
0.0762406
0.0800764
0.0826932
0.084356
0.0853309
0.0858367
0.0860393
0.0860788
0.0860753
0.0527652
0.0527434
0.052719
0.0527277
0.0528842
0.053302
0.054128
0.0555567
0.0578197
0.0611287
0.0653258
0.0692885
0.0722032
0.0741872
0.0754441
0.0761769
0.0765526
0.0766989
0.0767231
0.0767179
0.0500562
0.0500391
0.0500216
0.0500326
0.0501585
0.0504848
0.0511224
0.0522178
0.0539472
0.056469
0.0596638
0.0626721
0.0648853
0.0663879
0.0673361
0.0678858
0.0681646
0.0682695
0.0682834
0.0682776
0.0467066
0.0466932
0.0466799
0.0466894
0.0467875
0.0470389
0.0475277
0.0483656
0.0496841
0.0516047
0.0540329
0.0563173
0.0579928
0.0591282
0.0598427
0.0602543
0.0604601
0.0605346
0.0605413
0.0605354
0.0428638
0.0428534
0.0428428
0.0428495
0.042924
0.0431155
0.043488
0.0441262
0.0451293
0.0465881
0.0484306
0.0501595
0.0514268
0.0522824
0.0528186
0.0531257
0.0532772
0.0533295
0.0533316
0.053326
0.0386424
0.0386342
0.0386253
0.0386291
0.0386843
0.0388286
0.0391107
0.0395943
0.040354
0.0414584
0.0428511
0.0441566
0.0451113
0.0457544
0.0461553
0.0463826
0.0464929
0.046529
0.0465282
0.046523
0.0341299
0.0341234
0.0341157
0.034117
0.0341571
0.0342648
0.0344763
0.0348396
0.0354108
0.0362419
0.037289
0.0382703
0.0389859
0.0394658
0.0397629
0.0399298
0.040009
0.0400328
0.0400298
0.0400251
0.0293965
0.0293914
0.0293845
0.0293838
0.0294118
0.0294902
0.0296464
0.0299162
0.0303423
0.0309616
0.0317414
0.0324703
0.0330011
0.0333559
0.0335748
0.0336965
0.0337529
0.0337681
0.0337639
0.0337596
0.0244973
0.0244933
0.0244872
0.0244846
0.0245031
0.0245587
0.0246714
0.024868
0.0251796
0.025634
0.0262066
0.0267409
0.027129
0.027387
0.0275449
0.0276312
0.0276696
0.0276782
0.0276734
0.0276696
0.0194734
0.0194703
0.0194647
0.0194608
0.0194717
0.0195092
0.0195878
0.0197268
0.0199481
0.0202714
0.0206802
0.0210613
0.0213375
0.0215201
0.0216303
0.0216891
0.0217137
0.0217171
0.0217115
0.0217081
0.0143572
0.0143549
0.0143497
0.0143449
0.0143499
0.0143732
0.014425
0.0145182
0.0146677
0.0148865
0.015162
0.0154192
0.015604
0.015725
0.0157971
0.0158347
0.015849
0.0158488
0.0158432
0.0158403
0.00917536
0.00917369
0.00916891
0.00916341
0.00916452
0.00917715
0.00920702
0.00926172
0.00935056
0.0094816
0.00964648
0.00979996
0.00991005
0.0099823
0.0100249
0.010046
0.0100524
0.0100498
0.0100439
0.0100413
0.00131813
0.00131734
0.00131506
0.00131295
0.00131277
0.00131524
0.00132066
0.00133013
0.00134474
0.00136637
0.00138928
0.00140789
0.00142031
0.00142775
0.00143163
0.00143292
0.00143122
0.00142877
0.00142705
0.00429063
-2.34168
-1.28818
-0.707013
-0.348611
-0.0822175
0.125369
0.292186
0.435571
0.576671
0.683703
-0.861996
-0.553628
-0.288573
-0.0734955
0.104483
0.252577
0.376481
0.479133
0.545636
0.558767
-0.344449
-0.174712
-0.0158997
0.125397
0.247212
0.350983
0.436881
0.50266
0.545571
0.568502
-0.0395049
0.0687667
0.173995
0.270826
0.355922
0.428742
0.488439
0.534807
0.568998
0.591117
0.166751
0.240952
0.314748
0.383939
0.445086
0.497977
0.542231
0.578172
0.606428
0.625343
0.321046
0.370269
0.428001
0.479629
0.526039
0.566976
0.602219
0.631686
0.655503
0.671066
0.442809
0.482202
0.527474
0.568079
0.606151
0.640568
0.670684
0.696112
0.716643
0.729279
0.547459
0.581963
0.620764
0.657396
0.69165
0.722945
0.750429
0.773483
0.791642
0.801805
0.645832
0.68049
0.718638
0.755101
0.788512
0.818626
0.844646
0.866077
0.882322
0.890998
0.752357
0.791074
0.830869
0.868658
0.901987
0.930951
0.955316
0.975033
0.9897
0.998515
0.881957
0.925064
0.964983
1.00179
1.03301
1.05935
1.08141
1.0995
1.11336
1.12376
1.04509
1.08706
1.12123
1.1511
1.17609
1.19803
1.21796
1.23569
1.25068
1.26352
1.23632
1.26738
1.28903
1.30835
1.32657
1.34403
1.36049
1.3765
1.39317
1.41024
1.43471
1.44625
1.45749
1.47175
1.48615
1.49908
1.51056
1.52156
1.5346
1.55155
1.62081
1.63078
1.63952
1.64212
1.6431
1.64745
1.65837
1.67436
1.69198
1.6966
1.92208
1.8667
1.81583
1.77555
1.75336
1.74938
1.76294
1.79684
1.8533
1.92883
0.450473
0.391779
0.349502
0.315825
0.291393
0.274097
0.261874
0.253244
0.247367
0.243981
0.243442
0.245888
0.250822
0.258234
0.268674
0.283335
0.304021
0.332854
0.371374
0.419088
0.251718
0.260648
0.266452
0.26745
0.264249
0.258553
0.2525
0.247365
0.243741
0.242053
0.242926
0.246011
0.250703
0.256595
0.262831
0.267672
0.268998
0.265545
0.2578
0.250094
0.22819
0.23028
0.235256
0.239259
0.242269
0.244168
0.244328
0.242943
0.24095
0.239385
0.239187
0.240639
0.242874
0.24493
0.245799
0.244839
0.242392
0.238991
0.234443
0.229824
0.220981
0.221905
0.224887
0.22831
0.230894
0.232617
0.233829
0.234543
0.234698
0.234624
0.234799
0.235285
0.235708
0.235577
0.234797
0.233496
0.231474
0.228466
0.225104
0.222848
0.215666
0.216075
0.218221
0.22144
0.224407
0.226864
0.228619
0.229723
0.23038
0.230744
0.231066
0.231376
0.231337
0.230799
0.229619
0.227651
0.225039
0.221962
0.219101
0.217877
0.214441
0.214593
0.21564
0.217375
0.219147
0.220903
0.222562
0.224028
0.225164
0.225984
0.226476
0.226537
0.226134
0.225246
0.223978
0.222443
0.220783
0.219093
0.21763
0.217108
0.213407
0.213472
0.214007
0.214987
0.216104
0.217277
0.218487
0.219674
0.22073
0.221601
0.222184
0.222343
0.222059
0.221429
0.220544
0.21961
0.218644
0.217685
0.216936
0.216692
0.211457
0.211485
0.211749
0.212317
0.213009
0.213854
0.214874
0.215926
0.216975
0.217929
0.218638
0.218904
0.218749
0.218297
0.21767
0.21711
0.216547
0.215996
0.215632
0.215527
0.208677
0.20869
0.208845
0.209219
0.209726
0.210333
0.211043
0.211873
0.212803
0.213765
0.214604
0.21509
0.215219
0.215128
0.214923
0.214616
0.214311
0.213999
0.213806
0.21376
0.205518
0.205527
0.20563
0.205891
0.206282
0.206787
0.207432
0.208226
0.209164
0.210216
0.211234
0.211954
0.212321
0.212444
0.212416
0.212306
0.212161
0.212009
0.21192
0.211898
0.201985
0.201993
0.202068
0.202259
0.202564
0.202994
0.203582
0.204359
0.205348
0.206534
0.207791
0.208794
0.209429
0.209792
0.20998
0.210053
0.21006
0.210037
0.210022
0.210017
0.198084
0.198091
0.198161
0.198325
0.198603
0.199021
0.199622
0.200456
0.201564
0.202964
0.204529
0.205867
0.206793
0.207392
0.207764
0.207984
0.208104
0.208165
0.208196
0.208202
0.193783
0.193788
0.19386
0.194031
0.19432
0.194768
0.195435
0.196387
0.197691
0.199389
0.201352
0.203098
0.204334
0.205201
0.205766
0.206125
0.206344
0.206472
0.206537
0.206552
0.189047
0.189054
0.189134
0.189327
0.189659
0.190181
0.190966
0.192106
0.193692
0.195792
0.198263
0.200495
0.202146
0.203281
0.204051
0.204552
0.204867
0.205055
0.205152
0.205174
0.183801
0.183808
0.183905
0.184138
0.184539
0.185174
0.186136
0.18754
0.189509
0.192136
0.195254
0.1981
0.200205
0.201684
0.202688
0.203348
0.203767
0.20402
0.204149
0.20418
0.177923
0.177932
0.178053
0.178345
0.178846
0.17964
0.180845
0.182606
0.185081
0.188391
0.192329
0.195934
0.198605
0.20049
0.201773
0.202619
0.203158
0.203483
0.20365
0.20369
0.171254
0.171265
0.17142
0.171791
0.172429
0.173437
0.174967
0.177202
0.180337
0.184524
0.189499
0.194048
0.197417
0.199797
0.201419
0.202489
0.203171
0.203583
0.203794
0.203844
0.163573
0.163588
0.163789
0.164266
0.165088
0.166384
0.168345
0.171202
0.175195
0.180505
0.186789
0.192514
0.196744
0.199731
0.201766
0.203109
0.203965
0.204483
0.204747
0.20481
0.154586
0.154607
0.154869
0.15549
0.15656
0.158243
0.160779
0.164454
0.169561
0.176308
0.184235
0.191418
0.196711
0.200442
0.202984
0.204662
0.205731
0.206377
0.206706
0.206783
0.143887
0.143914
0.144262
0.14508
0.146493
0.148707
0.152015
0.156772
0.16333
0.17191
0.181894
0.190876
0.19747
0.202114
0.205278
0.207367
0.208697
0.209498
0.209905
0.210001
0.130899
0.130938
0.131404
0.132505
0.13441
0.137376
0.141738
0.147934
0.15639
0.167305
0.179842
0.191022
0.1992
0.204958
0.208886
0.211483
0.213136
0.214127
0.214627
0.214747
0.114804
0.114858
0.115495
0.117015
0.119638
0.123646
0.129482
0.137671
0.148623
0.162502
0.178179
0.192013
0.202098
0.209208
0.214077
0.217312
0.219376
0.220609
0.221224
0.221369
0.0944072
0.0944846
0.0953857
0.0975636
0.101282
0.106842
0.114789
0.125699
0.139948
0.157556
0.177031
0.194011
0.206361
0.215105
0.221139
0.225186
0.227794
0.229362
0.230137
0.23031
0.0678184
0.0679363
0.0692992
0.0726139
0.078114
0.0860847
0.0971684
0.111879
0.130421
0.152619
0.176576
0.197193
0.212174
0.222863
0.23034
0.235443
0.2388
0.240857
0.241878
0.242096
0.0316806
0.0318897
0.0342734
0.0398784
0.0485757
0.0605522
0.0763755
0.0963069
0.120306
0.147984
0.17705
0.201727
0.219666
0.23262
0.24187
0.248363
0.252785
0.255598
0.257026
0.257335
-0.0204803
-0.0198127
-0.0143588
-0.00355049
0.0112356
0.029844
0.0525594
0.0793717
0.110031
0.143994
0.178654
0.20768
0.228814
0.244301
0.255669
0.263976
0.269956
0.274032
0.276292
0.276816
-0.0975495
-0.093757
-0.0787302
-0.057129
-0.0324847
-0.00459533
0.0268506
0.0618054
0.0999824
0.140861
0.181617
0.215447
0.240251
0.258805
0.272922
0.283825
0.292355
0.298881
0.303162
0.304857
-0.179306
-0.17024
-0.143214
-0.110959
-0.0762712
-0.0389662
0.00119071
0.044265
0.0901382
0.13843
0.18616
0.225854
0.255321
0.277858
0.295558
0.309825
0.321562
0.331364
0.340219
0.342946
-0.243404
-0.234546
-0.200536
-0.160112
-0.117003
-0.0713213
-0.0230669
0.0277469
0.0809775
0.136287
0.190486
0.235375
0.268662
0.294143
0.314163
0.330227
0.343321
0.354001
0.362319
0.364953
-0.294142
-0.284663
-0.247137
-0.201603
-0.152453
-0.100316
-0.045365
0.012173
0.0720262
0.133748
0.193725
0.242952
0.279111
0.306453
0.327603
0.344283
0.357682
0.368479
0.376702
0.379521
-0.334897
-0.325345
-0.285936
-0.236557
-0.182942
-0.125827
-0.0654902
-0.00229262
0.0633288
0.130775
0.195979
0.249062
0.287593
0.316335
0.33825
0.355277
0.368732
0.379371
0.38735
0.390266
-0.369196
-0.359645
-0.319068
-0.266855
-0.209711
-0.148569
-0.0837682
-0.0157153
0.0550493
0.127761
0.197813
0.254401
0.29503
0.324948
0.347447
0.364679
0.378111
0.388627
0.396395
0.399376
-0.39909
-0.389592
-0.348289
-0.293895
-0.23392
-0.169419
-0.10078
-0.0284638
0.0469076
0.124438
0.19906
0.259051
0.301741
0.332826
0.355921
0.373401
0.386868
0.397311
0.40489
0.407871
-0.426015
-0.416522
-0.374664
-0.318532
-0.25627
-0.188995
-0.117091
-0.0410463
0.0385247
0.120643
0.199798
0.263271
0.308126
0.340473
0.364246
0.382032
0.395585
0.405982
0.413409
0.416388
-0.450827
-0.441324
-0.399024
-0.341478
-0.27734
-0.207736
-0.13301
-0.0536167
0.0298339
0.116352
0.20004
0.267157
0.314384
0.348171
0.372751
0.39094
0.404644
0.415053
0.422341
0.425279
-0.474215
-0.464659
-0.42196
-0.36323
-0.297507
-0.225898
-0.148719
-0.066352
0.0206629
0.111407
0.199701
0.270719
0.320606
0.356084
0.381655
0.400369
0.414294
0.424742
0.43188
0.434814
-0.496556
-0.486913
-0.443846
-0.384139
-0.317085
-0.243763
-0.164452
-0.0794277
0.0108885
0.105711
0.198683
0.273895
0.326802
0.364288
0.391089
0.410488
0.424738
0.435276
0.442346
0.445222
-0.518118
-0.508354
-0.464898
-0.404387
-0.336199
-0.261422
-0.180269
-0.0929051
0.000434475
0.0991698
0.196864
0.27657
0.332895
0.372768
0.401103
0.4214
0.436112
0.446821
0.453847
0.456623
-0.538958
-0.529101
-0.485215
-0.42409
-0.354911
-0.278915
-0.196203
-0.1068
-0.0107379
0.0917084
0.194123
0.278582
0.338735
0.381426
0.411663
0.433126
0.448487
0.459478
0.466516
0.469131
-0.559181
-0.549174
-0.504961
-0.443252
-0.373248
-0.296254
-0.212244
-0.121106
-0.0226198
0.0832796
0.190355
0.279749
0.344104
0.390084
0.422669
0.445648
0.461886
0.473314
0.48045
0.482858
-0.578794
-0.568684
-0.524138
-0.461869
-0.391183
-0.31339
-0.228334
-0.135766
-0.0351891
0.0738789
0.185461
0.279873
0.348731
0.39849
0.433951
0.458891
0.476288
0.488286
0.495555
0.497836
-0.597745
-0.587518
-0.54267
-0.47988
-0.408676
-0.330254
-0.244409
-0.150708
-0.048374
0.0635424
0.17938
0.278754
0.352301
0.406297
0.445212
0.472647
0.491613
0.504404
0.511849
0.513956
-0.615953
-0.60558
-0.560463
-0.497267
-0.425662
-0.346784
-0.260375
-0.16584
-0.062081
0.0523118
0.172098
0.276243
0.354525
0.413015
0.455988
0.486635
0.507696
0.521481
0.529051
0.530886
-0.633399
-0.622901
-0.577511
-0.513969
-0.442071
-0.362897
-0.276148
-0.181057
-0.0762229
0.0402876
0.163639
0.272252
0.355065
0.418076
0.46563
0.500492
0.52455
0.539631
0.547005
0.548317
-0.650053
-0.639499
-0.593768
-0.529944
-0.457839
-0.378518
-0.291631
-0.196252
-0.0906737
0.0275668
0.154083
0.266731
0.353665
0.4209
0.473295
0.51345
0.542089
0.55939
0.565763
0.565511
-0.665841
-0.655172
-0.609186
-0.545134
-0.472911
-0.393591
-0.306746
-0.211331
-0.105311
0.0142878
0.143543
0.259674
0.350132
0.421111
0.478051
0.524141
0.559616
0.582154
0.58776
0.582663
-0.680861
-0.669995
-0.623758
-0.559533
-0.48731
-0.408137
-0.321517
-0.226329
-0.120184
0.000405976
0.13198
0.250972
0.344321
0.418172
0.478432
0.530101
0.574366
0.607659
0.621068
0.607457
-0.695095
-0.68401
-0.637598
-0.573281
-0.501237
-0.422437
-0.336295
-0.241702
-0.135882
-0.0147742
0.118696
0.240027
0.33542
0.411401
0.472545
0.527101
0.57802
0.616713
0.634276
0.58451
-0.708874
-0.696872
-0.65062
-0.586313
-0.514633
-0.43643
-0.350915
-0.257226
-0.152154
-0.0309931
0.103896
0.226999
0.323261
0.400357
0.459188
0.508329
0.555008
0.586834
0.55699
0.483577
-0.723038
-0.708401
-0.66266
-0.598786
-0.527747
-0.450237
-0.365565
-0.272895
-0.16895
-0.0481583
0.0876853
0.211803
0.307371
0.385265
0.440656
0.467642
0.501303
0.494284
0.428132
0.348437
-0.736039
-0.738517
-0.673413
-0.608301
-0.538186
-0.461483
-0.379686
-0.288126
-0.185602
-0.0655585
0.0708468
0.195081
0.287861
0.367528
0.411474
0.377964
0.40326
0.349317
0.265442
0.176346
-0.705194
-0.706654
-0.652884
-0.587852
-0.515125
-0.436236
-0.351283
-0.256912
-0.148451
-0.0179996
0.116644
0.22297
0.298549
0.365943
0.408594
0.291673
0.195395
0.118589
0.0286828
-0.164945
-0.74195
-0.718432
-0.661686
-0.596756
-0.524768
-0.447109
-0.363831
-0.27168
-0.165096
-0.0348015
0.100592
0.203004
0.269568
0.307616
0.273587
0.115058
-0.0414527
-0.148582
-0.257381
-0.473752
-0.761015
-0.73138
-0.675779
-0.610714
-0.539389
-0.462985
-0.381053
-0.291433
-0.187994
-0.0600004
0.0757783
0.175417
0.23085
0.240502
0.137334
-0.0929858
-0.289242
-0.433695
-0.5967
-0.903299
-0.778668
-0.74585
-0.689919
-0.62442
-0.553623
-0.478425
-0.398532
-0.311974
-0.212181
-0.085969
0.04995
0.146469
0.186914
0.160674
-0.0306509
-0.318652
-0.574255
-0.778521
-1.02067
-1.5458
-0.794196
-0.760515
-0.703777
-0.637936
-0.567677
-0.493784
-0.416264
-0.333232
-0.237392
-0.113193
0.0250762
0.118789
0.140029
0.0612601
-0.209845
-0.546182
-0.878682
-1.18144
-1.53127
-2.61625
-0.808315
-0.774763
-0.717644
-0.651703
-0.582028
-0.509573
-0.434676
-0.355648
-0.264584
-0.143402
-0.00285929
0.0907825
0.0898688
-0.0450065
-0.38015
-0.750215
-1.13545
-1.49165
-1.84768
-3.20583
-0.821956
-0.788692
-0.731501
-0.665679
-0.59667
-0.525778
-0.453795
-0.379495
-0.294451
-0.177334
-0.0326267
0.0619887
0.0385366
-0.154703
-0.534475
-0.911786
-1.27775
-1.55872
-1.63987
-1.70961
-0.835417
-0.802225
-0.745293
-0.679774
-0.6116
-0.542524
-0.47398
-0.405401
-0.328071
-0.216573
-0.066101
0.0338311
-0.00935211
-0.279664
-0.672334
-1.04838
-1.3372
-1.51058
-1.55859
-1.56968
-0.848841
-0.815697
-0.75876
-0.693686
-0.626498
-0.559492
-0.494985
-0.433343
-0.366555
-0.264195
-0.106934
0.00610956
-0.0672501
-0.405028
-0.798054
-1.18926
-1.45015
-1.46023
-1.50675
-1.53076
-0.862047
-0.828773
-0.771724
-0.707085
-0.640962
-0.576288
-0.516351
-0.463122
-0.410587
-0.323629
-0.161939
-0.0302434
-0.129978
-0.53217
-0.924456
-1.33093
-1.69643
-1.65772
-1.60617
-1.59539
-0.874655
-0.841281
-0.783843
-0.719562
-0.654498
-0.592288
-0.537444
-0.494429
-0.460704
-0.401532
-0.246876
-0.0996068
-0.227256
-0.668816
-1.04617
-1.41464
-1.86054
-1.77979
-1.63865
-1.59808
-0.886017
-0.852385
-0.794524
-0.730544
-0.666447
-0.606689
-0.557413
-0.526574
-0.519311
-0.509113
-0.392302
-0.236691
-0.388974
-0.820244
-1.09945
-1.19714
-1.21795
-1.37065
-1.44215
-1.45096
-0.895742
-0.861208
-0.803353
-0.739379
-0.676011
-0.618508
-0.575073
-0.558215
-0.587217
-0.66639
-0.649809
-0.491707
-0.631824
-1.02174
-1.20708
-1.05697
-1.02408
-1.24925
-1.4334
-1.49342
-0.903158
-0.867564
-0.809412
-0.745284
-0.682258
-0.62646
-0.58834
-0.586726
-0.661193
-0.884554
-1.07896
-0.905733
-0.989231
-1.34399
-1.74302
-1.93951
-2.00612
-2.00878
-1.98886
-2.00015
-0.907624
-0.871103
-0.812157
-0.747467
-0.684211
-0.629213
-0.594988
-0.60789
-0.732506
-1.14897
-1.69316
-1.46201
-1.41379
-1.7796
-2.4751
-3.20948
-3.415
-3.20628
-2.92683
-2.80935
-0.908384
-0.870811
-0.810899
-0.745214
-0.680947
-0.625342
-0.592545
-0.614726
-0.782008
-1.39003
-2.32742
-1.96999
-1.62571
-1.86252
-2.63728
-3.59563
-3.74085
-3.2925
-2.85632
-2.68019
-0.905153
-0.866349
-0.805178
-0.738006
-0.671811
-0.613732
-0.578264
-0.600026
-0.782436
-1.47719
-2.61097
-2.04439
-1.34481
-1.12034
-1.2513
-1.55877
-1.55099
-1.24329
-0.987903
-0.89077
-0.897795
-0.857499
-0.794843
-0.725702
-0.656589
-0.594053
-0.551228
-0.559186
-0.710939
-1.31118
-2.24257
-1.47463
-0.551211
0.0916748
0.449651
0.630346
0.766815
0.872552
0.921656
0.92863
-0.886449
-0.844699
-0.780139
-0.708547
-0.635843
-0.567168
-0.512753
-0.494913
-0.572521
-0.911811
-1.30908
-0.571886
0.201894
0.784959
1.17103
1.42557
1.56527
1.629
1.64611
1.64385
-0.870709
-0.828288
-0.76139
-0.687211
-0.610548
-0.534987
-0.467001
-0.418472
-0.412775
-0.481507
-0.424449
0.101842
0.650263
1.06524
1.33586
1.51587
1.62513
1.68508
1.712
1.71705
-0.850159
-0.807017
-0.738579
-0.662181
-0.581915
-0.49993
-0.419243
-0.34342
-0.273305
-0.181967
0.047387
0.414628
0.785518
1.07468
1.26695
1.39677
1.48359
1.53976
1.57043
1.57734
-0.82369
-0.781319
-0.71157
-0.633308
-0.550423
-0.46363
-0.373463
-0.278556
-0.170631
-0.0159789
0.230154
0.517045
0.776508
0.98099
1.12674
1.23032
1.30479
1.35725
1.38686
1.3943
-0.786902
-0.747631
-0.677483
-0.598933
-0.515297
-0.426305
-0.331045
-0.226054
-0.101387
0.0687971
0.292898
0.520057
0.714023
0.86689
0.981705
1.06759
1.13252
1.18021
1.21135
1.21838
-0.734447
-0.701147
-0.632372
-0.556548
-0.474721
-0.386889
-0.29111
-0.183954
-0.056859
0.107159
0.300227
0.481163
0.630925
0.749413
0.841334
0.912403
0.968632
1.01275
1.04134
1.04798
-0.660033
-0.630726
-0.571344
-0.502063
-0.425772
-0.342875
-0.25164
-0.148977
-0.0290058
0.119005
0.280281
0.42323
0.538597
0.629613
0.700943
0.757278
0.803308
0.842102
0.869594
0.877754
-0.551414
-0.53585
-0.490505
-0.431288
-0.365007
-0.292017
-0.210542
-0.118212
-0.0108487
0.117327
0.249733
0.363041
0.451819
0.520386
0.572989
0.61329
0.643986
0.667298
0.683981
0.690191
-0.419172
-0.411899
-0.383097
-0.341021
-0.291188
-0.233673
-0.166905
-0.0892307
0.00221727
0.110558
0.22232
0.315506
0.387478
0.441892
0.482336
0.511942
0.533345
0.548653
0.557335
0.558947
-0.289504
-0.28629
-0.270864
-0.245147
-0.212285
-0.171181
-0.120711
-0.0589983
0.0157784
0.105452
0.197017
0.272539
0.329862
0.372132
0.402366
0.423411
0.437565
0.446308
0.450611
0.451454
-0.177082
-0.176201
-0.169325
-0.156218
-0.137197
-0.11075
-0.0751908
-0.0288528
0.0299164
0.102172
0.176365
0.237028
0.282201
0.314625
0.337212
0.35219
0.361476
0.366823
0.369115
0.369333
-0.0906784
-0.0912151
-0.0899891
-0.0852344
-0.0754626
-0.0594092
-0.0353128
-0.00153018
0.0434585
0.100434
0.159483
0.207512
0.242891
0.267818
0.284433
0.294978
0.301271
0.304572
0.305812
0.305787
-0.0325785
-0.0335143
-0.034914
-0.034402
-0.0302016
-0.0207419
-0.00457983
0.0199502
0.054067
0.0983895
0.144855
0.182532
0.209848
0.228669
0.241248
0.248932
0.253215
0.255228
0.25589
0.255807
0.00327174
0.00252387
0.000929868
0.000316586
0.00211747
0.00759178
0.0182529
0.0355176
0.0616139
0.0957968
0.131955
0.16123
0.182442
0.197081
0.206381
0.211877
0.214829
0.216091
0.216424
0.216346
0.0247626
0.0242964
0.0232348
0.0227454
0.0239224
0.0277127
0.0352006
0.0477182
0.0666851
0.0931758
0.121251
0.143961
0.160147
0.171295
0.178088
0.182118
0.184209
0.185029
0.185215
0.185148
0.0383141
0.0380432
0.0374189
0.037153
0.0379956
0.0407136
0.0462408
0.055598
0.0697176
0.0901373
0.111577
0.128946
0.141523
0.149807
0.155011
0.158011
0.159521
0.160085
0.160203
0.160148
0.0469963
0.0468395
0.0464703
0.0463736
0.0470762
0.0491165
0.0531928
0.0601722
0.0709291
0.0861093
0.102779
0.116239
0.125752
0.132059
0.135976
0.13822
0.139336
0.13974
0.139819
0.139775
0.0521871
0.052095
0.0518731
0.0518642
0.0524551
0.0540512
0.0571785
0.0624789
0.0706442
0.0821672
0.0947965
0.105054
0.112311
0.117116
0.120094
0.121784
0.122608
0.122894
0.122945
0.122909
0.0547668
0.0547106
0.0545806
0.0546204
0.0551111
0.0563522
0.0587434
0.0627852
0.0690099
0.0777705
0.0873679
0.095185
0.100727
0.104387
0.106643
0.107913
0.108525
0.10873
0.108762
0.108732
0.0554135
0.0553781
0.0553077
0.0553759
0.0557884
0.0567679
0.0586135
0.061705
0.066448
0.0731147
0.0804102
0.0863721
0.0905813
0.0933589
0.0950642
0.0960182
0.0964715
0.0966168
0.0966355
0.0966102
0.0546252
0.0546012
0.054563
0.0546377
0.0549759
0.0557452
0.0571711
0.0595404
0.0631615
0.0682391
0.0737993
0.0783233
0.0815224
0.0836276
0.0849155
0.0856321
0.0859678
0.0860706
0.0860802
0.086059
0.0527512
0.0527339
0.0527121
0.0527814
0.0530533
0.0536538
0.054754
0.0565696
0.0593329
0.0632041
0.0674342
0.0708731
0.0733003
0.074894
0.0758654
0.0764014
0.0766483
0.0767194
0.0767225
0.076705
0.0500452
0.050032
0.0500182
0.0500767
0.0502912
0.0507572
0.051603
0.0529925
0.0551012
0.0580491
0.0612651
0.0638758
0.0657166
0.0669218
0.0676527
0.068053
0.068234
0.0682825
0.0682817
0.0682674
0.046698
0.0466877
0.0466777
0.046724
0.0468899
0.0472478
0.0478955
0.0489566
0.0505637
0.0528063
0.0552502
0.057229
0.0586211
0.059531
0.0600802
0.0603783
0.0605102
0.0605423
0.060539
0.0605274
0.0428572
0.042849
0.0428408
0.0428757
0.043002
0.0432748
0.0437683
0.0445758
0.0457972
0.0475005
0.0493521
0.0508493
0.0519008
0.0525849
0.0529962
0.0532174
0.053313
0.0533336
0.0533291
0.0533197
0.0386373
0.0386306
0.0386232
0.0386483
0.038743
0.0389491
0.0393231
0.039935
0.0408601
0.0421484
0.0435468
0.0446767
0.0454679
0.0459809
0.0462871
0.0464497
0.0465181
0.0465308
0.0465257
0.0465179
0.0341259
0.0341203
0.0341133
0.0341308
0.0342007
0.0343551
0.0346358
0.0350955
0.0357915
0.0367607
0.0378125
0.0386604
0.0392524
0.0396339
0.03986
0.0399783
0.0400262
0.0400327
0.0400274
0.0400212
0.0293935
0.0293886
0.0293819
0.0293931
0.0294434
0.0295567
0.0297647
0.0301072
0.0306261
0.0313479
0.0321303
0.0327598
0.0331983
0.0334799
0.0336458
0.0337314
0.0337644
0.0337669
0.0337615
0.0337566
0.024495
0.0244909
0.0244843
0.0244904
0.0245253
0.0246065
0.0247574
0.0250076
0.0253877
0.0259178
0.0264919
0.0269527
0.0272725
0.0274768
0.0275955
0.0276552
0.0276767
0.0276763
0.0276712
0.0276673
0.0194716
0.0194681
0.0194617
0.0194637
0.0194864
0.0195424
0.0196485
0.0198258
0.020096
0.020474
0.0208837
0.0212122
0.0214393
0.021583
0.0216651
0.0217049
0.0217174
0.0217145
0.0217095
0.0217064
0.014356
0.0143529
0.0143466
0.0143457
0.0143587
0.0143949
0.0144656
0.014585
0.014768
0.0150231
0.0152997
0.0155204
0.0156716
0.0157663
0.0158195
0.0158442
0.0158502
0.015846
0.0158413
0.015839
0.00917456
0.00917193
0.00916573
0.00916285
0.00916914
0.00918955
0.00923077
0.0093013
0.00941047
0.00956338
0.00972867
0.00986025
0.00995043
0.0100068
0.0100377
0.0100507
0.010052
0.0100468
0.0100422
0.0100405
0.0039452
0.00394404
0.00394054
0.00393587
0.00393623
0.00394085
0.00395259
0.00397492
0.00401095
0.00406534
0.00413353
0.00419814
0.00424469
0.00427419
0.00429083
0.00429842
0.00430021
0.00429792
0.00429262
0.00429011
-1.66583
-0.945192
-0.51352
-0.208902
0.0264234
0.211593
0.366902
0.503512
0.64865
0.632367
-0.646353
-0.411814
-0.1756
0.0198366
0.182053
0.317131
0.430786
0.518666
0.558791
0.560929
-0.237445
-0.093375
0.0573757
0.188658
0.301297
0.396232
0.47254
0.52682
0.559859
0.57452
0.0272119
0.12228
0.223921
0.314876
0.393933
0.460264
0.513258
0.553251
0.582407
0.599386
0.213717
0.279151
0.350357
0.415542
0.472609
0.521168
0.561206
0.593198
0.618073
0.635349
0.354786
0.403652
0.454355
0.503535
0.547211
0.585315
0.617679
0.64425
0.665373
0.682523
0.469185
0.505936
0.548023
0.58753
0.623869
0.656187
0.684015
0.706961
0.724939
0.741991
0.569238
0.601499
0.63937
0.674847
0.707727
0.737201
0.762547
0.783178
0.798484
0.815496
0.666028
0.699398
0.737246
0.772179
0.804033
0.832184
0.855963
0.874876
0.888054
0.905307
0.773736
0.810738
0.850303
0.885853
0.917034
0.943724
0.965771
0.98299
0.99501
1.01287
0.905267
0.945052
0.984069
1.01806
1.04674
1.0709
1.09097
1.10689
1.11899
1.13731
1.06787
1.10447
1.1369
1.16408
1.18736
1.20823
1.22715
1.24348
1.25737
1.27531
1.2533
1.27872
1.29889
1.31757
1.33541
1.3524
1.3685
1.38467
1.40194
1.42114
1.44045
1.45151
1.4644
1.4791
1.49281
1.50499
1.51603
1.52753
1.54305
1.56251
1.62262
1.63615
1.64134
1.64249
1.64457
1.65202
1.66584
1.68346
1.6972
1.70856
1.89172
1.84113
1.79361
1.7621
1.74924
1.75381
1.77716
1.82228
1.88895
1.98307
0.307058
0.30418
0.298216
0.287514
0.275299
0.264332
0.255612
0.249138
0.244846
0.242922
0.243856
0.247374
0.253006
0.260762
0.270762
0.282662
0.294698
0.303181
0.307625
0.309651
0.234802
0.241575
0.247164
0.251179
0.252684
0.251439
0.248364
0.244903
0.242097
0.240704
0.241505
0.244074
0.24759
0.251231
0.253713
0.253734
0.250937
0.246086
0.239558
0.233653
0.224338
0.227547
0.231398
0.234417
0.236612
0.238155
0.238754
0.238338
0.237483
0.237033
0.237527
0.238703
0.239764
0.239931
0.238968
0.237191
0.234704
0.231213
0.22743
0.225116
0.217839
0.219537
0.222752
0.226036
0.228512
0.230201
0.231319
0.232017
0.232356
0.232573
0.232899
0.233159
0.233015
0.232375
0.231181
0.229259
0.226416
0.223019
0.220501
0.219534
0.214757
0.215586
0.217818
0.220327
0.222725
0.224898
0.22659
0.227734
0.228477
0.228972
0.229293
0.229276
0.228786
0.227689
0.225947
0.223785
0.221425
0.218966
0.217419
0.21709
0.214038
0.214397
0.215444
0.216718
0.218097
0.219427
0.220716
0.221934
0.222938
0.223666
0.223989
0.223845
0.223263
0.222386
0.221362
0.220107
0.218929
0.217777
0.217091
0.216951
0.212562
0.212743
0.213352
0.214248
0.215243
0.216256
0.21747
0.218591
0.219586
0.220397
0.220833
0.220803
0.220391
0.21966
0.218869
0.218105
0.21731
0.216616
0.216259
0.216194
0.210131
0.21021
0.210525
0.211041
0.211614
0.212464
0.213281
0.21424
0.215224
0.216125
0.216708
0.216868
0.216715
0.216438
0.215957
0.215536
0.215177
0.214841
0.21469
0.214661
0.207142
0.207194
0.207416
0.207814
0.208316
0.208937
0.209678
0.210544
0.211512
0.212514
0.213292
0.2137
0.21382
0.213758
0.213588
0.213367
0.213121
0.212922
0.212842
0.212826
0.203799
0.203832
0.203983
0.204265
0.204659
0.205188
0.205878
0.206747
0.207788
0.208949
0.20997
0.210633
0.210989
0.211141
0.21117
0.211129
0.211053
0.210985
0.21096
0.210949
0.200085
0.200114
0.200233
0.200462
0.200811
0.201309
0.201997
0.202912
0.204073
0.205461
0.206783
0.207739
0.208356
0.208729
0.208935
0.209038
0.209077
0.20909
0.209096
0.209088
0.195986
0.196018
0.19613
0.19635
0.196697
0.197218
0.197966
0.199
0.200366
0.202065
0.203759
0.205057
0.20594
0.206526
0.206897
0.207121
0.20725
0.20732
0.207349
0.207342
0.191473
0.191504
0.191629
0.191869
0.192256
0.192846
0.193714
0.19494
0.196594
0.198702
0.200854
0.202543
0.203757
0.204572
0.205108
0.205448
0.205655
0.205772
0.20582
0.205813
0.186495
0.186532
0.186679
0.18696
0.187419
0.188127
0.189177
0.190676
0.192724
0.195364
0.198098
0.200285
0.201847
0.202924
0.203641
0.204103
0.204388
0.204551
0.204618
0.204611
0.180951
0.180996
0.181177
0.181524
0.18209
0.182966
0.184271
0.186141
0.188706
0.19203
0.195491
0.198269
0.200272
0.201657
0.202584
0.203184
0.203557
0.203771
0.203858
0.20385
0.174703
0.17476
0.174989
0.175428
0.176143
0.177248
0.178894
0.181254
0.184493
0.188691
0.193064
0.196576
0.199111
0.200869
0.202046
0.20281
0.203287
0.203559
0.20367
0.20366
0.167561
0.167636
0.167931
0.168494
0.169409
0.170819
0.172917
0.17592
0.180029
0.18534
0.190855
0.195277
0.198467
0.200678
0.20216
0.203123
0.203724
0.204068
0.204207
0.204193
0.159269
0.159367
0.159753
0.160484
0.161667
0.163485
0.16618
0.170022
0.175254
0.181977
0.188922
0.19447
0.198465
0.201232
0.203087
0.204292
0.205046
0.205478
0.205652
0.205634
0.149472
0.149604
0.150116
0.151079
0.152622
0.154984
0.158473
0.163418
0.170099
0.178611
0.187337
0.194274
0.199257
0.202706
0.205019
0.206524
0.207468
0.20801
0.208227
0.208202
0.137691
0.137873
0.138567
0.139848
0.141883
0.144981
0.149538
0.155942
0.164495
0.175264
0.186194
0.194831
0.201024
0.205309
0.208186
0.210063
0.211246
0.211929
0.2122
0.212167
0.123252
0.123514
0.124474
0.126207
0.128928
0.13307
0.139102
0.147426
0.158392
0.171989
0.185614
0.196312
0.203972
0.209281
0.212853
0.215193
0.21668
0.217547
0.217891
0.217848
0.105159
0.105558
0.106932
0.109336
0.113074
0.118711
0.126774
0.137709
0.151788
0.168883
0.185752
0.198909
0.208333
0.214891
0.219327
0.222248
0.224117
0.225223
0.225666
0.225616
0.0818633
0.0825152
0.0845727
0.0880502
0.0933989
0.1013
0.112265
0.126696
0.144743
0.166095
0.186786
0.202815
0.214326
0.222406
0.22793
0.231601
0.233968
0.235383
0.235962
0.235908
0.0508542
0.0520078
0.055296
0.0606601
0.0687088
0.0801103
0.0952499
0.114371
0.137398
0.163806
0.18888
0.208175
0.222108
0.232024
0.238941
0.243638
0.246724
0.248595
0.249362
0.2493
0.00763025
0.00995135
0.0159707
0.0250436
0.0378412
0.054722
0.0757912
0.101012
0.130062
0.162256
0.192172
0.215052
0.231701
0.243782
0.252469
0.258608
0.26283
0.265526
0.266607
0.266501
-0.056085
-0.049495
-0.0370612
-0.0203825
0.000628865
0.0256995
0.0546683
0.0873286
0.123263
0.161756
0.19677
0.223397
0.242941
0.257434
0.268237
0.27628
0.282188
0.286274
0.287948
0.287635
-0.132067
-0.121006
-0.0977101
-0.069799
-0.038732
-0.00452955
0.0328813
0.0734364
0.116822
0.162462
0.203672
0.235216
0.258843
0.27694
0.291054
0.302224
0.311222
0.317154
0.31935
0.320143
-0.208388
-0.188042
-0.154914
-0.117271
-0.0768824
-0.033856
0.0118602
0.0602348
0.111042
0.163818
0.211223
0.247606
0.275096
0.296481
0.313514
0.327293
0.338525
0.346825
0.351312
0.352283
-0.266081
-0.242565
-0.203772
-0.159124
-0.11133
-0.0608451
-0.00777785
0.0477255
0.105404
0.164776
0.2177
0.258035
0.288307
0.311641
0.329968
0.344538
0.356186
0.364854
0.369524
0.370631
-0.312355
-0.28691
-0.244105
-0.194599
-0.141438
-0.0851295
-0.0259457
0.0357807
0.0996019
0.164871
0.222592
0.266165
0.298464
0.323005
0.342018
0.356934
0.368673
0.377473
0.382084
0.383142
-0.350054
-0.323975
-0.278322
-0.225091
-0.167701
-0.106716
-0.0424952
0.0245445
0.09384
0.164544
0.226702
0.273137
0.307119
0.332588
0.352035
0.367082
0.378785
0.387495
0.392077
0.39308
-0.382482
-0.355979
-0.308243
-0.252122
-0.191321
-0.126427
-0.0578436
0.0139307
0.0882017
0.163906
0.230173
0.279268
0.314806
0.341102
0.360932
0.376107
0.387807
0.396484
0.401082
0.402034
-0.411105
-0.384389
-0.335064
-0.276654
-0.213046
-0.144847
-0.0725041
0.0034464
0.0822587
0.162725
0.233068
0.28487
0.322015
0.349197
0.369461
0.384806
0.396529
0.405191
0.409796
0.410679
-0.437099
-0.410247
-0.359654
-0.299389
-0.233493
-0.162531
-0.0869071
-0.00715893
0.0759295
0.161056
0.235532
0.290189
0.329087
0.357274
0.378061
0.39364
0.405431
0.414077
0.418714
0.419485
-0.46139
-0.434311
-0.382687
-0.320876
-0.253035
-0.179684
-0.101179
-0.0180029
0.0691028
0.158796
0.237554
0.295313
0.336202
0.365582
0.387022
0.402917
0.414827
0.423476
0.428091
0.428711
-0.484402
-0.457073
-0.404576
-0.341496
-0.272004
-0.196585
-0.115547
-0.0292714
0.0616239
0.155843
0.239074
0.300251
0.343447
0.374264
0.39653
0.412848
0.424936
0.433611
0.438248
0.438754
-0.506473
-0.478855
-0.425599
-0.361481
-0.290595
-0.213409
-0.130136
-0.041054
0.0533932
0.152099
0.239989
0.304937
0.350815
0.383387
0.406703
0.423591
0.435945
0.444676
0.449326
0.449735
-0.5278
-0.499869
-0.445969
-0.380954
-0.308865
-0.230181
-0.144989
-0.0533973
0.0443529
0.147436
0.240164
0.309244
0.358223
0.392929
0.41759
0.435241
0.447975
0.456843
0.461432
0.461816
-0.548474
-0.520198
-0.465768
-0.39995
-0.326867
-0.246933
-0.160107
-0.0663191
0.0344744
0.141774
0.23944
0.312981
0.365505
0.402794
0.42916
0.447833
0.461091
0.470157
0.474729
0.475105
-0.568523
-0.539907
-0.485007
-0.418483
-0.344583
-0.263627
-0.175452
-0.0797853
0.0237419
0.135058
0.237653
0.315924
0.372418
0.412777
0.441284
0.461305
0.475333
0.484723
0.489249
0.489572
-0.587877
-0.558928
-0.50361
-0.436503
-0.361975
-0.280205
-0.190962
-0.0937337
0.0121895
0.127265
0.234686
0.317835
0.37865
0.422569
0.453775
0.475557
0.490627
0.500493
0.505012
0.505192
-0.606544
-0.577281
-0.52155
-0.453975
-0.378966
-0.296603
-0.206552
-0.108089
-9.82459e-05
0.118392
0.230459
0.318448
0.383814
0.431823
0.466385
0.490498
0.506873
0.517257
0.521746
0.521705
-0.624404
-0.594963
-0.538779
-0.470853
-0.395486
-0.312725
-0.222128
-0.122743
-0.0130478
0.10849
0.224885
0.31751
0.387517
0.440077
0.478679
0.505939
0.524098
0.535003
0.539243
0.538924
-0.64154
-0.611819
-0.55527
-0.48707
-0.411461
-0.328493
-0.237587
-0.137584
-0.0265554
0.0976445
0.217954
0.314887
0.389315
0.446578
0.489984
0.521548
0.542445
0.553719
0.557023
0.556281
-0.657739
-0.627818
-0.570971
-0.502565
-0.426843
-0.343827
-0.25285
-0.152521
-0.0404955
0.0859708
0.209747
0.310463
0.388841
0.450419
0.499088
0.53649
0.562323
0.574706
0.575076
0.572847
-0.673218
-0.642963
-0.585833
-0.517284
-0.441567
-0.35865
-0.267796
-0.167423
-0.0547331
0.0736051
0.200372
0.304284
0.385841
0.450804
0.504463
0.548903
0.583039
0.601317
0.597757
0.576934
-0.687835
-0.657292
-0.599969
-0.531402
-0.455887
-0.373271
-0.282833
-0.182773
-0.0698409
0.0599632
0.189285
0.295718
0.379848
0.44702
0.503897
0.554925
0.599984
0.629464
0.62225
0.638511
-0.701781
-0.670822
-0.613338
-0.544875
-0.469741
-0.387616
-0.297927
-0.19852
-0.0857992
0.0449858
0.176375
0.284436
0.370283
0.438117
0.493376
0.54625
0.589733
0.621517
0.570664
0.532618
-0.715642
-0.683719
-0.625689
-0.557296
-0.482717
-0.401303
-0.312876
-0.214425
-0.102342
0.0288907
0.161861
0.270554
0.356734
0.424893
0.470963
0.514327
0.545706
0.529689
0.458148
0.40554
-0.729823
-0.695624
-0.63665
-0.568454
-0.49466
-0.414312
-0.327413
-0.23041
-0.119549
0.0116149
0.145779
0.254519
0.338626
0.408051
0.448092
0.459107
0.449772
0.391809
0.305367
0.252315
-0.385789
-0.295031
-0.193338
-0.0738099
0.0629258
0.186909
0.276985
0.0651628
-0.739417
-0.718733
-0.685768
-0.626534
-0.557872
-0.482718
-0.401515
-0.31323
-0.214103
-0.0968618
0.0398698
0.164778
0.25239
0.31368
0.350001
0.308463
0.138894
0.0273416
-0.059199
-0.751728
-0.738243
-0.697058
-0.637214
-0.568779
-0.494463
-0.414882
-0.328529
-0.232002
-0.116747
0.0195395
0.142634
0.223997
0.2704
0.256436
0.122157
-0.0812931
-0.228285
-0.35095
-0.768797
-0.755713
-0.711219
-0.650893
-0.582489
-0.508964
-0.43071
-0.346606
-0.252886
-0.139949
-0.00382396
0.117901
0.189239
0.216375
0.14629
-0.0761193
-0.322603
-0.515985
-0.690762
-0.785032
-0.771676
-0.725975
-0.664558
-0.596282
-0.52366
-0.447082
-0.36579
-0.275599
-0.165813
-0.0298974
0.0932311
0.155491
0.154487
0.0238981
-0.278528
-0.585648
-0.855624
-1.11857
-0.799551
-0.786683
-0.740338
-0.678177
-0.610096
-0.538428
-0.463767
-0.385555
-0.299527
-0.194024
-0.0585905
0.065997
0.121068
0.0843431
-0.124618
-0.473239
-0.836933
-1.19166
-1.51746
-0.813129
-0.800863
-0.754334
-0.691977
-0.624182
-0.55351
-0.480899
-0.406128
-0.325
-0.224435
-0.0887
0.0396178
0.0852067
0.00585412
-0.273457
-0.64478
-1.03054
-1.40716
-1.66516
-1.78401
-0.826639
-0.814729
-0.768283
-0.705873
-0.638546
-0.569024
-0.498761
-0.428028
-0.353065
-0.259156
-0.123928
0.0117762
0.051719
-0.0786256
-0.413427
-0.796834
-1.15206
-1.44283
-1.58241
-1.63202
-0.839932
-0.828449
-0.782029
-0.719677
-0.652943
-0.584786
-0.517227
-0.451365
-0.384296
-0.299636
-0.166006
-0.0197523
0.0191074
-0.157784
-0.543991
-0.931874
-1.26997
-1.45204
-1.50079
-1.52929
-0.853194
-0.841862
-0.7954
-0.733118
-0.667053
-0.600424
-0.535986
-0.475953
-0.418782
-0.347685
-0.219873
-0.0554972
-0.0150902
-0.247818
-0.670946
-1.06034
-1.44161
-1.5434
-1.52475
-1.55154
-0.86603
-0.85474
-0.808009
-0.745873
-0.680473
-0.615473
-0.554491
-0.50133
-0.456855
-0.405801
-0.291723
-0.11432
-0.0677565
-0.364722
-0.803794
-1.17695
-1.63999
-1.8645
-1.69475
-1.62507
-0.877952
-0.866595
-0.819555
-0.757466
-0.692664
-0.629297
-0.572032
-0.526624
-0.498229
-0.477577
-0.398188
-0.216136
-0.171642
-0.51511
-0.92667
-1.21765
-1.49724
-1.69395
-1.5786
-1.54424
-0.888318
-0.876939
-0.829447
-0.767339
-0.702967
-0.641092
-0.58762
-0.550766
-0.542696
-0.567021
-0.567553
-0.414958
-0.365217
-0.71563
-1.04234
-1.10896
-0.979131
-1.09283
-1.32041
-1.41738
-0.896704
-0.885163
-0.837134
-0.774788
-0.710602
-0.649858
-0.599872
-0.571729
-0.588084
-0.680814
-0.833412
-0.772307
-0.684441
-0.987707
-1.30878
-1.42691
-1.33617
-1.45725
-1.58236
-1.65491
-0.90251
-0.890652
-0.841818
-0.779062
-0.714698
-0.654486
-0.606986
-0.587748
-0.630463
-0.817924
-1.21087
-1.32526
-1.12354
-1.36863
-1.83392
-2.44647
-2.70167
-2.70886
-2.54425
-2.42752
-0.904896
-0.892689
-0.842974
-0.779468
-0.714403
-0.653842
-0.607426
-0.59461
-0.659771
-0.95482
-1.68995
-1.99157
-1.57205
-1.6882
-2.22182
-3.20752
-3.823
-3.70604
-3.28306
-3.00682
-0.903306
-0.890763
-0.839985
-0.775395
-0.709014
-0.646909
-0.599249
-0.587614
-0.668296
-1.03474
-2.05192
-2.47687
-1.72787
-1.54496
-1.84641
-2.51505
-2.95632
-2.73394
-2.25618
-1.98513
-0.897482
-0.884583
-0.832559
-0.766512
-0.698149
-0.633127
-0.581269
-0.563667
-0.636818
-0.995082
-2.0355
-2.38502
-1.34552
-0.687748
-0.34127
-0.279707
-0.290659
-0.152318
0.0312165
0.115906
-0.887653
-0.874269
-0.820771
-0.752913
-0.681866
-0.612718
-0.553774
-0.522484
-0.563264
-0.816539
-1.55067
-1.56035
-0.556838
0.196194
0.724846
1.05355
1.24916
1.3566
1.39895
1.40852
-0.873557
-0.859624
-0.804879
-0.734927
-0.660867
-0.586716
-0.518642
-0.468429
-0.461588
-0.562115
-0.824384
-0.541356
0.165278
0.746733
1.14979
1.41786
1.58349
1.67287
1.7131
1.72459
-0.854312
-0.840331
-0.785228
-0.712996
-0.635937
-0.556732
-0.479246
-0.40931
-0.355889
-0.327887
-0.258329
0.0529516
0.526398
0.938201
1.21626
1.4012
1.52138
1.59598
1.63885
1.65544
-0.830443
-0.816413
-0.760996
-0.687309
-0.607681
-0.524254
-0.438785
-0.352667
-0.26498
-0.161744
0.0185296
0.322492
0.642885
0.923482
1.1242
1.26212
1.35716
1.42237
1.46477
1.4818
-0.798135
-0.784066
-0.730878
-0.65645
-0.575538
-0.489683
-0.399004
-0.302459
-0.19492
-0.058621
0.14345
0.402322
0.643137
0.843689
0.994469
1.10421
1.18407
1.24233
1.27977
1.29509
-0.752259
-0.739391
-0.690551
-0.618188
-0.53799
-0.451945
-0.359748
-0.258988
-0.143627
0.000823428
0.192556
0.406526
0.593799
0.745858
0.86346
0.952859
1.02063
1.0722
1.10488
1.12162
-0.692167
-0.681945
-0.63562
-0.568065
-0.491878
-0.409258
-0.31954
-0.220275
-0.106341
0.0322755
0.202622
0.377022
0.523472
0.641018
0.733208
0.805242
0.861372
0.904057
0.93353
0.949736
-0.607148
-0.601841
-0.563661
-0.502745
-0.433691
-0.35844
-0.275758
-0.183543
-0.0783075
0.0468962
0.191871
0.33153
0.444124
0.532794
0.601814
0.655669
0.69831
0.731605
0.754696
0.765607
-0.486047
-0.483271
-0.459756
-0.413975
-0.359066
-0.297255
-0.227461
-0.14787
-0.0559154
0.0524253
0.175216
0.290643
0.381745
0.452038
0.505448
0.545668
0.575625
0.598145
0.615041
0.622904
-0.352559
-0.352183
-0.339781
-0.310945
-0.273355
-0.228381
-0.174536
-0.110626
-0.0344699
0.0563303
0.159072
0.253934
0.327633
0.383337
0.424486
0.45414
0.475067
0.489364
0.498114
0.501562
-0.229859
-0.230163
-0.224311
-0.209235
-0.187175
-0.157894
-0.120143
-0.0720696
-0.0121096
0.0614184
0.145209
0.222213
0.281285
0.324925
0.356096
0.377755
0.392163
0.401075
0.405968
0.40773
-0.129697
-0.130508
-0.129049
-0.122985
-0.11193
-0.0948781
-0.0700934
-0.0358161
0.00964737
0.0676168
0.134868
0.196589
0.243251
0.277129
0.300828
0.316549
0.326357
0.332089
0.334977
0.335804
-0.0579617
-0.0587185
-0.0596407
-0.0591108
-0.0549002
-0.0455564
-0.0297054
-0.00560269
0.0282162
0.0729569
0.125925
0.174767
0.211462
0.237595
0.255255
0.266721
0.273679
0.277441
0.279071
0.279438
-0.0121267
-0.0126759
-0.0140902
-0.0153734
-0.0144192
-0.00973168
0.000223972
0.0169725
0.0422428
0.0765844
0.117888
0.156018
0.184406
0.204472
0.218075
0.22659
0.231461
0.233911
0.234845
0.235007
0.0154895
0.0151466
0.014082
0.0128929
0.0131624
0.0159542
0.0224049
0.03395
0.0522662
0.0785043
0.110534
0.140252
0.162364
0.177942
0.188022
0.194164
0.197643
0.199316
0.199858
0.199929
0.0323728
0.0321528
0.0315252
0.0307954
0.0309969
0.0329847
0.0376931
0.0461777
0.0595814
0.079384
0.104125
0.127044
0.143986
0.155803
0.163358
0.167971
0.17051
0.171663
0.172001
0.172039
0.0432322
0.0430933
0.0427229
0.0423029
0.0425202
0.0439688
0.0473726
0.0536516
0.0637648
0.0785386
0.0975351
0.115373
0.128379
0.137306
0.143074
0.146536
0.148413
0.14925
0.149484
0.149508
0.0500156
0.0499267
0.0497072
0.0494779
0.0497267
0.0508907
0.0534943
0.0582113
0.0658373
0.0771015
0.0914915
0.105056
0.115022
0.12183
0.126201
0.128812
0.130214
0.130822
0.130982
0.130996
0.0537931
0.0537331
0.0535994
0.0534752
0.0537114
0.0546309
0.0566342
0.0602412
0.066053
0.0746177
0.0855283
0.0958336
0.103439
0.108642
0.111972
0.113948
0.114996
0.11544
0.11555
0.115556
0.0553228
0.0552796
0.0552009
0.0551483
0.0553733
0.0561128
0.057664
0.0604207
0.0648508
0.0713727
0.0796721
0.0875124
0.0933134
0.0972721
0.0997967
0.101287
0.10207
0.102395
0.102469
0.102471
0.0551944
0.0551621
0.0551151
0.0551022
0.0553042
0.0558978
0.057106
0.0592267
0.0626117
0.06758
0.0738929
0.0798662
0.0842739
0.0872773
0.089189
0.0903126
0.0908982
0.0911356
0.0911845
0.0911821
0.0538218
0.0537969
0.0537672
0.0537721
0.0539444
0.0544152
0.0553537
0.0569837
0.0595712
0.0633607
0.0681701
0.0727201
0.0760607
0.0783393
0.0797852
0.0806304
0.0810663
0.0812389
0.0812703
0.0812658
0.0515017
0.0514825
0.0514623
0.0514727
0.0516133
0.0519827
0.0527086
0.0539601
0.0559393
0.0588281
0.06249
0.0659431
0.0684832
0.07021
0.0713021
0.0719374
0.0722615
0.0723855
0.0724038
0.0723982
0.0484522
0.0484372
0.0484221
0.0484323
0.0485434
0.0488302
0.0493891
0.0503477
0.0518578
0.0540594
0.0568457
0.059467
0.0613935
0.0626996
0.0635225
0.063998
0.0642377
0.0643264
0.0643365
0.0643306
0.0448398
0.0448281
0.0448161
0.044824
0.0449094
0.0451292
0.0455567
0.0462887
0.0474396
0.0491143
0.0512298
0.0532173
0.0546748
0.055661
0.0562802
0.0566358
0.0568126
0.0568752
0.0568793
0.0568734
0.0407942
0.0407848
0.0407749
0.0407802
0.0408448
0.0410118
0.0413367
0.0418926
0.0427659
0.0440354
0.0456377
0.0471414
0.0482422
0.0489844
0.0494483
0.0497127
0.0498419
0.0498853
0.0498858
0.0498805
0.0364172
0.0364098
0.0364014
0.0364041
0.0364516
0.0365767
0.0368211
0.0372403
0.0378997
0.0388587
0.0400677
0.0411998
0.0420272
0.0425839
0.0429296
0.0431245
0.0432179
0.0432471
0.0432448
0.0432399
0.0317872
0.0317814
0.0317743
0.0317746
0.0318083
0.0319001
0.0320817
0.032395
0.0328891
0.0336077
0.0345133
0.0353598
0.0359768
0.0363903
0.036646
0.0367893
0.0368566
0.0368759
0.0368723
0.0368678
0.0269651
0.0269605
0.026954
0.0269522
0.0269751
0.0270413
0.0271745
0.027406
0.0277717
0.0283034
0.0289735
0.0295997
0.0300544
0.0303571
0.0305432
0.0306458
0.0306926
0.0307043
0.0306998
0.0306958
0.0219987
0.0219951
0.0219892
0.021986
0.0220006
0.0220466
0.0221415
0.0223078
0.0225716
0.022957
0.0234423
0.0238958
0.0242247
0.0244431
0.0245758
0.0246475
0.0246783
0.024684
0.0246786
0.024675
0.0169249
0.0169222
0.0169168
0.0169122
0.0169199
0.0169498
0.0170142
0.0171288
0.017312
0.0175804
0.01792
0.018236
0.0184644
0.0186149
0.018705
0.0187525
0.0187717
0.0187732
0.0187676
0.0187644
0.0117731
0.0117711
0.0117663
0.0117611
0.0117638
0.0117813
0.0118214
0.0118947
0.0120129
0.012186
0.0124042
0.0126072
0.0127529
0.0128482
0.0129048
0.0129337
0.0129436
0.012942
0.0129363
0.0129335
0.00656499
0.00656365
0.00655987
0.00655474
0.00655448
0.00656266
0.00658329
0.00662147
0.00668326
0.00677487
0.00688994
0.00699783
0.0070755
0.00712593
0.00715517
0.00716895
0.00717226
0.00716887
0.00716362
0.00716145
0.00394462
0.00394284
0.00393777
0.00393562
0.00393787
0.00394564
0.00396222
0.00399105
0.00403483
0.00409969
0.0041683
0.00422401
0.00426132
0.00428389
0.00429556
0.0042999
0.00429973
0.00429512
0.00429126
0.0014269
-1.30989
-0.820172
-0.472027
-0.200393
0.0163649
0.192416
0.338146
0.464231
0.556926
0.562158
-0.574481
-0.339129
-0.137262
0.0346481
0.18121
0.305181
0.409078
0.490736
0.542168
0.561634
-0.178674
-0.0411445
0.0877591
0.203674
0.305071
0.391724
0.463034
0.517352
0.555328
0.578154
0.0712422
0.160923
0.249175
0.33059
0.402255
0.463846
0.514851
0.555265
0.586317
0.606751
0.248556
0.308134
0.373463
0.433444
0.486194
0.532229
0.57144
0.603737
0.62962
0.646687
0.384786
0.42817
0.478995
0.524266
0.565901
0.602987
0.635332
0.662514
0.684519
0.698456
0.496399
0.532964
0.573948
0.612261
0.647967
0.680483
0.709056
0.733097
0.752345
0.763558
0.596521
0.630497
0.668253
0.704708
0.738359
0.768901
0.795664
0.817841
0.834967
0.844119
0.69702
0.733446
0.772243
0.809496
0.843078
0.872685
0.897976
0.918606
0.933996
0.942352
0.813329
0.854479
0.894811
0.932777
0.965555
0.993513
1.01679
1.03556
1.04964
1.05899
0.959065
1.0024
1.04068
1.07498
1.10356
1.12784
1.14889
1.16663
1.18074
1.19205
1.13809
1.176
1.2045
1.22917
1.25049
1.27004
1.28857
1.30596
1.32205
1.33669
1.33647
1.35764
1.37279
1.38881
1.40531
1.4208
1.43462
1.44801
1.46365
1.48211
1.52762
1.53483
1.54543
1.5571
1.56713
1.57649
1.58689
1.59806
1.60971
1.6186
1.74077
1.74253
1.73465
1.71823
1.70729
1.70681
1.71898
1.74368
1.77782
1.80234
2.16055
1.96671
1.86577
1.808
1.7787
1.77211
1.7874
1.82817
1.90408
2.04714
-0.707084
-0.713
-0.675511
-0.614779
-0.545176
-0.468816
0.350652
0.420152
0.420365
0.338943
0.25583
0.170055
-0.146581
-0.4701
-0.879004
-1.42771
-2.13907
)
;

boundaryField
{
    wall-4
    {
        type            zeroGradient;
    }
    pressure-outlet-7
    {
        type            fixedValue;
        value           uniform 0;
    }
    velocity-inlet-6
    {
        type            zeroGradient;
    }
    velocity-inlet-5
    {
        type            zeroGradient;
    }
    frontAndBackPlanes
    {
        type            empty;
    }
}


// ************************************************************************* //
