/*--------------------------------*- C++ -*----------------------------------*\
| =========                 |                                                 |
| \\      /  F ield         | OpenFOAM: The Open Source CFD Toolbox           |
|  \\    /   O peration     | Version:  4.0                                   |
|   \\  /    A nd           | Web:      www.OpenFOAM.org                      |
|    \\/     M anipulation  |                                                 |
\*---------------------------------------------------------------------------*/
FoamFile
{
    version     2.0;
    format      ascii;
    class       volScalarField;
    location    "0.007";
    object      mag(U);
}
// * * * * * * * * * * * * * * * * * * * * * * * * * * * * * * * * * * * * * //

dimensions      [0 1 -1 0 0 0 0];

internalField   nonuniform List<scalar> 
10000
(
8.89825e-13
8.46063e-13
8.46063e-13
8.16889e-13
5.83492e-13
4.95968e-13
2.04222e-13
5.83492e-14
1.31286e-13
5.83492e-14
1.45873e-14
1.16698e-13
2.47984e-13
4.95968e-13
2.91746e-13
2.62571e-13
2.62571e-13
2.91746e-13
4.37619e-13
4.23032e-13
3.7927e-13
4.37619e-13
1.02111e-13
1.75048e-13
1.45873e-14
1.89635e-13
2.91746e-13
7.14778e-13
3.64683e-13
6.27254e-13
6.85603e-13
6.71016e-13
4.08444e-13
6.56429e-13
2.47984e-13
3.7927e-13
2.91746e-13
2.33397e-13
1.16698e-13
4.66794e-13
1.89635e-13
1.75048e-13
1.45873e-14
4.66794e-13
4.52206e-13
6.12667e-13
8.02302e-13
7.5854e-13
1.07946e-12
1.06487e-12
1.41497e-12
1.23992e-12
1.47332e-12
1.61919e-12
1.82341e-12
1.64836e-12
1.94011e-12
1.67754e-12
1.7213e-12
1.34203e-12
1.57543e-12
1.18157e-12
1.73589e-12
1.35662e-12
1.88176e-12
1.51708e-12
1.838e-12
1.40038e-12
1.63378e-12
1.16698e-12
1.18157e-12
1.13781e-12
1.34203e-12
1.05029e-12
1.28368e-12
1.09405e-12
1.41497e-12
1.2691e-12
1.28368e-12
1.28368e-12
1.12322e-12
8.60651e-13
1.18157e-12
1.0357e-12
1.13781e-12
8.31476e-13
1.02111e-12
8.31476e-13
1.18157e-12
7.73127e-13
1.31286e-12
9.04413e-13
1.12322e-12
8.46063e-13
1.0357e-12
8.16889e-13
8.46063e-13
7.14778e-13
5.98079e-13
4.52206e-13
6.41841e-13
2.62571e-13
2.1881e-13
5.83492e-14
2.1881e-13
4.08444e-13
8.02302e-13
9.19e-13
1.00652e-12
1.25451e-12
1.2691e-12
1.25451e-12
1.79424e-12
1.40038e-12
1.99846e-12
1.13781e-12
1.79424e-12
1.25451e-12
1.47332e-12
1.29827e-12
1.25451e-12
1.41497e-12
1.2691e-12
1.42956e-12
1.00652e-12
1.23992e-12
9.33587e-13
1.16698e-12
6.85603e-13
1.19616e-12
6.41841e-13
1.12322e-12
7.87714e-13
1.18157e-12
4.23032e-13
1.02111e-12
3.50095e-13
9.04413e-13
3.06333e-13
5.83492e-13
8.75238e-14
3.7927e-13
5.83492e-14
2.91746e-14
3.64683e-13
2.91746e-14
6.85603e-13
7.0019e-13
1.37121e-12
1.41497e-12
1.69213e-12
1.73589e-12
1.85259e-12
1.70671e-12
1.88176e-12
1.91094e-12
1.56084e-12
1.37121e-12
1.77965e-12
1.23992e-12
1.75048e-12
1.29827e-12
2.05681e-12
1.37121e-12
1.85259e-12
1.53167e-12
1.92552e-12
1.31286e-12
1.76506e-12
1.69213e-12
2.0714e-12
2.0714e-12
2.47984e-12
2.29021e-12
2.26103e-12
2.30479e-12
2.33397e-12
2.36314e-12
2.42149e-12
2.21727e-12
2.39232e-12
2.65489e-12
2.65489e-12
2.84452e-12
3.04875e-12
2.80076e-12
2.81535e-12
3.13627e-12
3.01957e-12
3.26756e-12
3.41343e-12
3.5593e-12
3.73435e-12
4.17197e-12
3.70517e-12
4.30325e-12
4.50748e-12
4.65335e-12
4.39078e-12
4.97427e-12
4.68252e-12
5.10556e-12
4.90133e-12
4.56582e-12
4.84298e-12
4.93051e-12
4.39078e-12
4.60959e-12
3.96775e-12
3.99692e-12
3.71976e-12
3.53013e-12
3.66141e-12
3.34049e-12
3.36967e-12
3.10709e-12
3.5593e-12
3.09251e-12
3.39884e-12
3.12168e-12
3.10709e-12
2.8737e-12
2.9904e-12
2.78617e-12
2.39232e-12
2.6403e-12
2.08598e-12
1.838e-12
1.47332e-12
1.44414e-12
1.1524e-12
1.23992e-12
9.77349e-13
1.19616e-12
1.13781e-12
1.44414e-12
1.25451e-12
1.25451e-12
1.22533e-12
1.4879e-12
1.88176e-12
1.69213e-12
2.34856e-12
2.10057e-12
2.68406e-12
2.29021e-12
2.88829e-12
2.88829e-12
2.90287e-12
3.12168e-12
3.28214e-12
3.69059e-12
3.51554e-12
3.9094e-12
3.83646e-12
3.96775e-12
3.82187e-12
4.33243e-12
3.70517e-12
3.85105e-12
3.98233e-12
3.66141e-12
3.45719e-12
3.66141e-12
3.06333e-12
3.03416e-12
3.04875e-12
2.62571e-12
2.8737e-12
2.80076e-12
2.84452e-12
3.10709e-12
2.46525e-12
2.757e-12
2.49443e-12
2.757e-12
2.43608e-12
3.16544e-12
2.56736e-12
3.06333e-12
2.757e-12
3.19462e-12
2.55278e-12
3.06333e-12
2.74241e-12
3.10709e-12
2.74241e-12
3.10709e-12
2.81535e-12
3.26756e-12
2.88829e-12
3.13627e-12
2.88829e-12
3.18003e-12
2.53819e-12
2.80076e-12
2.27562e-12
2.55278e-12
1.9547e-12
2.43608e-12
2.37773e-12
2.80076e-12
2.69865e-12
3.01957e-12
2.90287e-12
3.19462e-12
2.93205e-12
3.4426e-12
3.03416e-12
3.39884e-12
3.34049e-12
3.5593e-12
3.76352e-12
3.96775e-12
3.70517e-12
4.18656e-12
3.98233e-12
4.40536e-12
4.15738e-12
4.53665e-12
4.56582e-12
4.78463e-12
4.60959e-12
4.79922e-12
5.04721e-12
4.8284e-12
5.03262e-12
4.88675e-12
5.1639e-12
4.95968e-12
5.10556e-12
4.65335e-12
4.94509e-12
4.43454e-12
4.46371e-12
4.18656e-12
4.18656e-12
3.82187e-12
3.69059e-12
3.41343e-12
3.36967e-12
3.38425e-12
3.34049e-12
3.25297e-12
3.04875e-12
3.18003e-12
2.82994e-12
3.26756e-12
3.00498e-12
3.99692e-12
3.06333e-12
3.89481e-12
3.35508e-12
3.99692e-12
3.74894e-12
4.34702e-12
4.20114e-12
4.53665e-12
4.65335e-12
5.1639e-12
4.88675e-12
5.47024e-12
5.64529e-12
5.52859e-12
5.96621e-12
6.00997e-12
6.22878e-12
6.56429e-12
6.24336e-12
6.57887e-12
6.78309e-12
6.94355e-12
7.32282e-12
7.06025e-12
6.82686e-12
6.71016e-12
6.91438e-12
6.433e-12
6.73933e-12
7.08943e-12
6.62263e-12
6.17043e-12
6.68098e-12
6.433e-12
6.22878e-12
6.79768e-12
5.52859e-12
6.38924e-12
5.60152e-12
5.83492e-12
5.79116e-12
6.0829e-12
5.35354e-12
6.02455e-12
5.42648e-12
5.90786e-12
5.60152e-12
5.73281e-12
5.38271e-12
5.60152e-12
5.25143e-12
5.41189e-12
5.04721e-12
5.06179e-12
4.62417e-12
4.46371e-12
4.21573e-12
3.99692e-12
3.89481e-12
3.76352e-12
3.31132e-12
3.10709e-12
3.25297e-12
3.20921e-12
2.74241e-12
2.93205e-12
2.69865e-12
2.49443e-12
2.50902e-12
2.6403e-12
2.4069e-12
3.06333e-12
2.69865e-12
2.80076e-12
2.69865e-12
3.04875e-12
2.88829e-12
3.4426e-12
3.22379e-12
3.71976e-12
3.20921e-12
3.77811e-12
3.54471e-12
3.9094e-12
3.86563e-12
4.41995e-12
4.25949e-12
4.68252e-12
4.43454e-12
4.62417e-12
4.01151e-12
4.78463e-12
4.68252e-12
4.93051e-12
5.38271e-12
5.19308e-12
5.14932e-12
5.41189e-12
5.61611e-12
5.57235e-12
5.70363e-12
5.95162e-12
5.67446e-12
5.71822e-12
5.96621e-12
6.06832e-12
6.25795e-12
6.49135e-12
6.60805e-12
7.03108e-12
7.10402e-12
7.71668e-12
7.76044e-12
8.40228e-12
7.62916e-12
8.79614e-12
8.41687e-12
8.51898e-12
8.28559e-12
8.73779e-12
8.48981e-12
8.5044e-12
8.66486e-12
8.44605e-12
8.16889e-12
8.31476e-12
8.24182e-12
7.95008e-12
8.37311e-12
7.74586e-12
7.67292e-12
7.4687e-12
7.43952e-12
7.06025e-12
7.36659e-12
6.92897e-12
6.98732e-12
6.88521e-12
6.76851e-12
6.50594e-12
6.56429e-12
5.92244e-12
6.49135e-12
5.55776e-12
6.62263e-12
5.96621e-12
6.72475e-12
5.77657e-12
6.73933e-12
5.79116e-12
6.33089e-12
5.60152e-12
6.62263e-12
5.83492e-12
6.15584e-12
5.70363e-12
6.02455e-12
4.94509e-12
5.64529e-12
5.17849e-12
5.58694e-12
5.2806e-12
5.6307e-12
5.1639e-12
5.93703e-12
5.52859e-12
5.61611e-12
5.6307e-12
5.84951e-12
5.77657e-12
6.06832e-12
5.55776e-12
6.15584e-12
5.89327e-12
6.11208e-12
6.79768e-12
6.18502e-12
6.59346e-12
6.65181e-12
6.81227e-12
6.78309e-12
7.20613e-12
6.76851e-12
7.29365e-12
7.10402e-12
7.20613e-12
7.19154e-12
7.0019e-12
7.42494e-12
6.84144e-12
7.10402e-12
6.73933e-12
6.81227e-12
6.40382e-12
6.72475e-12
5.70363e-12
6.49135e-12
5.7474e-12
6.37465e-12
6.1996e-12
6.50594e-12
6.37465e-12
6.28713e-12
6.50594e-12
7.04567e-12
6.89979e-12
7.41035e-12
7.24989e-12
7.74586e-12
7.9209e-12
8.05219e-12
8.0376e-12
9.13165e-12
7.90632e-12
9.13165e-12
8.05219e-12
9.13165e-12
8.12513e-12
9.58386e-12
8.16889e-12
9.39422e-12
8.69403e-12
9.27752e-12
8.85449e-12
9.39422e-12
8.8399e-12
9.45257e-12
9.26294e-12
9.13165e-12
9.56927e-12
9.23376e-12
9.19e-12
8.85449e-12
8.82532e-12
8.53357e-12
8.86908e-12
8.62109e-12
8.75238e-12
8.30017e-12
8.31476e-12
7.84797e-12
8.21265e-12
7.48329e-12
7.41035e-12
6.95814e-12
7.03108e-12
6.78309e-12
6.62263e-12
6.433e-12
6.60805e-12
6.40382e-12
6.46217e-12
6.72475e-12
6.40382e-12
6.92897e-12
6.81227e-12
7.54163e-12
7.07484e-12
7.49787e-12
7.43952e-12
7.62916e-12
7.61457e-12
8.24182e-12
7.9209e-12
8.48981e-12
8.34394e-12
8.75238e-12
8.86908e-12
8.78155e-12
9.33587e-12
9.11706e-12
9.68597e-12
8.9566e-12
9.74432e-12
8.94202e-12
9.43798e-12
9.05871e-12
9.27752e-12
9.02954e-12
9.14624e-12
9.01495e-12
8.79614e-12
8.73779e-12
8.70862e-12
8.65027e-12
8.28559e-12
8.02302e-12
8.02302e-12
7.52705e-12
7.95008e-12
7.5854e-12
7.24989e-12
7.62916e-12
7.43952e-12
7.97925e-12
7.77503e-12
7.99384e-12
8.35852e-12
7.84797e-12
8.56275e-12
8.37311e-12
8.89825e-12
9.0733e-12
9.35046e-12
9.36505e-12
9.96313e-12
9.91936e-12
1.01819e-11
1.04737e-11
1.0605e-11
1.01673e-11
1.03278e-11
9.80267e-12
1.04737e-11
1.0284e-11
1.06196e-11
1.0109e-11
1.0853e-11
9.94854e-12
1.09405e-11
1.02111e-11
1.07508e-11
1.00652e-11
1.04883e-11
9.93395e-12
1.07946e-11
1.03132e-11
1.09842e-11
1.00652e-11
1.09988e-11
1.0357e-11
1.12176e-11
1.07071e-11
1.08675e-11
1.08384e-11
1.07071e-11
1.06633e-11
1.0853e-11
1.0532e-11
1.04445e-11
9.8756e-12
1.02111e-11
9.37963e-12
9.48175e-12
9.26294e-12
9.36505e-12
8.19806e-12
8.70862e-12
8.5044e-12
8.41687e-12
8.41687e-12
8.76697e-12
8.21265e-12
9.26294e-12
8.67944e-12
8.79614e-12
8.91284e-12
9.19e-12
9.58386e-12
9.51092e-12
9.68597e-12
9.68597e-12
9.94854e-12
9.9923e-12
1.07071e-11
1.03862e-11
1.05612e-11
1.04591e-11
1.08092e-11
1.07946e-11
1.13197e-11
1.11739e-11
1.14219e-11
1.13343e-11
1.15969e-11
1.16407e-11
1.16553e-11
1.19032e-11
1.17282e-11
1.19324e-11
1.20637e-11
1.20783e-11
1.21658e-11
1.25888e-11
1.25305e-11
1.2691e-11
1.24721e-11
1.26764e-11
1.24576e-11
1.237e-11
1.17865e-11
1.19762e-11
1.1699e-11
1.18595e-11
1.12176e-11
1.13343e-11
1.078e-11
1.0853e-11
1.03716e-11
1.0357e-11
1.04445e-11
1.03424e-11
1.05904e-11
1.02403e-11
1.05029e-11
1.01965e-11
1.08967e-11
1.00215e-11
1.07508e-11
1.0109e-11
1.11301e-11
1.02549e-11
1.18157e-11
1.00069e-11
1.15677e-11
1.078e-11
1.15823e-11
1.09988e-11
1.15969e-11
1.13489e-11
1.21804e-11
1.14073e-11
1.21075e-11
1.13489e-11
1.16407e-11
1.18157e-11
1.22242e-11
1.23409e-11
1.24284e-11
1.26326e-11
1.26326e-11
1.30848e-11
1.25159e-11
1.34787e-11
1.27639e-11
1.3785e-11
1.29389e-11
1.3289e-11
1.27931e-11
1.30848e-11
1.32744e-11
1.25013e-11
1.32744e-11
1.2618e-11
1.35662e-11
1.27493e-11
1.32453e-11
1.25743e-11
1.33766e-11
1.24867e-11
1.31286e-11
1.25305e-11
1.28368e-11
1.27055e-11
1.29243e-11
1.24721e-11
1.27931e-11
1.22971e-11
1.25451e-11
1.2618e-11
1.24138e-11
1.28368e-11
1.25743e-11
1.28222e-11
1.31723e-11
1.32599e-11
1.30848e-11
1.3114e-11
1.29973e-11
1.27347e-11
1.29681e-11
1.20783e-11
1.26618e-11
1.17428e-11
1.25159e-11
1.15969e-11
1.18011e-11
1.12322e-11
1.19178e-11
1.08821e-11
1.14073e-11
1.09259e-11
1.11739e-11
1.11009e-11
1.12906e-11
1.09113e-11
1.13781e-11
1.12322e-11
1.1203e-11
1.18595e-11
1.16261e-11
1.15531e-11
1.1451e-11
1.22242e-11
1.12614e-11
1.20053e-11
1.16261e-11
1.20053e-11
1.19178e-11
1.27931e-11
1.23409e-11
1.30265e-11
1.29243e-11
1.30265e-11
1.27201e-11
1.34203e-11
1.28806e-11
1.3362e-11
1.27347e-11
1.35224e-11
1.30994e-11
1.37266e-11
1.3362e-11
1.39163e-11
1.37558e-11
1.43247e-11
1.40622e-11
1.45873e-11
1.39455e-11
1.47332e-11
1.41205e-11
1.46311e-11
1.39017e-11
1.45873e-11
1.3537e-11
1.40038e-11
1.31432e-11
1.33911e-11
1.27639e-11
1.27347e-11
1.29243e-11
1.24721e-11
1.23992e-11
1.24138e-11
1.20783e-11
1.20783e-11
1.2122e-11
1.27347e-11
1.25597e-11
1.27493e-11
1.3114e-11
1.29681e-11
1.3289e-11
1.37704e-11
1.36683e-11
1.35808e-11
1.4033e-11
1.36245e-11
1.40476e-11
1.4033e-11
1.43247e-11
1.43831e-11
1.47478e-11
1.44998e-11
1.49374e-11
1.49228e-11
1.53313e-11
1.5623e-11
1.59585e-11
1.63378e-11
1.55938e-11
1.65566e-11
1.59002e-11
1.64982e-11
1.65712e-11
1.70088e-11
1.60898e-11
1.75631e-11
1.65712e-11
1.73589e-11
1.74902e-11
1.67608e-11
1.68483e-11
1.70963e-11
1.62794e-11
1.679e-11
1.64253e-11
1.68629e-11
1.65566e-11
1.66587e-11
1.58418e-11
1.64691e-11
1.53604e-11
1.62211e-11
1.50979e-11
1.6046e-11
1.46894e-11
1.55792e-11
1.4704e-11
1.49228e-11
1.40913e-11
1.4952e-11
1.35808e-11
1.42226e-11
1.34057e-11
1.37996e-11
1.34349e-11
1.3362e-11
1.31869e-11
1.31577e-11
1.3114e-11
1.27201e-11
1.29827e-11
1.28952e-11
1.2618e-11
1.30265e-11
1.27639e-11
1.34203e-11
1.29535e-11
1.33036e-11
1.26326e-11
1.29535e-11
1.29827e-11
1.29098e-11
1.32307e-11
1.31286e-11
1.34787e-11
1.39892e-11
1.39746e-11
1.38725e-11
1.43101e-11
1.4281e-11
1.44123e-11
1.46602e-11
1.46165e-11
1.49957e-11
1.43977e-11
1.54917e-11
1.4952e-11
1.59439e-11
1.52875e-11
1.63086e-11
1.54771e-11
1.65274e-11
1.6294e-11
1.64107e-11
1.61044e-11
1.67608e-11
1.58272e-11
1.70234e-11
1.62794e-11
1.64982e-11
1.69796e-11
1.61336e-11
1.68775e-11
1.63524e-11
1.74026e-11
1.67025e-11
1.79132e-11
1.67025e-11
1.80737e-11
1.64545e-11
1.81612e-11
1.68483e-11
1.82633e-11
1.62211e-11
1.77673e-11
1.64545e-11
1.70234e-11
1.62357e-11
1.69359e-11
1.59585e-11
1.64691e-11
1.59002e-11
1.58418e-11
1.57251e-11
1.56668e-11
1.53458e-11
1.54625e-11
1.57397e-11
1.54625e-11
1.55938e-11
1.49812e-11
1.54625e-11
1.47332e-11
1.52146e-11
1.42226e-11
1.49082e-11
1.42956e-11
1.52e-11
1.44268e-11
1.46165e-11
1.40476e-11
1.4281e-11
1.38142e-11
1.40913e-11
1.36829e-11
1.38579e-11
1.36537e-11
1.38288e-11
1.34349e-11
1.37996e-11
1.35516e-11
1.32307e-11
1.41497e-11
1.28952e-11
1.396e-11
1.29243e-11
1.37996e-11
1.30556e-11
1.37412e-11
1.32015e-11
1.38579e-11
1.36391e-11
1.31577e-11
1.4033e-11
1.30265e-11
1.40767e-11
1.33766e-11
1.43685e-11
1.36683e-11
1.41205e-11
1.40913e-11
1.41643e-11
1.4033e-11
1.39455e-11
1.43393e-11
1.43685e-11
1.48207e-11
1.4529e-11
1.53167e-11
1.48207e-11
1.58126e-11
1.54771e-11
1.59731e-11
1.54042e-11
1.59147e-11
1.56959e-11
1.5871e-11
1.62211e-11
1.63378e-11
1.64982e-11
1.68192e-11
1.62065e-11
1.70526e-11
1.63961e-11
1.74318e-11
1.6367e-11
1.79278e-11
1.61919e-11
1.75339e-11
1.69359e-11
1.75485e-11
1.69067e-11
1.73735e-11
1.76652e-11
1.71838e-11
1.79278e-11
1.7709e-11
1.81612e-11
1.74172e-11
1.82195e-11
1.82195e-11
1.80153e-11
1.77673e-11
1.83362e-11
1.82925e-11
1.82195e-11
1.78549e-11
1.81758e-11
1.78403e-11
1.81904e-11
1.73589e-11
1.77673e-11
1.80445e-11
1.76944e-11
1.78111e-11
1.74902e-11
1.82633e-11
1.70234e-11
1.82633e-11
1.71109e-11
1.80737e-11
1.76506e-11
1.75631e-11
1.75485e-11
1.69213e-11
1.70671e-11
1.64545e-11
1.66879e-11
1.56376e-11
1.69359e-11
1.56522e-11
1.62503e-11
1.58126e-11
1.61336e-11
1.56959e-11
1.61336e-11
1.56376e-11
1.6119e-11
1.55063e-11
1.59293e-11
1.4879e-11
1.5798e-11
1.48353e-11
1.52875e-11
1.4704e-11
1.54042e-11
1.43247e-11
1.50395e-11
1.39163e-11
1.51124e-11
1.41205e-11
1.44123e-11
1.4208e-11
1.43101e-11
1.42664e-11
1.38579e-11
1.41205e-11
1.39892e-11
1.43685e-11
1.39163e-11
1.43247e-11
1.43685e-11
1.46894e-11
1.47915e-11
1.53167e-11
1.51854e-11
1.55501e-11
1.54334e-11
1.56376e-11
1.56813e-11
1.53896e-11
1.58564e-11
1.54625e-11
1.5798e-11
1.49812e-11
1.60606e-11
1.54042e-11
1.59147e-11
1.55355e-11
1.5871e-11
1.51416e-11
1.55792e-11
1.48207e-11
1.52583e-11
1.47186e-11
1.51416e-11
1.51416e-11
1.49228e-11
1.44123e-11
1.48936e-11
1.45727e-11
1.50687e-11
1.43101e-11
1.56668e-11
1.41351e-11
1.59877e-11
1.42518e-11
1.57251e-11
1.43539e-11
1.60023e-11
1.4879e-11
1.63378e-11
1.53167e-11
1.6717e-11
1.56522e-11
1.71547e-11
1.59731e-11
1.679e-11
1.63815e-11
1.64107e-11
1.5798e-11
1.63086e-11
1.5798e-11
1.60606e-11
1.60752e-11
1.64107e-11
1.59293e-11
1.6119e-11
1.59293e-11
1.61627e-11
1.58856e-11
1.6294e-11
1.59002e-11
1.60898e-11
1.57251e-11
1.6367e-11
1.55646e-11
1.64545e-11
1.54771e-11
1.65712e-11
1.55501e-11
1.6367e-11
1.52729e-11
1.59731e-11
1.47769e-11
1.49957e-11
1.4208e-11
1.48061e-11
1.38871e-11
1.4704e-11
1.34787e-11
1.34641e-11
1.30265e-11
1.35808e-11
1.26326e-11
1.30994e-11
1.24721e-11
1.29973e-11
1.26618e-11
1.26326e-11
1.30848e-11
1.27493e-11
1.36683e-11
1.25888e-11
1.36683e-11
1.22242e-11
1.37266e-11
1.29098e-11
1.38288e-11
1.28806e-11
1.41789e-11
1.29535e-11
1.37558e-11
1.34057e-11
1.39017e-11
1.41351e-11
1.43539e-11
1.40622e-11
1.5127e-11
1.44998e-11
1.54625e-11
1.50395e-11
1.58564e-11
1.5375e-11
1.6367e-11
1.61481e-11
1.679e-11
1.66441e-11
1.73151e-11
1.66879e-11
1.76798e-11
1.7213e-11
1.78694e-11
1.75048e-11
1.78549e-11
1.7884e-11
1.81758e-11
1.8205e-11
1.78694e-11
1.85113e-11
1.84238e-11
1.7709e-11
1.84238e-11
1.80007e-11
1.87447e-11
1.75193e-11
1.89197e-11
1.7461e-11
1.91823e-11
1.7213e-11
1.86863e-11
1.71255e-11
1.87009e-11
1.72568e-11
1.80883e-11
1.71547e-11
1.81904e-11
1.73881e-11
1.79861e-11
1.76798e-11
1.74172e-11
1.70963e-11
1.71255e-11
1.66879e-11
1.679e-11
1.63232e-11
1.68192e-11
1.63086e-11
1.68921e-11
1.65274e-11
1.68629e-11
1.66879e-11
1.64982e-11
1.64107e-11
1.67608e-11
1.62357e-11
1.6717e-11
1.55063e-11
1.64982e-11
1.55792e-11
1.64545e-11
1.55209e-11
1.65858e-11
1.61336e-11
1.64545e-11
1.62648e-11
1.71693e-11
1.6367e-11
1.73151e-11
1.68046e-11
1.75923e-11
1.69796e-11
1.79132e-11
1.78111e-11
1.78694e-11
1.8205e-11
1.76215e-11
1.83946e-11
1.77819e-11
1.85696e-11
1.76798e-11
1.83362e-11
1.75923e-11
1.82779e-11
1.77673e-11
1.82195e-11
1.82925e-11
1.85259e-11
1.90218e-11
1.838e-11
1.95324e-11
1.7709e-11
1.97074e-11
1.76069e-11
1.89051e-11
1.7636e-11
1.90073e-11
1.74172e-11
1.86572e-11
1.74026e-11
1.80591e-11
1.70817e-11
1.78111e-11
1.72276e-11
1.73589e-11
1.75193e-11
1.69213e-11
1.73297e-11
1.66295e-11
1.76506e-11
1.65858e-11
1.74172e-11
1.6542e-11
1.72568e-11
1.62794e-11
1.7213e-11
1.61627e-11
1.75193e-11
1.62065e-11
1.7709e-11
1.61044e-11
1.8132e-11
1.59877e-11
1.80153e-11
1.68046e-11
1.7461e-11
1.6965e-11
1.77819e-11
1.68337e-11
1.77527e-11
1.7636e-11
1.80299e-11
1.78257e-11
1.78694e-11
1.84238e-11
1.7884e-11
1.86863e-11
1.79424e-11
1.85842e-11
1.81028e-11
1.79424e-11
1.79424e-11
1.75048e-11
1.75631e-11
1.70526e-11
1.71693e-11
1.66879e-11
1.66003e-11
1.56668e-11
1.60606e-11
1.51854e-11
1.55501e-11
1.4529e-11
1.52291e-11
1.41934e-11
1.52729e-11
1.43685e-11
1.47915e-11
1.43393e-11
1.44123e-11
1.37996e-11
1.41789e-11
1.32015e-11
1.39746e-11
1.27055e-11
1.35078e-11
1.33036e-11
1.31577e-11
1.33766e-11
1.34933e-11
1.36829e-11
1.36829e-11
1.41205e-11
1.36683e-11
1.37704e-11
1.44414e-11
1.39746e-11
1.38871e-11
1.44414e-11
1.43685e-11
1.396e-11
1.51854e-11
1.42664e-11
1.54334e-11
1.50103e-11
1.62065e-11
1.54625e-11
1.6294e-11
1.57689e-11
1.66733e-11
1.59585e-11
1.69067e-11
1.64545e-11
1.70526e-11
1.74172e-11
1.77819e-11
1.77527e-11
1.81174e-11
1.85113e-11
1.84967e-11
1.91531e-11
1.92844e-11
1.94303e-11
1.95762e-11
1.95762e-11
2.08161e-11
1.9547e-11
2.09036e-11
1.91677e-11
2.11953e-11
1.89635e-11
2.03347e-11
1.93865e-11
1.96929e-11
1.88322e-11
1.92698e-11
1.77382e-11
1.88468e-11
1.78403e-11
1.8205e-11
1.7286e-11
1.8205e-11
1.66879e-11
1.79716e-11
1.69942e-11
1.73005e-11
1.71401e-11
1.69796e-11
1.74026e-11
1.68337e-11
1.72276e-11
1.64399e-11
1.74172e-11
1.64107e-11
1.73589e-11
1.60752e-11
1.74902e-11
1.63815e-11
1.74756e-11
1.67754e-11
1.76069e-11
1.69067e-11
1.81028e-11
1.7286e-11
1.84967e-11
1.78694e-11
1.89489e-11
1.838e-11
1.93573e-11
1.83362e-11
1.97658e-11
1.85842e-11
2.01742e-11
1.89197e-11
1.98096e-11
1.92115e-11
1.9722e-11
1.88468e-11
1.9474e-11
1.88176e-11
1.997e-11
1.86717e-11
1.93719e-11
1.87593e-11
1.99263e-11
1.82779e-11
1.98533e-11
1.8803e-11
1.91969e-11
1.90948e-11
1.93136e-11
1.94595e-11
1.88468e-11
1.93282e-11
1.83508e-11
1.87447e-11
1.88614e-11
1.86572e-11
1.88468e-11
1.86717e-11
1.86572e-11
1.80445e-11
1.85405e-11
1.74318e-11
1.82195e-11
1.70817e-11
1.76944e-11
1.72714e-11
1.70234e-11
1.65858e-11
1.66149e-11
1.57835e-11
1.6367e-11
1.52437e-11
1.56959e-11
1.48645e-11
1.51708e-11
1.52e-11
1.50541e-11
1.46602e-11
1.49228e-11
1.47186e-11
1.44852e-11
1.48061e-11
1.45581e-11
1.45873e-11
1.50103e-11
1.46311e-11
1.49812e-11
1.4952e-11
1.52291e-11
1.49666e-11
1.56522e-11
1.52729e-11
1.61336e-11
1.55501e-11
1.69796e-11
1.57105e-11
1.68629e-11
1.63086e-11
1.71984e-11
1.70963e-11
1.7286e-11
1.75485e-11
1.80007e-11
1.77965e-11
1.83946e-11
1.8803e-11
1.84238e-11
1.84529e-11
1.87884e-11
1.84675e-11
1.91531e-11
1.83362e-11
1.95324e-11
1.84383e-11
1.96783e-11
1.92698e-11
1.99408e-11
1.94449e-11
2.01305e-11
1.91531e-11
2.10203e-11
1.93865e-11
2.0641e-11
1.86717e-11
2.11078e-11
1.88614e-11
2.11078e-11
1.87884e-11
2.06848e-11
1.96929e-11
2.04222e-11
1.9722e-11
1.96929e-11
1.92261e-11
1.91677e-11
1.88906e-11
1.86426e-11
1.90656e-11
1.78694e-11
1.87009e-11
1.77819e-11
1.84238e-11
1.77382e-11
1.77819e-11
1.76069e-11
1.73735e-11
1.68629e-11
1.7038e-11
1.63232e-11
1.65566e-11
1.59585e-11
1.6046e-11
1.55938e-11
1.59002e-11
1.46019e-11
1.56668e-11
1.44852e-11
1.57835e-11
1.4281e-11
1.58418e-11
1.48645e-11
1.60606e-11
1.52583e-11
1.56668e-11
1.46456e-11
1.5871e-11
1.47478e-11
1.55646e-11
1.48645e-11
1.55792e-11
1.52437e-11
1.53021e-11
1.54334e-11
1.54625e-11
1.54042e-11
1.54625e-11
1.54625e-11
1.54334e-11
1.53896e-11
1.54625e-11
1.54917e-11
1.54625e-11
1.56813e-11
1.60314e-11
1.54625e-11
1.54771e-11
1.51416e-11
1.62794e-11
1.53021e-11
1.65858e-11
1.55792e-11
1.65128e-11
1.57397e-11
1.66733e-11
1.63961e-11
1.68483e-11
1.62503e-11
1.68046e-11
1.65274e-11
1.69359e-11
1.6717e-11
1.7461e-11
1.66295e-11
1.77965e-11
1.66149e-11
1.76652e-11
1.66733e-11
1.76069e-11
1.67608e-11
1.73443e-11
1.65128e-11
1.71838e-11
1.60752e-11
1.68337e-11
1.58272e-11
1.6542e-11
1.5448e-11
1.61773e-11
1.52291e-11
1.65274e-11
1.52875e-11
1.62211e-11
1.55792e-11
1.62211e-11
1.57397e-11
1.59293e-11
1.6119e-11
1.6046e-11
1.63815e-11
1.61919e-11
1.61627e-11
1.65712e-11
1.56376e-11
1.63378e-11
1.56376e-11
1.59293e-11
1.52729e-11
1.55355e-11
1.48936e-11
1.5798e-11
1.50979e-11
1.55501e-11
1.50687e-11
1.57251e-11
1.54334e-11
1.59147e-11
1.5127e-11
1.6294e-11
1.55938e-11
1.59147e-11
1.57105e-11
1.62648e-11
1.61773e-11
1.62503e-11
1.64982e-11
1.6294e-11
1.63232e-11
1.60606e-11
1.66879e-11
1.59585e-11
1.70234e-11
1.60898e-11
1.69213e-11
1.62211e-11
1.7038e-11
1.65712e-11
1.78694e-11
1.69504e-11
1.74756e-11
1.70671e-11
1.7286e-11
1.66733e-11
1.7461e-11
1.63232e-11
1.72568e-11
1.61627e-11
1.71693e-11
1.57689e-11
1.679e-11
1.52291e-11
1.67462e-11
1.50833e-11
1.63378e-11
1.52e-11
1.56668e-11
1.5127e-11
1.54771e-11
1.52875e-11
1.58564e-11
1.53167e-11
1.60169e-11
1.55792e-11
1.68921e-11
1.57543e-11
1.71401e-11
1.63815e-11
1.73443e-11
1.73589e-11
1.76069e-11
1.73005e-11
1.76215e-11
1.77236e-11
1.74464e-11
1.76944e-11
1.80591e-11
1.7461e-11
1.81612e-11
1.74026e-11
1.77382e-11
1.68921e-11
1.75631e-11
1.61919e-11
1.74464e-11
1.6119e-11
1.71547e-11
1.62648e-11
1.66003e-11
1.59293e-11
1.62065e-11
1.55501e-11
1.59147e-11
1.50541e-11
1.54771e-11
1.45727e-11
1.50541e-11
1.44268e-11
1.47186e-11
1.42518e-11
1.47915e-11
1.40476e-11
1.41497e-11
1.36245e-11
1.42664e-11
1.32161e-11
1.43393e-11
1.27493e-11
1.40913e-11
1.33766e-11
1.41934e-11
1.31432e-11
1.38871e-11
1.29389e-11
1.31869e-11
1.25013e-11
1.3041e-11
1.23846e-11
1.30702e-11
1.25451e-11
1.237e-11
1.29098e-11
1.28806e-11
1.32307e-11
1.27639e-11
1.33911e-11
1.33766e-11
1.38579e-11
1.4033e-11
1.43393e-11
1.40476e-11
1.44706e-11
1.47332e-11
1.44852e-11
1.49957e-11
1.4952e-11
1.46456e-11
1.45873e-11
1.46456e-11
1.4529e-11
1.48645e-11
1.40038e-11
1.4879e-11
1.37558e-11
1.47915e-11
1.34641e-11
1.50395e-11
1.35954e-11
1.4952e-11
1.35516e-11
1.46311e-11
1.4033e-11
1.38288e-11
1.38579e-11
1.34057e-11
1.36975e-11
1.34349e-11
1.36683e-11
1.30994e-11
1.3362e-11
1.27493e-11
1.31432e-11
1.25013e-11
1.28368e-11
1.2443e-11
1.28076e-11
1.24576e-11
1.25743e-11
1.22096e-11
1.23846e-11
1.20929e-11
1.24138e-11
1.17428e-11
1.25451e-11
1.1699e-11
1.19908e-11
1.16261e-11
1.20199e-11
1.15969e-11
1.18595e-11
1.17282e-11
1.18595e-11
1.17865e-11
1.21804e-11
1.1772e-11
1.19762e-11
1.18741e-11
1.22533e-11
1.18011e-11
1.23846e-11
1.19178e-11
1.25013e-11
1.18886e-11
1.28514e-11
1.22971e-11
1.2866e-11
1.22242e-11
1.2691e-11
1.19908e-11
1.237e-11
1.24576e-11
1.19616e-11
1.20929e-11
1.2122e-11
1.20491e-11
1.23117e-11
1.19616e-11
1.26472e-11
1.19616e-11
1.30848e-11
1.23117e-11
1.31723e-11
1.2866e-11
1.34933e-11
1.36245e-11
1.34203e-11
1.38579e-11
1.36975e-11
1.40913e-11
1.39309e-11
1.41205e-11
1.39892e-11
1.39309e-11
1.44123e-11
1.37121e-11
1.41497e-11
1.36391e-11
1.38142e-11
1.36975e-11
1.36245e-11
1.28514e-11
1.31869e-11
1.30119e-11
1.29973e-11
1.29098e-11
1.29098e-11
1.28952e-11
1.37121e-11
1.29098e-11
1.33911e-11
1.27931e-11
1.34057e-11
1.2691e-11
1.34349e-11
1.29098e-11
1.34349e-11
1.26472e-11
1.31723e-11
1.27785e-11
1.30702e-11
1.22242e-11
1.27493e-11
1.24284e-11
1.2691e-11
1.20929e-11
1.28076e-11
1.23554e-11
1.31432e-11
1.32307e-11
1.31286e-11
1.33474e-11
1.34787e-11
1.361e-11
1.41497e-11
1.46165e-11
1.47623e-11
1.51124e-11
1.54625e-11
1.56376e-11
1.5448e-11
1.60023e-11
1.6294e-11
1.57397e-11
1.65128e-11
1.63086e-11
1.63232e-11
1.61044e-11
1.57543e-11
1.60606e-11
1.54917e-11
1.60606e-11
1.4704e-11
1.61044e-11
1.43539e-11
1.55063e-11
1.4281e-11
1.46894e-11
1.39163e-11
1.47186e-11
1.31577e-11
1.42226e-11
1.237e-11
1.36245e-11
1.20053e-11
1.26618e-11
1.20053e-11
1.20929e-11
1.17282e-11
1.18157e-11
1.14073e-11
1.13052e-11
1.08821e-11
1.15094e-11
1.04737e-11
1.12468e-11
1.06341e-11
1.10134e-11
1.0605e-11
1.06487e-11
1.06925e-11
1.05758e-11
1.078e-11
1.09842e-11
1.1276e-11
1.11301e-11
1.20053e-11
1.17865e-11
1.19616e-11
1.2195e-11
1.23263e-11
1.25305e-11
1.2691e-11
1.26472e-11
1.29827e-11
1.28952e-11
1.22387e-11
1.28806e-11
1.21512e-11
1.2866e-11
1.24867e-11
1.25451e-11
1.24138e-11
1.35224e-11
1.19908e-11
1.33328e-11
1.23117e-11
1.27785e-11
1.22679e-11
1.25305e-11
1.18303e-11
1.22096e-11
1.1524e-11
1.15677e-11
1.13927e-11
1.15677e-11
1.11739e-11
1.17282e-11
1.0853e-11
1.15823e-11
1.07946e-11
1.11301e-11
1.11885e-11
1.0853e-11
1.09259e-11
1.07508e-11
1.07654e-11
1.06779e-11
1.0853e-11
1.09259e-11
1.06925e-11
1.14656e-11
1.11593e-11
1.16553e-11
1.16553e-11
1.20491e-11
1.14364e-11
1.24721e-11
1.15969e-11
1.25013e-11
1.20345e-11
1.21804e-11
1.24867e-11
1.22242e-11
1.24867e-11
1.24284e-11
1.23554e-11
1.25597e-11
1.26472e-11
1.2866e-11
1.23263e-11
1.3289e-11
1.25013e-11
1.29098e-11
1.26034e-11
1.27639e-11
1.28368e-11
1.25159e-11
1.28514e-11
1.26764e-11
1.26764e-11
1.28222e-11
1.25159e-11
1.3362e-11
1.31577e-11
1.34933e-11
1.33036e-11
1.38871e-11
1.31432e-11
1.40184e-11
1.34057e-11
1.44706e-11
1.4033e-11
1.44706e-11
1.4704e-11
1.53167e-11
1.54917e-11
1.54188e-11
1.66441e-11
1.62648e-11
1.70234e-11
1.73005e-11
1.7884e-11
1.84529e-11
1.98241e-11
2.01596e-11
2.2304e-11
2.33251e-11
2.61842e-11
2.84598e-11
3.22671e-11
3.51116e-11
4.1355e-11
4.68106e-11
5.3973e-11
6.23024e-11
7.36367e-11
8.59192e-11
1.01805e-10
1.20943e-10
1.42708e-10
1.71284e-10
2.02997e-10
2.44221e-10
2.91133e-10
3.50008e-10
4.20231e-10
5.04429e-10
6.05577e-10
7.28169e-10
8.7604e-10
1.05109e-09
1.26486e-09
1.51828e-09
1.82312e-09
2.18919e-09
2.6272e-09
3.1496e-09
3.77569e-09
4.5226e-09
5.41395e-09
6.47545e-09
7.74301e-09
9.24858e-09
1.10428e-08
1.31732e-08
1.57038e-08
1.87075e-08
2.22708e-08
2.64879e-08
3.14872e-08
3.73949e-08
4.43842e-08
5.2635e-08
6.23755e-08
7.38612e-08
8.73952e-08
1.03329e-07
1.22077e-07
1.44113e-07
1.69996e-07
2.00375e-07
2.35999e-07
2.7774e-07
3.26616e-07
3.83787e-07
4.50619e-07
5.28675e-07
6.19771e-07
7.2599e-07
8.49753e-07
9.93832e-07
1.16143e-06
1.35622e-06
1.58243e-06
1.84492e-06
2.14926e-06
2.50181e-06
2.9099e-06
3.38186e-06
3.92725e-06
4.55696e-06
5.28343e-06
6.12084e-06
7.0853e-06
8.19518e-06
9.47132e-06
1.09374e-05
1.26203e-05
1.45503e-05
1.67621e-05
1.92945e-05
2.21915e-05
2.55028e-05
2.92845e-05
3.35997e-05
3.85195e-05
4.41237e-05
5.0502e-05
5.77552e-05
6.59961e-05
7.53513e-05
8.5962e-05
9.79864e-05
0.000111601
0.000127003
0.000144411
0.000164069
0.00018625
0.000211255
0.000239417
0.000271109
0.000306741
0.000346767
0.000391689
0.000442061
0.000498495
0.000561662
0.000632302
0.00071123
0.000799338
0.000897604
0.0010071
0.001129
0.00126459
0.00141526
0.00158254
0.00176809
0.00197372
0.00220138
0.00245322
0.00273154
0.00303883
0.0033778
0.00375138
0.00416269
0.00461515
0.00511239
0.00565833
0.00625718
0.00691345
0.00763196
0.00841788
0.00927671
0.0102143
0.011237
0.0123513
0.0135644
0.0148837
0.0163172
0.0178732
0.0195606
0.0213887
0.0233673
0.0255069
0.0278181
0.0303125
0.0330018
0.0358985
0.0390157
0.0423667
0.0459657
0.0498272
0.0539664
0.058399
0.0631412
0.0682096
0.0736214
0.0793944
0.0855467
0.092097
0.0990641
0.106468
0.114327
0.122663
0.131496
0.140846
0.150735
0.161183
0.172212
0.183844
0.196099
0.209
0.222567
0.236823
0.251788
0.267484
0.283931
0.301151
0.319164
0.337989
0.357646
0.378154
0.399533
0.421799
0.444971
0.469065
0.494098
0.520085
0.54704
0.574979
0.603913
0.633856
0.664819
0.696813
0.729848
0.763933
0.799075
0.835282
0.872561
0.910917
0.950353
0.990875
1.03248
1.07518
1.11897
1.16385
1.20982
1.25688
1.30503
1.35426
1.40456
1.45595
1.5084
1.56192
1.61649
1.67212
1.72878
1.78649
1.84521
1.90496
1.96571
2.02745
2.09019
2.1539
2.21857
2.28419
2.35076
2.41825
2.48667
2.55598
2.62618
2.69727
2.76922
2.84202
2.91565
2.99012
3.0654
3.14147
3.21833
3.29597
3.37436
3.4535
3.53337
3.61396
3.69525
3.77724
3.85991
3.94325
4.02724
4.11188
4.19714
4.28302
4.36951
4.45659
4.54426
4.63249
4.72128
4.81062
4.9005
4.9909
5.08182
5.17324
5.26516
5.35756
5.45043
5.54377
5.63756
5.7318
5.82647
5.92156
6.01708
6.113
6.20932
6.30604
6.40313
6.50061
6.59845
6.69665
6.7952
6.8941
6.99333
7.09289
7.19278
7.29299
7.3935
7.49432
7.59544
7.69684
7.79854
7.90051
8.00275
8.10527
8.20804
8.31107
8.41436
8.51789
8.62166
8.72567
8.82991
8.93438
9.03907
9.14398
9.2491
9.35443
9.45997
9.56571
9.67165
9.77778
9.8841
9.99061
10.0973
10.2042
10.3112
10.4184
10.5258
10.6334
10.7411
10.849
10.957
11.0652
11.1735
11.282
11.3906
11.4994
11.6083
11.7173
11.8265
11.9358
12.0453
12.1549
12.2646
12.3744
12.4843
12.5944
12.7046
12.8149
12.9253
13.0358
13.1464
13.2572
13.368
13.4789
13.59
13.7011
13.8124
13.9237
14.0351
14.1467
14.2583
14.37
14.4818
14.5937
14.7057
14.8177
14.9299
15.0421
15.1544
15.2668
15.3792
15.4918
15.6044
15.7171
15.8298
15.9426
16.0556
16.1685
16.2816
16.3947
16.5078
16.6211
16.7344
16.8478
16.9612
17.0747
17.1882
17.3018
17.4155
17.5292
17.643
17.7569
17.8708
17.9847
18.0987
18.2128
18.3269
18.4411
18.5553
18.6695
18.7838
18.8982
19.0126
19.1271
19.2416
19.3561
19.4707
19.5854
19.7
19.8148
19.9295
20.0443
20.1592
20.2741
20.389
20.504
20.619
20.734
20.8491
20.9643
21.0794
21.1946
21.3099
21.4251
21.5404
21.6558
21.7711
21.8866
22.002
22.1175
22.233
22.3485
22.4641
22.5797
22.6953
22.811
22.9267
23.0424
23.1582
23.274
23.3898
23.5056
23.6215
23.7374
23.8533
23.9692
24.0852
24.2012
24.3172
24.4333
24.5494
24.6655
24.7816
24.8977
25.0139
25.1301
25.2463
25.3626
25.4789
25.5951
25.7115
25.8278
25.9441
26.0605
26.1769
26.2933
26.4098
26.5263
26.6427
26.7592
26.8758
26.9923
27.1089
27.2254
27.342
27.4587
27.5753
27.692
27.8086
27.9253
28.042
28.1588
28.2755
28.3923
28.509
28.6258
28.7427
28.8595
28.9763
29.0932
29.2101
29.327
29.4439
29.5608
29.6777
29.7947
29.9117
30.0286
30.1456
30.2627
30.3797
30.4967
30.6138
30.7309
30.8479
30.965
31.0821
31.1993
31.3164
31.4336
31.5507
31.6679
31.7851
31.9023
32.0195
32.1367
32.254
32.3712
32.4885
32.6058
32.7231
32.8404
32.9577
33.075
33.1923
33.3097
33.427
33.5444
33.6618
33.7791
33.8965
34.014
34.1314
34.2488
34.3662
34.4837
34.6012
34.7186
34.8361
34.9536
35.0711
35.1886
35.3061
35.4237
35.5412
35.6587
35.7763
35.8939
36.0114
36.129
36.2466
36.3642
36.4818
36.5995
36.7171
36.8347
36.9524
37.07
37.1877
37.3054
37.423
37.5407
37.6584
37.7761
37.8938
38.0115
38.1293
38.247
38.3647
38.4825
38.6003
38.718
38.8358
38.9536
39.0714
39.1891
39.3069
39.4248
39.5426
39.6604
39.7782
39.8961
40.0139
40.1317
40.2496
40.3675
40.4853
40.6032
40.7211
40.839
40.9569
41.0748
41.1927
41.3106
41.4285
41.5464
41.6644
41.7823
41.9002
42.0182
42.1362
42.2541
42.3721
42.4901
42.608
42.726
42.844
42.962
43.08
43.198
43.316
43.434
43.5521
43.6701
43.7881
43.9062
44.0242
44.1423
44.2603
44.3784
44.4964
44.6145
44.7326
44.8507
44.9688
45.0868
45.2049
45.323
45.4411
45.5592
45.6774
45.7955
45.9136
46.0317
46.1499
46.268
46.3861
46.5043
46.6224
46.7406
46.8588
46.9769
47.0951
47.2133
47.3314
47.4496
47.5678
47.686
47.8042
47.9224
48.0406
48.1588
48.277
48.3952
48.5134
48.6316
48.7499
48.8681
48.9863
49.1046
49.2228
49.3411
49.4593
49.5776
49.6958
49.8141
49.9323
50.0506
50.1689
50.2871
50.4054
50.5237
50.642
50.7603
50.8786
50.9969
51.1152
51.2335
51.3518
51.4701
51.5884
51.7067
51.825
51.9434
52.0617
52.18
52.2983
52.4167
52.535
52.6534
52.7717
52.8901
53.0084
53.1268
53.2451
53.3635
53.4818
53.6002
53.7186
53.837
53.9553
54.0737
54.1921
54.3105
54.4289
54.5472
54.6656
54.784
54.9024
55.0208
55.1392
55.2576
55.3761
55.4945
55.6129
55.7313
55.8497
55.9681
56.0866
56.205
56.3234
56.4419
56.5603
56.6787
56.7972
56.9156
57.0341
57.1525
57.271
57.3894
57.5079
57.6263
57.7448
57.8633
57.9817
58.1002
58.2187
58.3371
58.4556
58.5741
58.6926
58.8111
58.9296
59.048
59.1665
59.285
59.4035
59.522
59.6405
59.759
59.8775
59.996
60.1145
60.233
60.3515
60.4701
60.5886
60.7071
60.8256
60.9441
61.0627
61.1812
61.2997
61.4182
61.5368
61.6553
61.7739
61.8924
62.0109
62.1295
62.248
62.3666
62.4851
62.6037
62.7222
62.8408
62.9593
63.0779
63.1964
63.315
63.4336
63.5521
63.6707
63.7893
63.9078
64.0264
64.145
64.2636
64.3821
64.5007
64.6193
64.7379
64.8565
64.9751
65.0937
65.2122
65.3308
65.4494
65.568
65.6866
65.8052
65.9238
66.0424
66.161
66.2796
66.3982
66.5169
66.6355
66.7541
66.8727
66.9913
67.1099
67.2285
67.3472
67.4658
67.5844
67.703
67.8217
67.9403
68.0589
68.1775
68.2962
68.4148
68.5334
68.6521
68.7707
68.8894
69.008
69.1266
69.2453
69.3639
69.4826
69.6012
69.7199
69.8385
69.9572
70.0758
70.1945
70.3131
70.4318
70.5505
70.6691
70.7878
70.9065
71.0251
71.1438
71.2625
71.3811
71.4998
71.6185
71.7371
71.8558
71.9745
72.0932
72.2118
72.3305
72.4492
72.5679
72.6866
72.8052
72.9239
73.0426
73.1613
73.28
73.3987
73.5174
73.6361
73.7548
73.8735
73.9922
74.1109
74.2296
74.3482
74.467
74.5857
74.7044
74.8231
74.9418
75.0605
75.1792
75.2979
75.4166
75.5353
75.654
75.7727
75.8914
76.0102
76.1289
76.2476
76.3663
76.485
76.6038
76.7225
76.8412
76.9599
77.0787
77.1974
77.3161
77.4348
77.5536
77.6723
77.791
77.9098
78.0285
78.1472
78.266
78.3847
78.5034
78.6222
78.7409
78.8596
78.9784
79.0971
79.2159
79.3346
79.4534
79.5721
79.6909
79.8096
79.9284
80.0471
80.1659
80.2846
80.4034
80.5221
80.6409
80.7596
80.8784
80.9971
81.1159
81.2346
81.3534
81.4722
81.5909
81.7097
81.8285
81.9472
82.066
82.1847
82.3035
82.4223
82.541
82.6598
82.7786
82.8974
83.0161
83.1349
83.2537
83.3724
83.4912
83.61
83.7288
83.8476
83.9663
84.0851
84.2039
84.3227
84.4414
84.5602
84.679
84.7978
84.9166
85.0354
85.1542
85.2729
85.3917
85.5105
85.6293
85.7481
85.8669
85.9857
86.1045
86.2233
86.342
86.4608
86.5796
86.6984
86.8172
86.936
87.0548
87.1736
87.2924
87.4112
87.53
87.6488
87.7676
87.8864
88.0052
88.124
88.2428
88.3616
88.4804
88.5993
88.7181
88.8369
88.9557
89.0745
89.1933
89.3121
89.4309
89.5497
89.6685
89.7873
89.9062
90.025
90.1438
90.2626
90.3814
90.5002
90.6191
90.7379
90.8567
90.9755
91.0943
91.2131
91.332
91.4508
91.5696
91.6884
91.8073
91.9261
92.0449
92.1637
92.2826
92.4014
92.5202
92.639
92.7579
92.8767
92.9955
93.1144
93.2332
93.352
93.4708
93.5897
93.7085
93.8273
93.9462
94.065
94.1838
94.3027
94.4215
94.5403
94.6592
94.778
94.8969
95.0157
95.1345
95.2534
95.3722
95.4911
95.6099
95.7287
95.8476
95.9664
96.0853
96.2041
96.323
96.4418
96.5606
96.6795
96.7983
96.9172
97.036
97.1549
97.2737
97.3926
97.5114
97.6303
97.7491
97.868
97.9868
98.1057
98.2245
98.3434
98.4622
98.5811
98.6999
98.8188
98.9376
99.0565
99.1753
99.2942
99.4131
99.5319
99.6508
99.7696
99.8885
100.007
100.126
100.245
100.364
100.483
100.602
100.72
100.839
100.958
101.077
101.196
101.315
101.434
101.553
101.671
101.79
101.909
102.028
102.147
102.266
102.385
102.503
102.622
102.741
102.86
102.979
103.098
103.217
103.336
103.454
103.573
103.692
103.811
103.93
104.049
104.168
104.286
104.405
104.524
104.643
104.762
104.881
105
105.119
105.237
105.356
105.475
105.594
105.713
105.832
105.951
106.07
106.189
106.307
106.426
106.545
106.664
106.783
106.902
107.021
107.14
107.258
107.377
107.496
107.615
107.734
107.853
107.972
108.091
108.209
108.328
108.447
108.566
108.685
108.804
108.923
109.042
109.161
109.279
109.398
109.517
109.636
109.755
109.874
109.993
110.112
110.231
110.349
110.468
110.587
110.706
110.825
110.944
111.063
111.182
111.301
111.419
111.538
111.657
111.776
111.895
112.014
112.133
112.252
112.371
112.489
112.608
112.727
112.846
112.965
113.084
113.203
113.322
113.441
113.56
113.678
113.797
113.916
114.035
114.154
114.273
114.392
114.511
114.63
114.748
114.867
114.986
115.105
115.224
115.343
115.462
115.581
115.7
115.819
115.937
116.056
116.175
116.294
116.413
116.532
116.651
116.77
116.889
117.008
117.127
117.245
117.364
117.483
117.602
117.721
117.84
117.959
118.078
118.197
118.316
118.434
118.553
118.672
118.791
118.91
119.029
119.148
119.267
119.386
119.505
119.624
119.742
119.861
119.98
120.099
120.218
120.337
120.456
120.575
120.694
120.813
120.931
121.05
121.169
121.288
121.407
121.526
121.645
121.764
121.883
122.002
122.121
122.239
122.358
122.477
122.596
122.715
122.834
122.953
123.072
123.191
123.31
123.429
123.548
123.666
123.785
123.904
124.023
124.142
124.261
124.38
124.499
124.618
124.737
124.856
124.974
125.093
125.212
125.331
125.45
125.569
125.688
125.807
125.926
126.045
126.164
126.283
126.401
126.52
126.639
126.758
126.877
126.996
127.115
127.234
127.353
127.472
127.591
127.71
127.828
127.947
128.066
128.185
128.304
128.423
128.542
128.661
128.78
128.899
129.018
129.137
129.255
129.374
129.493
129.612
129.731
129.85
129.969
130.088
130.207
130.326
130.445
130.564
130.682
130.801
130.92
131.039
131.158
131.277
131.396
131.515
131.634
131.753
131.872
131.991
132.109
132.228
132.347
132.466
132.585
132.704
132.823
132.942
133.061
133.18
133.299
133.418
133.537
133.655
133.774
133.893
134.012
134.131
134.25
134.369
134.488
134.607
134.726
134.845
134.964
135.083
135.201
135.32
135.439
135.558
135.677
135.796
135.915
136.034
136.153
136.272
136.391
136.51
136.629
136.747
136.866
136.985
137.104
137.223
137.342
137.461
137.58
137.699
137.818
137.937
138.056
138.174
138.293
138.412
138.531
138.65
138.769
138.888
139.007
139.126
139.245
139.364
139.483
139.602
139.72
139.839
139.958
140.077
140.196
140.315
140.434
140.553
140.672
140.791
140.91
141.029
141.148
141.266
141.385
141.504
141.623
141.742
141.861
141.98
142.099
142.218
142.337
142.456
142.575
142.694
142.812
142.931
143.05
143.169
143.288
143.407
143.526
143.645
143.764
143.883
144.002
144.121
144.24
144.358
144.477
144.596
144.715
144.834
144.953
145.072
145.191
145.31
145.429
145.548
145.667
145.786
145.904
146.023
146.142
146.261
146.38
146.499
146.618
146.737
146.856
146.975
147.094
147.213
147.332
147.45
147.569
147.688
147.807
147.926
148.045
148.164
148.283
148.402
148.521
148.64
148.759
148.878
148.996
149.115
149.234
149.353
149.472
149.591
149.71
149.829
149.948
150.067
150.186
150.305
150.424
150.542
150.661
150.78
150.899
151.018
151.137
151.256
151.375
151.494
151.613
151.732
151.851
151.969
152.088
152.207
152.326
152.445
152.564
152.683
152.802
152.921
153.04
153.159
153.278
153.397
153.515
153.634
153.753
153.872
153.991
154.11
154.229
154.348
154.467
154.586
154.705
154.824
154.942
155.061
155.18
155.299
155.418
155.537
155.656
155.775
155.894
156.013
156.132
156.251
156.37
156.488
156.607
156.726
156.845
156.964
157.083
157.202
157.321
157.44
157.559
157.678
157.797
157.915
158.034
158.153
158.272
158.391
158.51
158.629
158.748
158.867
158.986
159.105
159.223
159.342
159.461
159.58
159.699
159.818
159.937
160.056
160.175
160.294
160.413
160.532
160.65
160.769
160.888
161.007
161.126
161.245
161.364
161.483
161.602
161.721
161.84
161.959
162.077
162.196
162.315
162.434
162.553
162.672
162.791
162.91
163.029
163.148
163.267
163.385
163.504
163.623
163.742
163.861
163.98
164.099
164.218
164.337
164.456
164.575
164.693
164.812
164.931
165.05
165.169
165.288
165.407
165.526
165.645
165.764
165.883
166.001
166.12
166.239
166.358
166.477
166.596
166.715
166.834
166.953
167.072
167.191
167.309
167.428
167.547
167.666
167.785
167.904
168.023
168.142
168.261
168.38
168.498
168.617
168.736
168.855
168.974
169.093
169.212
169.331
169.45
169.569
169.687
169.806
169.925
170.044
170.163
170.282
170.401
170.52
170.639
170.758
170.876
170.995
171.114
171.233
171.352
171.471
171.59
171.709
171.828
171.947
172.065
172.184
172.303
172.422
172.541
172.66
172.779
172.898
173.017
173.136
173.254
173.373
173.492
173.611
173.73
173.849
173.968
174.087
174.206
174.324
174.443
174.562
174.681
174.8
174.919
175.038
175.157
175.276
175.395
175.513
175.632
175.751
175.87
175.989
176.108
176.227
176.346
176.465
176.583
176.702
176.821
176.94
177.059
177.178
177.297
177.416
177.535
177.653
177.772
177.891
178.01
178.129
178.248
178.367
178.486
178.605
178.723
178.842
178.961
179.08
179.199
179.318
179.437
179.556
179.674
179.793
179.912
180.031
180.15
180.269
180.388
180.507
180.626
180.744
180.863
180.982
181.101
181.22
181.339
181.458
181.577
181.695
181.814
181.933
182.052
182.171
182.29
182.409
182.528
182.646
182.765
182.884
183.003
183.122
183.241
183.36
183.479
183.597
183.716
183.835
183.954
184.073
184.192
184.311
184.43
184.548
184.667
184.786
184.905
185.024
185.143
185.262
185.38
185.499
185.618
185.737
185.856
185.975
186.094
186.213
186.331
186.45
186.569
186.688
186.807
186.926
187.045
187.163
187.282
187.401
187.52
187.639
187.758
187.877
187.995
188.114
188.233
188.352
188.471
188.59
188.709
188.827
188.946
189.065
189.184
189.303
189.422
189.541
189.659
189.778
189.897
190.016
190.135
190.254
190.373
190.491
190.61
190.729
190.848
190.967
191.086
191.205
191.323
191.442
191.561
191.68
191.799
191.918
192.036
192.155
192.274
192.393
192.512
192.631
192.75
192.868
192.987
193.106
193.225
193.344
193.463
193.581
193.7
193.819
193.938
194.057
194.176
194.294
194.413
194.532
194.651
194.77
194.889
195.007
195.126
195.245
195.364
195.483
195.602
195.72
195.839
195.958
196.077
196.196
196.315
196.433
196.552
196.671
196.79
196.909
197.028
197.146
197.265
197.384
197.503
197.622
197.741
197.859
197.978
198.097
198.216
198.335
198.453
198.572
198.691
198.81
198.929
199.048
199.166
199.285
199.404
199.523
199.642
199.76
199.879
199.998
200.117
200.236
200.354
200.473
200.592
200.711
200.83
200.949
201.067
201.186
201.305
201.424
201.543
201.661
201.78
201.899
202.018
202.137
202.255
202.374
202.493
202.612
202.731
202.849
202.968
203.087
203.206
203.325
203.443
203.562
203.681
203.8
203.919
204.037
204.156
204.275
204.394
204.513
204.631
204.75
204.869
204.988
205.106
205.225
205.344
205.463
205.582
205.7
205.819
205.938
206.057
206.176
206.294
206.413
206.532
206.651
206.769
206.888
207.007
207.126
207.245
207.363
207.482
207.601
207.72
207.838
207.957
208.076
208.195
208.313
208.432
208.551
208.67
208.789
208.907
209.026
209.145
209.264
209.382
209.501
209.62
209.739
209.857
209.976
210.095
210.214
210.332
210.451
210.57
210.689
210.807
210.926
211.045
211.164
211.282
211.401
211.52
211.639
211.757
211.876
211.995
212.114
212.232
212.351
212.47
212.589
212.707
212.826
212.945
213.063
213.182
213.301
213.42
213.538
213.657
213.776
213.895
214.013
214.132
214.251
214.369
214.488
214.607
214.726
214.844
214.963
215.082
215.201
215.319
215.438
215.557
215.675
215.794
215.913
216.032
216.15
216.269
216.388
216.506
216.625
216.744
216.862
216.981
217.1
217.219
217.337
217.456
217.575
217.693
217.812
217.931
218.049
218.168
218.287
218.406
218.524
218.643
218.762
218.88
218.999
219.118
219.236
219.355
219.474
219.592
219.711
219.83
219.948
220.067
220.186
220.304
220.423
220.542
220.66
220.779
220.898
221.016
221.135
221.254
221.372
221.491
221.61
221.728
221.847
221.966
222.084
222.203
222.322
222.44
222.559
222.678
222.796
222.915
223.033
223.152
223.271
223.389
223.508
223.627
223.745
223.864
223.983
224.101
224.22
224.338
224.457
224.576
224.694
224.813
224.932
225.05
225.169
225.287
225.406
225.525
225.643
225.762
225.88
225.999
226.118
226.236
226.355
226.473
226.592
226.711
226.829
226.948
227.066
227.185
227.304
227.422
227.541
227.659
227.778
227.896
228.015
228.134
228.252
228.371
228.489
228.608
228.726
228.845
228.964
229.082
229.201
229.319
229.438
229.556
229.675
229.793
229.912
230.031
230.149
230.268
230.386
230.505
230.623
230.742
230.86
230.979
231.097
231.216
231.334
231.453
231.572
231.69
231.809
231.927
232.046
232.164
232.283
232.401
232.52
232.638
232.757
232.875
232.994
233.112
233.231
233.349
233.468
233.586
233.705
233.823
233.941
234.06
234.178
234.297
234.415
234.534
234.652
234.771
234.889
235.008
235.126
235.245
235.363
235.481
235.6
235.718
235.837
235.955
236.074
236.192
236.311
236.429
236.547
236.666
236.784
236.903
237.021
237.139
237.258
237.376
237.495
237.613
237.731
237.85
237.968
238.087
238.205
238.323
238.442
238.56
238.679
238.797
238.915
239.034
239.152
239.27
239.389
239.507
239.625
239.744
239.862
239.98
240.099
240.217
240.335
240.454
240.572
240.69
240.809
240.927
241.045
241.164
241.282
241.4
241.519
241.637
241.755
241.873
241.992
242.11
242.228
242.347
242.465
242.583
242.701
242.82
242.938
243.056
243.174
243.293
243.411
243.529
243.647
243.766
243.884
244.002
244.12
244.238
244.357
244.475
244.593
244.711
244.829
244.948
245.066
245.184
245.302
245.42
245.538
245.657
245.775
245.893
246.011
246.129
246.247
246.365
246.484
246.602
246.72
246.838
246.956
247.074
247.192
247.31
247.428
247.547
247.665
247.783
247.901
248.019
248.137
248.255
248.373
248.491
248.609
248.727
248.845
248.963
249.081
249.199
249.317
249.435
249.553
249.671
249.789
249.907
250.025
250.143
250.261
250.379
250.497
250.615
250.733
250.851
250.969
251.087
251.204
251.322
251.44
251.558
251.676
251.794
251.912
252.03
252.148
252.265
252.383
252.501
252.619
252.737
252.855
252.972
253.09
253.208
253.326
253.443
253.561
253.679
253.797
253.915
254.032
254.15
254.268
254.385
254.503
254.621
254.739
254.856
254.974
255.092
255.209
255.327
255.444
255.562
255.68
255.797
255.915
256.033
256.15
256.268
256.385
256.503
256.62
256.738
256.855
256.973
257.09
257.208
257.325
257.443
257.56
257.678
257.795
257.913
258.03
258.148
258.265
258.382
258.5
258.617
258.735
258.852
258.969
259.087
259.204
259.321
259.438
259.556
259.673
259.79
259.908
260.025
260.142
260.259
260.376
260.494
260.611
260.728
260.845
260.962
261.079
261.196
261.313
261.43
261.548
261.665
261.782
261.899
262.016
262.133
262.25
262.366
262.483
262.6
262.717
262.834
262.951
263.068
263.185
263.302
263.418
263.535
263.652
263.769
263.885
264.002
264.119
264.235
264.352
264.469
264.585
264.702
264.819
264.935
265.052
265.168
265.285
265.401
265.518
265.634
265.751
265.867
265.983
266.1
266.216
266.332
266.449
266.565
266.681
266.797
266.914
267.03
267.146
267.262
267.378
267.494
267.61
267.726
267.842
267.958
268.074
268.19
268.306
268.422
268.538
268.653
268.769
268.885
269.001
269.116
269.232
269.348
269.463
269.579
269.694
269.81
269.925
270.041
270.156
270.271
270.387
270.502
270.617
270.733
270.848
270.963
271.078
271.193
271.308
271.423
271.538
271.653
271.768
271.883
271.997
272.112
272.227
272.342
272.456
272.571
272.685
272.8
272.914
273.029
273.143
273.257
273.372
273.486
273.6
273.714
273.828
273.942
274.056
274.17
274.284
274.397
274.511
274.625
274.738
274.852
274.965
275.079
275.192
275.306
275.419
275.532
275.645
275.758
275.871
275.984
276.097
276.21
276.322
276.435
276.547
276.66
276.772
276.885
276.997
277.109
277.221
277.333
277.445
277.557
277.668
277.78
277.892
278.003
278.115
278.226
278.337
278.448
278.559
278.67
278.781
278.891
279.002
279.112
279.223
279.333
279.443
279.553
279.663
279.773
279.883
279.992
280.102
280.211
280.32
280.429
280.538
280.647
280.755
280.864
280.972
281.081
281.189
281.297
281.404
281.512
281.619
281.727
281.834
281.941
282.047
282.154
282.261
282.367
282.473
282.579
282.684
282.79
282.895
283
283.105
283.21
283.315
283.419
283.523
283.627
283.73
283.834
283.937
284.04
284.143
284.245
284.347
284.449
284.551
284.652
284.753
284.854
284.955
285.055
285.155
285.255
285.354
285.453
285.552
285.65
285.748
285.846
285.944
286.041
286.138
286.234
286.33
286.426
286.521
286.616
286.71
286.805
286.898
286.992
287.084
287.177
287.269
287.361
287.452
287.542
287.633
287.722
287.812
287.9
287.989
288.076
288.164
288.25
288.336
288.422
288.507
288.592
288.676
288.759
288.842
288.924
289.006
289.086
289.167
289.247
289.326
289.404
289.482
289.559
289.635
289.711
289.786
289.86
289.933
290.006
290.078
290.15
290.22
290.29
290.359
290.427
290.494
290.561
290.627
290.692
290.756
290.819
290.881
290.943
291.003
291.063
291.122
291.18
291.237
291.294
291.349
291.403
291.457
291.509
291.561
291.612
291.662
291.71
291.758
291.805
291.851
291.896
291.941
291.984
292.026
292.067
292.108
292.147
292.186
292.223
292.26
292.296
292.331
292.365
292.398
292.43
292.461
292.491
292.521
292.549
292.577
292.604
292.63
292.655
292.68
292.703
292.726
292.748
292.769
292.79
292.81
292.829
292.847
292.865
292.882
292.898
292.914
292.929
292.943
292.957
292.97
292.983
292.995
293.006
293.017
293.028
293.038
293.047
293.057
293.065
293.073
293.081
293.089
293.096
293.102
293.109
293.115
293.12
293.126
293.131
293.136
293.14
293.144
293.148
293.152
293.156
293.159
293.162
293.165
293.168
293.17
293.173
293.175
293.177
293.179
293.181
293.183
293.184
293.186
293.187
293.188
293.189
293.191
293.192
293.193
293.193
293.194
293.195
293.196
293.196
293.197
293.198
293.198
293.199
293.199
293.199
293.2
293.2
293.2
293.201
293.201
293.201
293.201
293.202
293.202
293.202
293.202
293.202
293.203
293.203
293.203
293.203
293.203
293.203
293.203
293.203
293.203
293.203
293.203
293.204
293.204
293.204
293.204
293.204
293.204
293.204
293.204
293.204
293.204
293.204
293.204
293.204
293.204
293.204
293.204
293.204
293.204
293.204
293.204
293.204
293.204
293.204
293.204
293.204
293.204
293.204
293.204
293.204
293.204
293.204
293.204
293.205
293.205
293.205
293.205
293.205
293.205
293.205
293.205
293.205
293.205
293.205
293.205
293.205
293.205
293.205
293.205
293.205
293.205
293.205
293.205
293.205
293.205
293.205
293.205
293.205
293.205
293.205
293.205
293.205
293.205
293.205
293.205
293.205
293.205
293.205
293.205
293.205
293.205
293.205
293.205
293.205
293.205
293.205
293.205
293.205
293.205
293.205
293.205
293.205
293.205
293.205
293.205
293.205
293.205
293.205
293.205
293.205
293.205
293.205
293.205
293.206
293.206
293.206
293.206
293.206
293.206
293.206
293.206
293.206
293.206
293.206
293.206
293.206
293.206
293.206
293.206
293.206
293.206
293.206
293.206
293.206
293.206
293.206
293.206
293.206
293.206
293.206
293.206
293.206
293.206
293.206
293.206
293.206
293.206
293.206
293.206
293.206
293.206
293.206
293.206
293.206
293.206
293.206
293.206
293.206
293.206
293.206
293.206
293.206
293.206
293.206
293.206
293.206
293.206
293.206
293.206
293.206
293.206
293.206
293.206
293.206
293.206
293.206
293.206
293.206
293.206
293.206
293.206
293.206
293.206
293.206
293.206
293.206
293.206
293.206
293.206
293.206
293.206
293.206
293.206
293.206
293.206
293.206
293.206
293.206
293.206
293.206
293.206
293.206
293.206
293.206
293.206
293.206
293.206
293.206
293.206
293.206
293.206
293.206
293.206
293.206
293.206
293.206
293.206
293.206
293.206
293.206
293.206
293.206
293.206
293.206
293.206
293.206
293.206
293.206
293.206
293.206
293.206
293.207
293.207
293.207
293.207
293.207
293.207
293.207
293.207
293.207
293.207
293.207
293.207
293.207
293.207
293.207
293.207
293.207
293.207
293.207
293.207
293.207
293.207
293.207
293.207
293.207
293.207
293.207
293.207
293.207
293.207
293.207
293.207
293.207
293.207
293.207
293.207
293.207
293.207
293.207
293.207
293.207
293.207
293.207
293.207
293.207
293.207
293.207
293.207
293.207
293.207
293.207
293.207
293.207
293.207
293.207
293.207
293.207
293.207
293.207
293.207
293.207
293.207
293.207
293.207
293.207
293.207
293.207
293.207
293.207
293.207
293.207
293.207
293.207
293.207
293.207
293.207
293.207
293.207
293.207
293.207
293.207
293.207
293.207
293.207
293.207
293.207
293.207
293.207
293.207
293.207
293.207
293.207
293.207
293.207
293.207
293.207
293.207
293.207
293.207
293.207
293.207
293.207
293.207
293.207
293.207
293.207
293.207
293.207
293.207
293.207
293.207
293.207
293.207
293.207
293.207
293.207
293.207
293.207
293.207
293.207
293.207
293.207
293.207
293.207
293.207
293.207
293.207
293.207
293.207
293.207
293.207
293.207
293.207
293.207
293.207
293.207
293.207
293.207
293.207
293.207
293.207
293.207
293.207
293.207
293.207
293.207
293.207
293.207
293.207
293.207
293.207
293.207
293.207
293.207
293.207
293.207
293.207
293.207
293.207
293.207
293.207
293.207
293.207
293.207
293.207
293.207
293.207
293.207
293.207
293.207
293.207
293.207
293.207
293.207
293.207
293.207
293.207
293.207
293.207
293.207
293.207
293.207
293.207
293.207
293.207
293.207
293.207
293.207
293.207
293.207
293.207
293.207
293.207
293.207
293.207
293.207
293.207
293.207
293.207
293.207
293.207
293.207
293.207
293.207
293.207
293.207
293.207
293.207
293.207
293.207
293.207
293.207
293.207
293.207
293.207
293.207
293.207
293.207
293.207
293.207
293.207
293.207
293.207
293.207
293.207
293.207
293.207
293.207
293.207
293.207
293.207
293.207
293.207
293.207
293.207
293.207
293.207
293.207
293.207
293.207
293.207
293.207
293.207
293.207
293.207
293.207
293.207
293.207
293.207
293.207
293.207
293.207
293.207
293.207
293.207
293.207
293.207
293.207
293.207
293.207
293.207
293.207
293.207
293.207
293.207
293.207
293.207
293.207
293.207
293.207
293.207
293.207
293.207
293.207
293.207
293.207
293.207
293.207
293.207
293.207
293.207
293.207
293.207
293.207
293.207
293.207
293.207
293.207
293.207
293.207
293.207
293.207
293.207
293.207
293.207
293.207
293.207
293.207
293.207
293.207
293.207
293.207
293.207
293.207
293.207
293.207
293.207
293.207
293.207
293.207
293.207
293.207
293.207
293.207
293.207
293.207
293.207
293.207
293.207
293.207
293.207
293.207
293.207
293.207
293.207
293.207
293.207
293.207
293.207
293.207
293.207
293.207
293.207
293.207
293.207
293.207
293.207
293.207
293.207
293.207
293.207
293.207
293.207
293.207
293.207
293.207
293.207
293.207
293.207
293.207
293.207
293.207
293.207
293.207
293.207
293.207
293.207
293.207
293.207
293.207
293.207
293.207
293.207
293.207
293.207
293.207
293.207
293.207
293.207
293.207
293.207
293.207
293.207
293.207
293.207
293.207
293.207
293.207
293.207
293.207
293.207
293.207
293.207
293.207
293.207
293.207
293.207
293.207
293.207
293.207
293.207
293.207
293.207
293.207
293.207
293.207
293.207
293.207
293.207
293.207
293.207
293.207
293.207
293.207
293.207
293.207
293.207
293.207
293.207
293.207
293.207
293.207
293.207
293.207
293.207
293.207
293.207
293.207
293.207
293.207
293.207
293.207
293.207
293.207
293.207
293.207
293.207
293.207
293.207
293.207
293.207
293.207
293.207
293.207
293.207
293.207
293.207
293.207
293.207
293.207
293.207
293.207
293.207
293.207
293.207
293.207
293.207
293.207
293.207
293.207
293.207
293.207
293.207
293.207
293.207
293.207
293.207
293.207
293.207
293.207
293.207
293.207
293.207
293.207
293.207
293.207
293.207
293.207
293.207
293.207
293.207
293.207
293.207
293.207
293.207
293.207
293.207
293.207
293.207
293.207
293.207
293.207
293.207
293.207
293.207
293.207
293.207
293.207
293.207
293.207
293.207
293.207
293.207
293.207
293.207
293.207
293.207
293.207
293.207
293.207
293.207
293.207
293.207
293.207
293.207
293.207
293.207
293.207
293.207
293.207
293.207
293.207
293.207
293.207
293.207
293.207
293.207
293.207
293.207
293.207
293.207
293.207
293.207
293.207
293.207
293.207
293.207
293.207
293.207
293.207
293.207
293.207
293.207
293.207
293.207
293.207
293.207
293.207
293.207
293.207
293.207
293.207
293.207
293.207
293.207
293.207
293.207
293.207
293.207
293.207
293.207
293.207
293.207
293.207
293.207
293.207
293.207
293.207
293.207
293.207
293.207
293.207
293.207
293.207
293.207
293.207
293.207
293.207
293.207
293.207
293.207
293.207
293.207
293.207
293.207
293.207
293.207
293.207
293.207
293.207
293.207
293.207
293.207
293.207
293.207
293.207
293.207
293.207
293.207
293.207
293.207
293.208
293.208
293.208
293.208
293.208
293.208
293.208
293.208
293.208
293.208
293.208
293.208
293.208
293.208
293.208
293.208
293.208
293.208
293.208
293.208
293.208
293.208
293.208
293.208
293.208
293.208
293.208
293.208
293.208
293.208
293.208
293.208
293.208
293.208
293.208
293.208
293.208
293.208
293.208
293.208
293.208
293.208
293.208
293.208
293.208
293.208
293.208
293.208
293.208
293.208
293.208
293.208
293.208
293.208
293.208
293.208
293.208
293.208
293.208
293.208
293.208
293.208
293.208
293.208
293.208
293.208
293.208
293.208
293.208
293.208
293.208
293.208
293.208
293.208
293.208
293.208
293.208
293.208
293.208
293.208
293.208
293.208
293.208
293.208
293.208
293.208
293.208
293.208
293.208
293.208
293.208
293.208
293.208
293.208
293.208
293.208
293.208
293.208
293.208
293.208
293.208
293.208
293.208
293.208
293.208
293.208
293.208
293.208
293.208
293.208
293.208
293.208
293.208
293.208
293.208
293.208
293.208
293.208
293.208
293.208
293.208
293.208
293.208
293.208
293.208
293.208
293.208
293.208
293.208
293.208
293.208
293.208
293.208
293.208
293.208
293.208
293.208
293.208
293.208
293.208
293.208
293.208
293.208
293.208
293.208
293.208
293.208
293.208
293.208
293.208
293.208
293.208
293.208
293.208
293.208
293.208
293.208
293.208
293.208
293.208
293.208
293.208
293.208
293.208
293.208
293.208
293.208
293.208
293.208
293.208
293.208
293.208
293.208
293.208
293.208
293.208
293.208
293.208
293.208
293.208
293.208
293.208
293.208
293.208
293.208
293.208
293.208
293.208
293.208
293.208
293.208
293.208
293.208
293.208
293.208
293.208
293.208
293.208
293.208
293.208
293.208
293.208
293.208
293.208
293.208
293.208
293.208
293.208
293.208
293.208
293.208
293.208
293.208
293.208
293.208
293.208
293.208
293.208
293.208
293.208
293.208
293.208
293.208
293.208
293.208
293.208
293.208
293.208
293.208
293.208
293.208
293.208
293.208
293.208
293.208
293.208
293.208
293.208
293.208
293.208
293.208
293.208
293.208
293.208
293.208
293.208
293.208
293.208
293.208
293.208
293.208
293.208
293.208
293.208
293.208
293.208
293.208
293.208
293.208
293.208
293.208
293.208
293.208
293.208
293.208
293.208
293.208
293.208
293.208
293.208
293.208
293.208
293.208
293.208
293.208
293.208
293.208
293.208
293.208
293.208
293.208
293.208
293.208
293.208
293.208
293.208
293.208
293.208
293.208
293.208
293.208
293.208
293.208
293.208
293.208
293.208
293.208
293.208
293.208
293.208
293.208
293.208
293.208
293.208
293.208
293.208
293.208
293.208
293.208
293.208
293.208
293.208
293.208
293.208
293.208
293.208
293.208
293.208
293.208
293.208
293.208
293.208
293.208
293.208
293.208
293.208
293.208
293.208
293.208
293.208
293.208
293.208
293.208
293.208
293.208
293.208
293.208
293.208
293.208
293.208
293.208
293.208
293.208
293.208
293.208
293.208
293.208
293.208
293.208
293.208
293.208
293.208
293.208
293.208
293.208
293.208
293.208
293.208
293.208
293.208
293.208
293.208
293.208
293.208
293.208
293.208
293.208
293.208
293.208
293.208
293.208
293.208
293.208
293.208
293.208
293.208
293.208
293.208
293.208
293.208
293.208
293.208
293.208
293.208
293.208
293.208
293.208
293.208
293.208
293.208
293.208
293.208
293.208
293.208
293.208
293.208
293.208
293.208
293.208
293.208
293.208
293.208
293.208
293.208
293.208
293.208
293.208
293.208
293.208
293.208
293.208
293.208
293.208
293.208
293.208
293.208
293.208
293.208
293.208
293.208
293.208
293.208
293.208
293.208
293.208
293.208
293.208
293.208
293.208
293.208
293.208
293.208
293.208
293.208
293.208
293.208
293.208
293.208
293.208
293.208
293.208
293.208
293.208
293.208
293.208
293.208
293.208
293.208
293.208
293.208
293.208
293.208
293.208
293.208
293.208
293.208
293.208
293.208
293.208
293.208
293.208
293.208
293.208
293.208
293.208
293.208
293.208
293.208
293.208
293.208
293.208
293.208
293.208
293.208
293.208
293.208
293.208
293.208
293.208
293.208
293.208
293.208
293.208
293.208
293.208
293.208
293.208
293.208
293.208
293.208
293.208
293.208
293.208
293.208
293.208
293.208
293.208
293.208
293.208
293.208
293.208
293.208
293.208
293.208
293.208
293.208
293.208
293.208
293.208
293.208
293.208
293.208
293.208
293.208
293.208
293.208
293.208
293.208
293.208
293.208
293.208
293.208
293.208
293.208
293.208
293.208
293.208
293.208
293.208
293.208
293.208
293.208
293.208
293.208
293.208
293.208
293.208
293.208
293.208
293.208
293.208
293.208
293.208
293.208
293.208
293.208
293.208
293.208
293.208
293.208
293.208
293.208
293.208
293.208
293.208
293.208
293.208
293.208
293.208
293.208
293.208
293.208
293.208
293.208
293.208
293.208
293.208
293.208
293.208
293.208
293.208
293.208
293.208
293.208
293.208
293.208
293.208
293.208
293.208
293.208
293.208
293.208
293.208
293.208
293.208
293.208
293.208
293.208
293.208
293.208
293.208
293.208
293.208
293.208
293.208
293.208
293.208
293.208
293.208
293.208
293.208
293.208
293.208
293.208
293.208
293.208
293.208
293.208
293.208
293.208
293.208
293.208
293.208
293.208
293.208
293.208
293.208
293.208
293.208
293.208
293.208
293.208
293.208
293.208
293.208
293.208
293.208
293.208
293.208
293.208
293.208
293.208
293.208
293.208
293.208
293.208
293.208
293.208
293.208
293.208
293.208
293.208
293.208
293.208
293.208
293.208
293.208
293.208
293.208
293.208
293.208
293.208
293.208
293.208
293.208
293.208
293.208
293.208
293.208
293.208
293.208
293.208
293.208
293.208
293.208
293.208
293.208
293.208
293.208
293.208
293.208
293.208
293.208
293.208
293.208
293.208
293.208
293.208
293.208
293.208
293.208
293.208
293.208
293.208
293.208
293.208
293.208
293.208
293.208
293.208
293.208
293.208
293.208
293.208
293.208
293.208
293.208
293.208
293.208
293.208
293.208
293.208
293.208
293.208
293.208
293.208
293.208
293.208
293.208
293.208
293.208
293.208
293.208
293.208
293.208
293.208
293.208
293.208
293.208
293.208
293.208
293.208
293.208
293.208
293.208
293.208
293.208
293.208
293.208
293.208
293.208
293.208
293.208
293.208
293.208
293.208
293.208
293.208
293.208
293.208
293.208
293.208
293.208
293.208
293.208
293.208
293.208
293.208
293.208
293.208
293.208
293.208
293.208
293.208
293.208
293.208
293.208
293.208
293.208
293.208
293.208
293.208
293.208
293.208
293.208
293.208
293.208
293.208
293.208
293.208
293.208
293.208
293.208
293.208
293.208
293.208
293.208
293.208
293.208
293.208
293.208
293.208
293.208
293.208
293.208
293.208
293.208
293.208
293.208
293.208
293.208
293.208
293.208
293.208
293.208
293.208
293.208
293.208
293.208
293.208
293.208
293.208
293.208
293.208
293.208
293.208
293.208
293.208
293.208
293.208
293.208
293.208
293.208
293.208
293.208
293.208
293.208
293.208
293.208
293.208
293.208
293.208
293.208
293.208
293.208
293.208
293.208
293.208
293.208
293.208
293.208
293.208
293.208
293.208
293.208
293.208
293.208
293.208
293.208
293.208
293.208
293.208
293.208
293.208
293.208
293.208
293.208
293.208
293.208
293.208
293.208
293.208
293.208
293.208
293.208
293.208
293.208
293.208
293.208
293.208
293.208
293.208
293.208
293.208
293.208
293.208
293.208
293.208
293.208
293.208
293.208
293.208
293.208
293.208
293.208
293.208
293.208
293.208
293.208
293.208
293.208
293.208
293.208
293.208
293.208
293.208
293.208
293.208
293.208
293.208
293.208
293.208
293.208
293.208
293.208
293.208
293.208
293.208
293.208
293.208
293.208
293.208
293.208
293.208
293.208
293.208
293.208
293.208
293.208
293.208
293.208
293.208
293.208
293.208
293.208
293.208
293.208
293.208
293.208
293.208
293.208
293.208
293.208
293.208
293.208
293.208
293.208
293.208
293.208
293.208
293.208
293.208
293.208
293.208
293.208
293.208
293.208
293.208
293.208
293.208
293.208
293.208
293.208
293.208
293.208
293.208
293.208
293.208
293.208
293.208
293.208
293.208
293.208
293.208
293.208
293.208
293.208
293.208
293.208
293.208
293.208
293.208
293.208
293.208
293.208
293.208
293.208
293.208
293.208
293.208
293.208
293.208
293.208
293.208
293.208
293.208
293.208
293.208
293.208
293.208
293.208
293.208
293.208
293.208
293.208
293.208
293.208
293.208
293.208
293.208
293.208
293.208
293.208
293.208
293.208
293.208
293.208
293.208
293.208
293.208
293.208
293.208
293.208
293.208
293.208
293.208
293.208
293.208
293.208
293.208
293.208
293.208
293.208
293.208
293.208
293.208
293.208
293.208
293.208
293.208
293.208
293.208
293.208
293.208
293.208
293.208
293.208
293.208
293.208
293.208
293.208
293.208
293.208
293.208
293.208
293.208
293.208
293.208
293.208
293.208
293.208
293.208
293.208
293.208
293.208
293.208
293.208
293.208
293.208
293.208
293.208
293.208
293.208
293.208
293.208
293.208
293.208
293.208
293.208
293.208
293.208
293.208
293.208
293.208
293.208
293.208
293.208
293.208
293.208
293.208
293.208
293.208
293.208
293.208
293.208
293.208
293.208
293.208
293.208
293.208
293.208
293.208
293.208
293.208
293.208
293.208
293.208
293.208
293.208
293.208
293.208
293.208
293.208
293.208
293.208
293.208
293.208
293.208
293.208
293.208
293.208
293.208
293.208
293.208
293.208
293.208
293.208
293.208
293.208
293.208
293.208
293.208
293.208
293.208
293.208
293.208
293.208
293.208
293.208
293.208
293.208
293.208
293.208
293.208
293.208
293.208
293.208
293.208
293.208
293.208
293.208
293.208
293.208
293.208
293.208
293.208
293.208
293.208
293.208
293.208
293.208
293.208
293.208
293.208
293.208
293.208
293.208
293.208
293.208
293.208
293.208
293.208
293.208
293.208
293.208
293.208
293.208
293.208
293.208
293.208
293.208
293.208
293.208
293.208
293.208
293.208
293.208
293.208
293.208
293.208
293.208
293.208
293.208
293.208
293.208
293.208
293.208
293.208
293.208
293.208
293.208
293.208
293.208
293.208
293.208
293.208
293.208
293.208
293.208
293.208
293.208
293.208
293.208
293.208
293.208
293.208
293.208
293.208
293.208
293.208
293.208
293.208
293.208
293.208
293.208
293.208
293.208
293.208
293.208
293.208
293.208
293.208
293.208
293.208
293.207
293.207
293.207
293.207
293.207
293.207
293.207
293.207
293.207
293.207
293.207
293.207
293.207
293.207
293.207
293.207
293.207
293.207
293.207
293.207
293.206
293.206
293.206
293.206
293.206
293.206
293.206
293.206
293.206
293.206
293.205
293.205
293.205
293.205
293.205
293.205
293.205
293.205
293.205
293.205
293.205
293.205
293.205
293.205
293.205
293.205
293.205
293.205
293.205
293.205
293.205
293.205
293.205
293.205
293.205
293.205
293.205
293.205
293.205
293.205
293.206
293.206
293.206
293.206
293.206
293.206
293.206
293.206
293.206
293.206
293.207
293.207
293.207
293.207
293.207
293.207
293.207
293.207
293.207
293.207
293.207
293.207
293.207
293.207
293.207
293.207
293.207
293.207
293.207
293.207
293.207
293.208
293.208
293.208
293.208
293.208
293.208
293.208
293.208
293.208
293.208
293.208
293.208
293.208
293.208
293.208
293.208
293.208
293.208
293.208
293.208
293.208
293.208
293.208
293.208
293.208
293.208
293.208
293.208
293.208
293.208
293.208
293.208
293.208
293.208
293.208
293.208
293.208
293.208
293.208
293.208
293.208
293.208
293.208
293.208
293.208
293.208
293.208
293.208
293.208
293.208
293.208
293.208
293.208
293.208
293.208
293.208
293.208
293.208
293.208
293.208
293.208
293.208
293.208
293.208
293.208
293.208
293.208
293.208
293.208
293.208
293.208
293.208
293.208
293.208
293.208
293.208
293.208
293.208
293.208
293.208
293.208
293.208
293.208
293.208
293.208
293.208
293.208
293.208
293.208
293.208
293.208
293.208
293.208
293.208
293.208
293.208
293.208
293.208
293.208
293.208
293.208
293.208
293.208
293.208
293.208
293.208
293.208
293.208
293.208
293.208
293.208
293.208
293.208
293.208
293.208
293.208
293.208
293.208
293.208
293.208
293.208
293.208
293.208
293.208
293.208
293.208
293.208
293.208
293.208
293.208
293.208
293.208
293.208
293.208
293.208
293.208
293.208
293.208
293.208
293.208
293.208
293.208
293.208
293.208
293.208
293.208
293.208
293.208
293.208
293.208
293.208
293.208
293.208
293.208
293.208
293.208
293.208
293.208
293.208
293.208
293.208
293.208
293.208
293.208
293.208
293.208
293.208
293.208
293.208
293.208
293.208
293.208
293.208
293.208
293.208
293.208
293.208
293.208
293.208
293.208
293.208
293.208
293.208
293.208
293.208
293.208
293.208
293.208
293.208
293.208
293.208
293.208
293.208
293.208
293.208
293.208
293.208
293.208
293.208
293.208
293.208
293.208
293.208
293.208
293.208
293.208
293.208
293.208
293.208
293.208
293.208
293.208
293.208
293.208
293.208
293.208
293.208
293.208
293.208
293.208
293.208
293.208
293.208
293.208
293.208
293.208
293.208
293.208
293.208
293.208
293.208
293.208
293.208
293.208
293.208
293.208
293.208
293.208
293.208
293.208
293.208
293.208
293.208
293.208
293.208
293.208
293.208
293.208
293.208
293.208
293.208
293.208
293.208
293.208
293.208
293.208
293.208
293.208
293.208
293.208
293.208
293.208
293.208
293.208
293.208
293.208
293.208
293.208
293.208
293.208
293.208
293.208
293.208
293.207
293.207
293.207
293.207
293.207
293.207
293.207
293.207
293.207
293.207
293.207
293.207
293.207
293.207
293.208
293.208
293.208
293.208
293.208
293.208
293.208
293.208
293.208
293.208
293.208
293.208
293.208
293.208
293.208
293.208
293.208
293.208
293.208
293.208
293.208
293.208
293.208
293.208
293.208
293.208
293.208
293.208
293.208
293.208
293.208
293.208
293.208
293.208
293.208
293.208
293.208
293.208
293.208
293.208
293.208
293.208
293.208
293.208
293.208
293.208
293.208
293.208
293.208
293.208
293.208
293.208
293.208
293.208
293.208
293.208
293.208
293.208
293.208
293.208
293.208
293.208
293.208
293.208
293.208
293.208
293.208
293.208
293.208
293.208
293.208
293.208
293.208
293.208
293.208
293.208
293.207
293.207
293.207
293.207
293.207
293.207
293.207
293.207
293.207
293.207
293.207
293.207
293.207
293.207
293.207
293.207
293.207
293.207
293.207
293.207
293.207
293.207
293.207
293.207
293.207
293.207
293.207
293.207
293.207
293.207
293.207
293.207
293.207
293.207
293.207
293.207
293.207
293.207
293.207
293.207
293.207
293.207
293.207
293.207
293.207
293.207
293.207
293.207
293.207
293.207
293.207
293.207
293.207
293.207
293.207
293.207
293.207
293.207
293.208
293.208
293.208
293.208
293.208
293.208
293.208
293.208
293.208
293.208
293.208
293.208
293.208
293.208
293.208
293.208
293.208
293.208
293.208
293.208
293.208
293.208
293.208
293.208
293.208
293.208
293.208
293.208
293.208
293.208
293.208
293.208
293.208
293.208
293.208
293.207
293.207
293.207
293.207
293.207
293.207
293.207
293.207
293.207
293.207
293.207
293.207
293.207
293.207
293.207
293.207
293.207
293.207
293.207
293.207
293.207
293.207
293.207
293.207
293.207
293.207
293.207
293.207
293.207
293.207
293.207
293.207
293.207
293.207
293.207
293.207
293.207
293.207
293.207
293.207
293.207
293.207
293.207
293.207
293.207
293.207
293.207
293.207
293.207
293.207
293.207
293.207
293.207
293.207
293.207
293.207
293.207
293.207
293.207
293.207
293.207
293.207
293.207
293.207
293.207
293.207
293.207
293.207
293.207
293.207
293.207
293.207
293.207
293.207
293.207
293.207
293.207
293.207
293.207
293.207
293.207
293.207
293.207
293.207
293.207
293.207
293.207
293.207
293.207
293.207
293.207
293.207
293.207
293.207
293.207
293.207
293.207
293.207
293.207
293.207
293.207
293.207
293.207
293.207
293.207
293.207
293.207
293.207
293.207
293.207
293.207
293.207
293.207
293.207
293.207
293.207
293.207
293.207
293.207
293.207
293.207
293.207
293.207
293.207
293.207
293.207
293.207
293.207
293.207
293.207
293.207
293.207
293.207
293.207
293.207
293.207
293.207
293.207
293.207
293.207
293.207
293.207
293.207
293.207
293.207
293.207
293.207
293.207
293.207
293.207
293.207
293.207
293.207
293.207
293.207
293.207
293.207
293.207
293.207
293.207
293.207
293.207
293.207
293.207
293.207
293.207
293.207
293.207
293.207
293.207
293.207
293.207
293.207
293.207
293.207
293.207
293.207
293.207
293.207
293.207
293.207
293.207
293.207
293.207
293.207
293.207
293.207
293.207
293.207
293.207
293.207
293.207
293.207
293.207
293.207
293.207
293.207
293.207
293.207
293.207
293.207
293.207
293.207
293.207
293.207
293.207
293.207
293.207
293.207
293.207
293.207
293.207
293.207
293.207
293.207
293.207
293.207
293.207
293.207
293.207
293.207
293.207
293.207
293.207
293.207
293.207
293.207
293.207
293.207
293.207
293.207
293.207
293.207
293.207
293.207
293.207
293.207
293.207
293.207
293.207
293.207
293.207
293.207
293.207
293.207
293.207
293.207
293.207
293.207
293.207
293.207
293.207
293.207
293.207
293.207
293.207
293.207
293.207
293.207
293.207
293.207
293.207
293.207
293.207
293.207
293.207
293.207
293.207
293.207
293.207
293.207
293.207
293.207
293.207
293.207
293.207
293.207
293.207
293.207
293.207
293.207
293.207
293.207
293.207
293.207
293.207
293.207
293.207
293.207
293.207
293.207
293.207
293.207
293.207
293.207
293.207
293.207
293.207
293.207
293.207
293.207
293.207
293.207
293.207
293.207
293.207
293.207
293.207
293.207
293.207
293.207
293.207
293.207
293.207
293.207
293.207
293.207
293.207
293.207
293.207
293.207
293.207
293.207
293.207
293.207
293.207
293.207
293.207
293.207
293.207
293.207
293.207
293.207
293.207
293.207
293.207
293.207
293.207
293.207
293.207
293.207
293.207
293.207
293.207
293.207
293.207
293.207
293.207
293.207
293.207
293.207
293.207
293.207
293.207
293.207
293.207
293.207
293.207
293.207
293.207
293.207
293.207
293.207
293.207
293.207
293.207
293.207
293.207
293.207
293.207
293.207
293.207
293.207
293.207
293.207
293.207
293.207
293.207
293.207
293.207
293.207
293.207
293.207
293.207
293.207
293.207
293.207
293.207
293.207
293.207
293.207
293.207
293.207
293.207
293.207
293.207
293.207
293.207
293.207
293.207
293.207
293.207
293.207
293.207
293.207
293.207
293.207
293.207
293.207
293.207
293.207
293.207
293.207
293.207
293.207
293.207
293.207
293.207
293.207
293.207
293.207
293.207
293.207
293.207
293.207
293.207
293.207
293.207
293.207
293.207
293.207
293.207
293.207
293.207
293.207
293.207
293.207
293.207
293.207
293.207
293.207
293.207
293.207
293.207
293.207
293.207
293.207
293.207
293.207
293.207
293.207
293.207
293.207
293.207
293.207
293.207
293.207
293.207
293.207
293.207
293.207
293.207
293.207
293.207
293.207
293.207
293.207
293.207
293.207
293.207
293.207
293.207
293.207
293.207
293.207
293.207
293.207
293.207
293.207
293.207
293.207
293.207
293.207
293.207
293.207
293.207
293.207
293.207
293.207
293.207
293.207
293.207
293.207
293.207
293.207
293.207
293.207
293.207
293.207
293.207
293.207
293.207
293.207
293.207
293.207
293.207
293.207
293.207
293.207
293.207
293.207
293.207
293.207
293.207
293.207
293.207
293.207
293.207
293.207
293.207
293.207
293.207
293.207
293.207
293.207
293.207
293.207
293.207
293.207
293.207
293.207
293.207
293.207
293.207
293.207
293.207
293.207
293.207
293.207
293.207
293.207
293.207
293.207
293.207
293.207
293.207
293.207
293.207
293.207
293.207
293.207
293.207
293.207
293.207
293.207
293.207
293.207
293.207
293.207
293.207
293.207
293.207
293.207
293.207
293.207
293.207
293.207
293.207
293.207
293.207
293.207
293.207
293.207
293.207
293.207
293.207
293.207
293.207
293.207
293.207
293.207
293.207
293.207
293.207
293.207
293.207
293.207
293.207
293.207
293.207
293.207
293.207
293.207
293.207
293.207
293.207
293.207
293.207
293.207
293.207
293.207
293.207
293.207
293.207
293.207
293.207
293.207
293.207
293.207
293.207
293.207
293.207
293.207
293.207
293.207
293.207
293.207
293.207
293.207
293.207
293.207
293.207
293.207
293.207
293.207
293.207
293.207
293.207
293.207
293.207
293.207
293.207
293.207
293.207
293.207
293.207
293.207
293.207
293.207
293.207
293.207
293.207
293.207
293.207
293.207
293.207
293.207
293.207
293.207
293.207
293.207
293.207
293.207
293.207
293.207
293.207
293.207
293.207
293.207
293.207
293.207
293.207
293.207
293.207
293.207
293.207
293.207
293.207
293.207
293.207
293.207
293.207
293.207
293.207
293.207
293.207
293.207
293.207
293.207
293.207
293.207
293.207
293.207
293.207
293.207
293.207
293.207
293.207
293.207
293.207
293.207
293.207
293.207
293.207
293.207
293.207
293.207
293.207
293.207
293.207
293.207
293.207
293.207
293.207
293.207
293.207
293.207
293.207
293.207
293.207
293.207
293.207
293.207
293.207
293.207
293.207
293.207
293.207
293.207
293.207
293.207
293.207
293.207
293.207
293.207
293.207
293.207
293.207
293.207
293.207
293.207
293.207
293.207
293.207
293.207
293.207
293.207
293.207
293.207
293.207
293.207
293.207
293.207
293.207
293.207
293.207
293.207
293.207
293.207
293.207
293.207
293.207
293.207
293.207
293.207
293.207
293.207
293.207
293.207
293.207
293.207
293.207
293.207
293.207
293.207
293.207
293.207
293.207
293.207
293.207
293.207
293.207
293.207
293.207
293.207
293.207
293.207
293.207
293.207
293.207
293.207
293.207
293.207
293.207
293.207
293.207
293.207
293.207
293.207
293.207
293.207
293.207
293.207
293.207
293.207
293.207
293.207
293.207
293.207
293.207
293.207
293.207
293.207
293.207
293.207
293.207
293.207
293.207
293.207
293.207
293.207
293.207
293.207
293.207
293.207
293.207
293.207
293.207
293.207
293.207
293.207
293.207
293.207
293.207
293.207
293.207
293.207
293.207
293.207
293.207
293.207
293.207
293.207
293.207
293.207
293.207
293.207
293.207
293.207
293.207
293.207
293.207
293.207
293.207
293.207
293.207
293.207
293.207
293.207
293.207
293.207
293.207
293.207
293.207
293.207
293.207
293.207
293.207
293.207
293.207
293.207
293.207
293.207
293.207
293.207
293.207
293.207
293.207
293.207
293.207
293.207
293.207
293.207
293.207
293.207
293.207
293.207
293.207
293.207
293.207
293.207
293.207
293.207
293.207
293.207
293.207
293.207
293.207
293.207
293.207
293.207
293.207
293.207
293.207
293.207
293.207
293.207
293.207
293.207
293.207
293.207
293.207
293.207
293.207
293.207
293.207
293.207
293.207
293.207
293.207
293.207
293.207
293.207
293.207
293.207
293.207
293.207
293.207
293.207
293.207
293.207
293.207
293.207
293.207
293.207
293.207
293.207
293.207
293.207
293.207
293.207
293.207
293.207
293.207
293.207
293.207
293.207
293.207
293.207
293.207
293.207
293.207
293.207
293.207
293.207
293.207
293.207
293.207
293.207
293.207
293.207
293.207
293.207
293.207
293.207
293.207
293.207
293.207
293.207
293.207
293.207
293.207
293.207
293.207
293.207
293.207
293.207
293.207
293.207
293.207
293.207
293.207
293.207
293.207
293.207
293.207
293.207
293.207
293.207
293.207
293.207
293.207
293.207
293.207
293.207
293.207
293.207
293.207
293.207
293.207
293.207
293.207
293.207
293.207
293.207
293.207
293.207
293.207
293.207
293.207
293.207
293.207
293.207
293.207
293.207
293.207
293.207
293.207
293.207
293.207
293.207
293.207
293.207
293.207
293.207
293.207
293.207
293.207
293.207
293.207
293.207
293.207
293.207
293.207
293.207
293.207
293.207
293.207
293.207
293.207
293.207
293.207
293.207
293.207
293.207
293.207
293.207
293.207
293.207
293.207
293.207
293.207
293.207
293.207
293.207
293.207
293.207
293.207
293.207
293.207
293.207
293.207
293.207
293.207
293.207
293.207
293.207
293.207
293.207
293.207
293.207
293.207
293.207
293.207
293.207
293.207
293.207
293.207
293.207
293.207
293.207
293.207
293.207
293.207
293.207
293.207
293.207
293.207
293.207
293.207
293.207
293.207
293.207
293.207
293.207
293.207
293.207
293.207
293.207
293.207
293.207
293.207
293.207
293.207
293.207
293.207
293.207
293.207
293.207
293.207
293.207
293.207
293.207
293.207
293.207
293.207
293.207
293.207
293.207
293.207
293.207
293.207
293.207
293.207
293.207
293.207
293.207
293.207
293.207
293.207
293.207
293.207
293.207
293.207
293.207
293.207
293.207
293.207
293.207
293.207
293.207
293.207
293.207
293.207
293.207
293.207
293.207
293.207
293.207
293.207
293.207
293.207
293.207
293.207
293.207
293.207
293.207
293.207
293.207
293.207
293.207
293.207
293.207
293.207
293.207
293.207
293.207
293.207
293.207
293.207
293.207
293.207
293.207
293.207
293.207
293.207
293.207
293.207
293.207
293.207
293.207
293.207
293.207
293.207
293.207
293.207
293.207
293.207
293.207
293.207
293.207
293.207
293.206
293.206
293.206
293.206
293.206
293.206
293.207
293.207
293.207
293.207
293.207
293.207
293.207
293.207
293.207
293.207
293.206
293.206
293.206
293.206
293.206
293.206
293.206
293.206
293.207
293.207
293.207
293.207
293.207
293.207
293.207
293.207
293.207
293.206
293.206
293.206
293.206
293.206
293.206
293.206
293.206
293.206
293.207
293.207
293.207
293.207
293.208
293.208
293.207
293.207
293.207
293.206
293.206
293.206
293.206
293.206
293.206
293.206
293.206
293.206
293.207
293.207
293.208
293.208
293.208
293.208
293.208
293.207
293.207
293.206
293.206
293.205
293.205
293.205
293.205
293.205
293.206
293.207
293.207
293.208
293.208
293.208
293.208
293.208
293.208
293.207
293.206
293.206
293.205
293.204
293.204
293.204
293.204
293.205
293.206
293.207
293.209
293.21
293.21
293.21
293.209
293.208
293.207
293.206
293.206
293.205
293.204
293.203
293.201
293.198
293.195
293.193
293.191
293.19
293.182
293.163
293.121
293.065
292.934
292.814
292.431
291.942
290.511
287.561
280.736
264.417
229.181
167.467
93.8662
38.6554
12.4845
3.48569
0.901264
0.226173
0.056265
0.0139667
0.00346522
0.000859647
0.000213255
5.29025e-05
1.31236e-05
3.25556e-06
8.07597e-07
2.00328e-07
4.96834e-08
1.23119e-08
3.04248e-09
7.41722e-10
1.72072e-10
2.96414e-11
5.0618e-12
1.56814e-11
1.71547e-11
1.82342e-11
1.74318e-11
1.8876e-11
1.76215e-11
1.86426e-11
1.73589e-11
1.92407e-11
1.68046e-11
1.88176e-11
1.71109e-11
1.87739e-11
1.67171e-11
1.87739e-11
1.68046e-11
1.82925e-11
1.61482e-11
1.78695e-11
1.60898e-11
1.73006e-11
1.5448e-11
1.74173e-11
1.56814e-11
1.74173e-11
1.59002e-11
1.69942e-11
1.63378e-11
1.67025e-11
1.6615e-11
1.66587e-11
1.64107e-11
1.63961e-11
1.61044e-11
1.64399e-11
1.59585e-11
1.6294e-11
1.6542e-11
1.65712e-11
1.62649e-11
1.67171e-11
1.63378e-11
1.68775e-11
1.59002e-11
1.70526e-11
1.61044e-11
1.69505e-11
1.58272e-11
1.74318e-11
1.56814e-11
1.7286e-11
1.55501e-11
1.75777e-11
1.55063e-11
1.8132e-11
1.60169e-11
1.86426e-11
1.69359e-11
1.87447e-11
1.72714e-11
1.87593e-11
1.71693e-11
1.86572e-11
1.70963e-11
1.81029e-11
1.7213e-11
1.84092e-11
1.68338e-11
1.84384e-11
1.70963e-11
1.79862e-11
1.69505e-11
1.79132e-11
1.73735e-11
1.80008e-11
1.74027e-11
1.76361e-11
1.77819e-11
1.76215e-11
1.74173e-11
1.70526e-11
1.74027e-11
1.66004e-11
1.69359e-11
1.66879e-11
1.64691e-11
1.69067e-11
1.64399e-11
1.6367e-11
1.63232e-11
1.64837e-11
1.6294e-11
1.64399e-11
1.55209e-11
1.6367e-11
1.58856e-11
1.59439e-11
1.57689e-11
1.5871e-11
1.58272e-11
1.62211e-11
1.57397e-11
1.62503e-11
1.61044e-11
1.65712e-11
1.59731e-11
1.67025e-11
1.58564e-11
1.68629e-11
1.61919e-11
1.71401e-11
1.61773e-11
1.70234e-11
1.60752e-11
1.69651e-11
1.64837e-11
1.70818e-11
1.70088e-11
1.69942e-11
1.74902e-11
1.64545e-11
1.82196e-11
1.65566e-11
1.83509e-11
1.67462e-11
1.7957e-11
1.68046e-11
1.83654e-11
1.66295e-11
1.87155e-11
1.67462e-11
1.79278e-11
1.7213e-11
1.80591e-11
1.67754e-11
1.79278e-11
1.7038e-11
1.78841e-11
1.71255e-11
1.76069e-11
1.7038e-11
1.72276e-11
1.69796e-11
1.70672e-11
1.69359e-11
1.70088e-11
1.67754e-11
1.65712e-11
1.61919e-11
1.63816e-11
1.59294e-11
1.61482e-11
1.55063e-11
1.64691e-11
1.5448e-11
1.61628e-11
1.57981e-11
1.65128e-11
1.63086e-11
1.69359e-11
1.63961e-11
1.74173e-11
1.66733e-11
1.73735e-11
1.72714e-11
1.75631e-11
1.74902e-11
1.80153e-11
1.838e-11
1.73881e-11
1.85551e-11
1.76652e-11
1.81904e-11
1.81612e-11
1.8132e-11
1.7461e-11
1.78549e-11
1.82342e-11
1.74756e-11
1.82925e-11
1.71839e-11
1.77819e-11
1.79132e-11
1.78986e-11
1.69942e-11
1.77965e-11
1.68921e-11
1.77382e-11
1.80153e-11
1.70672e-11
1.7957e-11
1.75194e-11
1.71693e-11
1.76215e-11
1.74173e-11
1.71693e-11
1.76069e-11
1.71401e-11
1.70963e-11
1.73589e-11
1.70672e-11
1.69796e-11
1.65858e-11
1.66295e-11
1.60606e-11
1.63232e-11
1.53459e-11
1.59585e-11
1.52875e-11
1.61336e-11
1.52e-11
1.59294e-11
1.50249e-11
1.57105e-11
1.51854e-11
1.5448e-11
1.49374e-11
1.50249e-11
1.47915e-11
1.46019e-11
1.49958e-11
1.52e-11
1.50833e-11
1.51562e-11
1.49082e-11
1.50979e-11
1.4952e-11
1.50541e-11
1.50979e-11
1.53167e-11
1.55501e-11
1.50833e-11
1.54188e-11
1.54334e-11
1.54771e-11
1.5375e-11
1.61044e-11
1.57251e-11
1.58127e-11
1.59585e-11
1.63086e-11
1.5871e-11
1.69651e-11
1.58127e-11
1.72276e-11
1.57543e-11
1.76652e-11
1.65274e-11
1.71547e-11
1.69651e-11
1.66004e-11
1.77819e-11
1.71109e-11
1.72714e-11
1.69796e-11
1.76652e-11
1.61482e-11
1.77965e-11
1.6615e-11
1.70672e-11
1.71985e-11
1.69796e-11
1.77382e-11
1.75048e-11
1.74756e-11
1.75485e-11
1.75923e-11
1.76215e-11
1.75923e-11
1.7709e-11
1.73589e-11
1.73006e-11
1.71255e-11
1.76944e-11
1.72714e-11
1.76507e-11
1.78403e-11
1.7286e-11
1.76652e-11
1.69796e-11
1.71255e-11
1.71547e-11
1.6367e-11
1.68338e-11
1.65274e-11
1.62795e-11
1.64983e-11
1.59148e-11
1.61044e-11
1.60461e-11
1.57397e-11
1.64545e-11
1.5871e-11
1.64983e-11
1.56084e-11
1.66004e-11
1.5623e-11
1.64545e-11
1.57981e-11
1.63961e-11
1.59877e-11
1.67317e-11
1.66587e-11
1.65274e-11
1.70963e-11
1.67754e-11
1.69651e-11
1.72714e-11
1.73735e-11
1.69359e-11
1.80445e-11
1.68046e-11
1.78695e-11
1.75485e-11
1.69359e-11
1.77382e-11
1.72714e-11
1.69067e-11
1.79716e-11
1.73152e-11
1.72422e-11
1.79132e-11
1.75048e-11
1.69213e-11
1.77382e-11
1.68046e-11
1.71985e-11
1.63378e-11
1.71839e-11
1.58127e-11
1.71839e-11
1.61482e-11
1.6615e-11
1.66295e-11
1.66004e-11
1.63524e-11
1.61482e-11
1.61044e-11
1.55501e-11
1.58856e-11
1.58272e-11
1.57543e-11
1.58127e-11
1.56522e-11
1.55938e-11
1.59148e-11
1.52583e-11
1.58564e-11
1.53459e-11
1.56084e-11
1.53313e-11
1.5871e-11
1.56668e-11
1.60023e-11
1.5623e-11
1.59002e-11
1.64983e-11
1.57835e-11
1.64107e-11
1.62065e-11
1.63232e-11
1.60752e-11
1.63378e-11
1.63961e-11
1.67171e-11
1.69359e-11
1.69213e-11
1.69796e-11
1.72714e-11
1.78549e-11
1.69213e-11
1.88906e-11
1.70234e-11
1.89781e-11
1.77528e-11
1.82487e-11
1.78695e-11
1.84092e-11
1.69651e-11
1.80737e-11
1.7038e-11
1.7213e-11
1.66587e-11
1.71985e-11
1.57689e-11
1.74902e-11
1.55793e-11
1.69067e-11
1.58127e-11
1.66004e-11
1.55355e-11
1.6367e-11
1.60315e-11
1.56522e-11
1.57981e-11
1.56084e-11
1.50687e-11
1.55647e-11
1.47915e-11
1.52292e-11
1.46165e-11
1.50833e-11
1.42956e-11
1.47186e-11
1.40768e-11
1.43685e-11
1.43539e-11
1.4456e-11
1.42664e-11
1.44414e-11
1.45727e-11
1.43539e-11
1.46165e-11
1.44852e-11
1.4777e-11
1.46603e-11
1.50104e-11
1.47915e-11
1.51416e-11
1.45581e-11
1.52292e-11
1.46019e-11
1.52146e-11
1.50687e-11
1.52292e-11
1.46894e-11
1.51416e-11
1.46894e-11
1.47915e-11
1.48645e-11
1.52e-11
1.47478e-11
1.49228e-11
1.48937e-11
1.52729e-11
1.54188e-11
1.50395e-11
1.50249e-11
1.53896e-11
1.51416e-11
1.51708e-11
1.54334e-11
1.48499e-11
1.60752e-11
1.50395e-11
1.57251e-11
1.50104e-11
1.57397e-11
1.47478e-11
1.56376e-11
1.47915e-11
1.51854e-11
1.42518e-11
1.50979e-11
1.40476e-11
1.47186e-11
1.32599e-11
1.44414e-11
1.30411e-11
1.3785e-11
1.29244e-11
1.3785e-11
1.24576e-11
1.34787e-11
1.2195e-11
1.3785e-11
1.23117e-11
1.34057e-11
1.22971e-11
1.30702e-11
1.25451e-11
1.31869e-11
1.24284e-11
1.37267e-11
1.28806e-11
1.38434e-11
1.34933e-11
1.38142e-11
1.33328e-11
1.34787e-11
1.35224e-11
1.37267e-11
1.3362e-11
1.42372e-11
1.33474e-11
1.49082e-11
1.37267e-11
1.48937e-11
1.36391e-11
1.46894e-11
1.43831e-11
1.48937e-11
1.47624e-11
1.44706e-11
1.45727e-11
1.43977e-11
1.47915e-11
1.45581e-11
1.50249e-11
1.51562e-11
1.46894e-11
1.55355e-11
1.53896e-11
1.51125e-11
1.52e-11
1.53459e-11
1.45873e-11
1.54771e-11
1.49374e-11
1.47478e-11
1.49082e-11
1.41789e-11
1.4952e-11
1.44269e-11
1.42518e-11
1.42518e-11
1.38142e-11
1.3785e-11
1.36246e-11
1.39163e-11
1.32599e-11
1.4033e-11
1.35079e-11
1.37121e-11
1.37267e-11
1.36246e-11
1.35954e-11
1.29535e-11
1.3537e-11
1.32015e-11
1.3537e-11
1.34349e-11
1.3114e-11
1.31286e-11
1.29244e-11
1.30557e-11
1.29973e-11
1.33766e-11
1.30265e-11
1.35516e-11
1.3289e-11
1.361e-11
1.30994e-11
1.35662e-11
1.31286e-11
1.35079e-11
1.33912e-11
1.34933e-11
1.30557e-11
1.34641e-11
1.29244e-11
1.3114e-11
1.30848e-11
1.28514e-11
1.30557e-11
1.27931e-11
1.31869e-11
1.29244e-11
1.3537e-11
1.2939e-11
1.42081e-11
1.27347e-11
1.39747e-11
1.31724e-11
1.3785e-11
1.32453e-11
1.38434e-11
1.35224e-11
1.40622e-11
1.40184e-11
1.40184e-11
1.43831e-11
1.44852e-11
1.41497e-11
1.46603e-11
1.41935e-11
1.41789e-11
1.42956e-11
1.43393e-11
1.34349e-11
1.41643e-11
1.35662e-11
1.40476e-11
1.33036e-11
1.39892e-11
1.32015e-11
1.34057e-11
1.35224e-11
1.30557e-11
1.30557e-11
1.33474e-11
1.25743e-11
1.33474e-11
1.24284e-11
1.30411e-11
1.26764e-11
1.23555e-11
1.26618e-11
1.23117e-11
1.24284e-11
1.20929e-11
1.26472e-11
1.18303e-11
1.24138e-11
1.19762e-11
1.2195e-11
1.18303e-11
1.237e-11
1.22096e-11
1.27201e-11
1.22388e-11
1.22096e-11
1.24138e-11
1.18157e-11
1.25159e-11
1.24576e-11
1.25597e-11
1.27201e-11
1.23117e-11
1.29973e-11
1.22242e-11
1.2691e-11
1.28806e-11
1.24576e-11
1.32599e-11
1.19762e-11
1.30702e-11
1.22242e-11
1.23263e-11
1.1772e-11
1.21804e-11
1.12031e-11
1.19616e-11
1.1524e-11
1.19762e-11
1.20054e-11
1.18887e-11
1.18449e-11
1.22242e-11
1.15094e-11
1.17574e-11
1.14948e-11
1.14219e-11
1.12468e-11
1.16844e-11
1.14219e-11
1.14073e-11
1.16553e-11
1.13343e-11
1.12176e-11
1.12614e-11
1.07509e-11
1.12468e-11
1.08676e-11
1.09843e-11
1.07071e-11
1.07509e-11
1.0532e-11
1.07509e-11
1.0182e-11
1.0532e-11
9.91938e-12
1.05175e-11
1.01965e-11
1.0853e-11
1.03278e-11
1.09113e-11
1.02841e-11
1.11301e-11
1.05466e-11
1.1276e-11
1.09843e-11
1.11593e-11
1.11593e-11
1.11593e-11
1.12322e-11
1.15532e-11
1.1947e-11
1.15094e-11
1.21804e-11
1.18157e-11
1.22242e-11
1.22533e-11
1.24138e-11
1.21075e-11
1.26034e-11
1.15823e-11
1.23263e-11
1.16844e-11
1.2195e-11
1.22242e-11
1.28514e-11
1.15094e-11
1.35079e-11
1.13052e-11
1.30265e-11
1.17428e-11
1.25305e-11
1.06342e-11
1.22679e-11
1.07946e-11
1.18595e-11
1.07071e-11
1.13635e-11
1.02257e-11
1.07654e-11
9.77351e-12
1.08238e-11
9.74433e-12
1.03716e-11
9.8902e-12
1.01382e-11
9.56928e-12
9.8902e-12
9.70057e-12
9.61304e-12
9.75892e-12
9.36506e-12
9.33589e-12
9.10249e-12
8.95662e-12
9.2046e-12
9.04414e-12
9.0879e-12
8.82533e-12
9.36506e-12
9.14625e-12
9.65681e-12
9.36506e-12
1.00507e-11
9.67139e-12
1.01528e-11
9.96314e-12
1.02111e-11
1.01674e-11
1.0532e-11
1.02403e-11
1.04008e-11
1.04445e-11
1.0532e-11
1.02986e-11
1.03132e-11
9.96314e-12
1.01528e-11
1.00215e-11
9.91938e-12
9.87562e-12
9.67139e-12
9.87562e-12
9.68598e-12
9.52552e-12
9.68598e-12
9.46717e-12
9.67139e-12
9.78809e-12
9.54011e-12
9.30671e-12
9.65681e-12
9.2046e-12
9.75892e-12
9.56928e-12
9.84644e-12
9.59846e-12
9.81727e-12
9.59846e-12
1.01674e-11
9.48176e-12
1.02695e-11
9.3213e-12
1.00653e-11
9.42341e-12
9.87562e-12
9.10249e-12
9.77351e-12
9.17543e-12
9.26295e-12
8.59193e-12
8.82533e-12
8.76698e-12
8.69404e-12
9.14625e-12
8.78157e-12
9.40882e-12
8.81074e-12
9.54011e-12
8.50441e-12
9.14625e-12
8.78157e-12
8.91285e-12
8.70863e-12
8.83992e-12
8.92744e-12
8.56276e-12
8.78157e-12
8.57734e-12
9.00038e-12
8.57734e-12
8.83992e-12
9.00038e-12
8.62111e-12
9.29212e-12
8.57734e-12
9.2046e-12
8.63569e-12
9.11708e-12
8.47523e-12
9.30671e-12
8.81074e-12
9.02955e-12
8.73781e-12
8.78157e-12
8.38771e-12
8.75239e-12
8.27101e-12
8.38771e-12
8.11055e-12
8.22725e-12
8.32936e-12
8.27101e-12
8.44606e-12
8.56276e-12
8.8545e-12
9.00038e-12
8.66487e-12
9.13166e-12
8.75239e-12
9.2046e-12
9.07331e-12
8.88368e-12
9.01496e-12
8.519e-12
9.02955e-12
8.41688e-12
9.00038e-12
8.60652e-12
8.78157e-12
8.12514e-12
8.37312e-12
7.86257e-12
7.99385e-12
7.9355e-12
7.92092e-12
8.00844e-12
7.87715e-12
8.13973e-12
8.27101e-12
7.67293e-12
8.18349e-12
7.70211e-12
8.19807e-12
7.74587e-12
8.31477e-12
7.78963e-12
8.57734e-12
8.08138e-12
8.73781e-12
8.56276e-12
8.9712e-12
8.57734e-12
9.26295e-12
8.91285e-12
9.10249e-12
8.67946e-12
8.73781e-12
8.67946e-12
9.00038e-12
8.34395e-12
8.37312e-12
8.44606e-12
8.47523e-12
7.95009e-12
8.27101e-12
7.65834e-12
7.96468e-12
7.54165e-12
7.35201e-12
7.14779e-12
7.20614e-12
7.32284e-12
6.95815e-12
7.32284e-12
7.19155e-12
7.30825e-12
7.30825e-12
7.74587e-12
7.42495e-12
7.58541e-12
7.57082e-12
7.62917e-12
7.71669e-12
7.64376e-12
7.68752e-12
7.70211e-12
7.38118e-12
7.84798e-12
7.77504e-12
8.2856e-12
7.90633e-12
8.37312e-12
7.87715e-12
8.34395e-12
7.65834e-12
7.83339e-12
7.11861e-12
7.38118e-12
6.54971e-12
7.19155e-12
6.50595e-12
6.82687e-12
6.63723e-12
6.72476e-12
6.27255e-12
6.85604e-12
6.63723e-12
6.91439e-12
6.68099e-12
6.76852e-12
6.59347e-12
6.92898e-12
6.53512e-12
6.81228e-12
6.31631e-12
7.0165e-12
6.31631e-12
6.76852e-12
6.30172e-12
6.88522e-12
6.0975e-12
6.72476e-12
6.22879e-12
6.3309e-12
6.71017e-12
6.11209e-12
6.91439e-12
6.22879e-12
7.19155e-12
5.95163e-12
7.2499e-12
5.7474e-12
7.11861e-12
5.87869e-12
6.4476e-12
5.65988e-12
6.22879e-12
5.52859e-12
6.27255e-12
5.25144e-12
6.14126e-12
5.45566e-12
5.99539e-12
5.16391e-12
6.08291e-12
5.47025e-12
6.62264e-12
6.0975e-12
6.84145e-12
6.17044e-12
6.65182e-12
5.95163e-12
6.24337e-12
5.63071e-12
6.31631e-12
5.67447e-12
6.30172e-12
5.7474e-12
6.27255e-12
5.76199e-12
6.22879e-12
5.54318e-12
6.46218e-12
5.61612e-12
6.60806e-12
5.70364e-12
7.07485e-12
5.77658e-12
7.26449e-12
6.17044e-12
6.81228e-12
6.05374e-12
6.53512e-12
6.00998e-12
6.50595e-12
5.82034e-12
6.57888e-12
5.73282e-12
6.31631e-12
5.33896e-12
6.2142e-12
5.14932e-12
5.93704e-12
5.14932e-12
5.55777e-12
5.25144e-12
5.57236e-12
5.32437e-12
5.45566e-12
5.20767e-12
5.01804e-12
5.09098e-12
4.95969e-12
5.36813e-12
4.95969e-12
5.48483e-12
5.10556e-12
5.73282e-12
5.32437e-12
5.77658e-12
5.70364e-12
5.58694e-12
5.38272e-12
5.19309e-12
5.16391e-12
4.98886e-12
4.88675e-12
4.95969e-12
4.97428e-12
4.91593e-12
4.63877e-12
4.68253e-12
4.62418e-12
4.3762e-12
4.59501e-12
4.49289e-12
4.30326e-12
4.53666e-12
4.36161e-12
4.39078e-12
4.43455e-12
4.23032e-12
4.2595e-12
4.44913e-12
4.18656e-12
4.30326e-12
3.92399e-12
3.88023e-12
3.69059e-12
3.86564e-12
3.54472e-12
3.95316e-12
3.20921e-12
3.80729e-12
3.3405e-12
3.676e-12
3.18004e-12
3.92399e-12
3.51554e-12
3.96775e-12
3.7927e-12
4.06986e-12
3.73435e-12
4.08445e-12
3.60307e-12
3.41343e-12
3.53013e-12
3.26756e-12
3.28215e-12
3.41343e-12
2.90288e-12
3.15086e-12
3.04875e-12
3.00499e-12
2.94664e-12
3.15086e-12
2.88829e-12
3.12169e-12
3.16545e-12
3.09251e-12
3.58848e-12
3.06334e-12
3.61766e-12
3.23839e-12
3.57389e-12
3.39885e-12
3.71977e-12
3.32591e-12
3.95316e-12
3.66142e-12
3.85105e-12
3.57389e-12
3.7927e-12
3.63224e-12
3.66142e-12
3.44261e-12
3.71977e-12
3.41343e-12
3.85105e-12
3.35508e-12
3.38426e-12
3.13627e-12
3.42802e-12
3.1071e-12
3.44261e-12
3.3405e-12
3.55931e-12
3.1071e-12
3.64683e-12
3.51554e-12
3.54472e-12
3.70518e-12
3.47178e-12
3.55931e-12
3.38426e-12
3.55931e-12
3.55931e-12
3.61766e-12
3.53013e-12
3.54472e-12
3.42802e-12
3.41343e-12
3.44261e-12
2.93205e-12
)
;

boundaryField
{
    sides
    {
        type            calculated;
        value           nonuniform List<scalar> 2(2.93205e-12 8.89825e-13);
    }
    empty
    {
        type            empty;
    }
}


// ************************************************************************* //
