/*--------------------------------*- C++ -*----------------------------------*\
| =========                 |                                                 |
| \\      /  F ield         | OpenFOAM: The Open Source CFD Toolbox           |
|  \\    /   O peration     | Version:  4.0                                   |
|   \\  /    A nd           | Web:      www.OpenFOAM.org                      |
|    \\/     M anipulation  |                                                 |
\*---------------------------------------------------------------------------*/
FoamFile
{
    version     2.0;
    format      ascii;
    class       volScalarField;
    location    "71";
    object      p;
}
// * * * * * * * * * * * * * * * * * * * * * * * * * * * * * * * * * * * * * //

dimensions      [0 2 -2 0 0 0 0];

internalField   nonuniform List<scalar> 
8800
(
0.827978
0.780193
0.741507
0.712516
0.69166
0.67684
0.66626
0.658803
0.654016
0.652004
0.653321
0.657553
0.664229
0.673567
0.686363
0.704108
0.728892
0.762838
0.805392
0.864094
0.65922
0.666899
0.67438
0.677692
0.676194
0.671125
0.664652
0.658595
0.653901
0.651098
0.650869
0.653423
0.657949
0.663922
0.670711
0.677004
0.680653
0.679922
0.674509
0.665824
0.637612
0.643773
0.647903
0.650854
0.652912
0.653528
0.652439
0.65036
0.648381
0.647524
0.648541
0.650969
0.653802
0.656008
0.656633
0.655447
0.653115
0.649729
0.645174
0.641413
0.631783
0.634435
0.637191
0.639601
0.641245
0.64242
0.643181
0.643327
0.643073
0.643079
0.643892
0.645113
0.645991
0.646085
0.645496
0.64442
0.642615
0.640052
0.637654
0.636151
0.626377
0.627803
0.629587
0.631627
0.633421
0.634778
0.635789
0.63662
0.637281
0.637908
0.638629
0.639183
0.639327
0.639072
0.6384
0.637169
0.635487
0.633649
0.632347
0.631515
0.621268
0.622189
0.623436
0.625011
0.626656
0.628198
0.629509
0.630614
0.631632
0.632599
0.633369
0.633765
0.633775
0.633375
0.632523
0.631345
0.630035
0.628787
0.62797
0.627419
0.616321
0.616991
0.617959
0.619271
0.620694
0.622173
0.623641
0.625007
0.626268
0.627461
0.628377
0.628825
0.628803
0.628342
0.627571
0.626651
0.62566
0.624751
0.624172
0.623765
0.611487
0.612004
0.612793
0.613935
0.615228
0.616625
0.618105
0.619627
0.621126
0.622562
0.62368
0.624247
0.624297
0.623969
0.623411
0.622719
0.621972
0.621306
0.620878
0.62056
0.606694
0.607105
0.607767
0.608786
0.61001
0.611364
0.612848
0.614461
0.616164
0.617878
0.619255
0.620027
0.620282
0.620183
0.619854
0.619379
0.618842
0.618371
0.618055
0.617795
0.601854
0.602189
0.602762
0.603704
0.604882
0.606225
0.607749
0.609468
0.61137
0.613386
0.615099
0.616182
0.616726
0.616891
0.616801
0.616558
0.61622
0.615912
0.615681
0.615463
0.596877
0.597154
0.597667
0.598564
0.599727
0.601099
0.602703
0.60457
0.606713
0.609082
0.611216
0.612697
0.61359
0.614058
0.614231
0.614223
0.614085
0.613921
0.613758
0.613569
0.591672
0.591904
0.592378
0.593261
0.59445
0.595894
0.597621
0.599691
0.602142
0.604947
0.607597
0.609557
0.610858
0.611675
0.612143
0.612376
0.612445
0.612415
0.612308
0.612139
0.586143
0.586341
0.586796
0.587694
0.588949
0.590511
0.592416
0.594759
0.597599
0.60095
0.604225
0.606754
0.608534
0.60975
0.610551
0.611049
0.611338
0.611435
0.611376
0.61122
0.580188
0.580357
0.58081
0.581753
0.583116
0.584846
0.586997
0.589691
0.593026
0.597049
0.60108
0.604291
0.606636
0.608313
0.609496
0.61031
0.610822
0.611041
0.611023
0.610875
0.573683
0.573828
0.574295
0.575312
0.57683
0.578787
0.581262
0.584404
0.588357
0.593205
0.59815
0.602175
0.605191
0.607412
0.609032
0.610197
0.61096
0.611308
0.611327
0.611182
0.566487
0.566607
0.567102
0.568224
0.569948
0.572203
0.57509
0.578801
0.583521
0.589376
0.595424
0.600419
0.604228
0.607092
0.609228
0.610791
0.611842
0.612323
0.612377
0.61223
0.558408
0.558517
0.559051
0.560312
0.562298
0.564931
0.568344
0.572767
0.578436
0.585518
0.592892
0.599043
0.603786
0.607405
0.610161
0.612197
0.613566
0.614186
0.614271
0.61412
0.54922
0.549318
0.549912
0.551337
0.553657
0.55678
0.560859
0.566172
0.573013
0.581589
0.590552
0.598071
0.603919
0.608426
0.611915
0.614502
0.616231
0.616998
0.617111
0.616951
0.538598
0.538677
0.53936
0.541011
0.543769
0.547518
0.552434
0.558864
0.567155
0.577549
0.58841
0.597539
0.604684
0.610237
0.61456
0.617804
0.619937
0.620855
0.620991
0.620819
0.526161
0.526227
0.52701
0.528972
0.532289
0.536839
0.542826
0.550668
0.560762
0.573363
0.586477
0.59749
0.606133
0.612904
0.618204
0.622198
0.624767
0.625835
0.625987
0.625798
0.511339
0.511394
0.512321
0.5147
0.518758
0.524361
0.531742
0.541391
0.553737
0.569015
0.584782
0.597972
0.608326
0.616488
0.622916
0.627749
0.630776
0.631979
0.632134
0.631927
0.493349
0.493392
0.494534
0.497501
0.502574
0.509602
0.518838
0.530836
0.54601
0.56452
0.583376
0.59904
0.611328
0.621051
0.628715
0.634481
0.637959
0.639267
0.63941
0.639182
0.471009
0.47105
0.472542
0.476397
0.482932
0.491965
0.503746
0.518841
0.537572
0.559951
0.582349
0.600768
0.615181
0.626624
0.63563
0.642361
0.646237
0.647595
0.647706
0.647458
0.442538
0.4426
0.444689
0.449976
0.458793
0.470771
0.48614
0.505351
0.528523
0.555464
0.581839
0.603243
0.619922
0.633187
0.643629
0.651272
0.655429
0.656752
0.65681
0.656545
0.404848
0.405016
0.408334
0.416266
0.42893
0.445424
0.46591
0.490524
0.519127
0.551313
0.582026
0.606567
0.625592
0.640712
0.652595
0.660992
0.665231
0.666415
0.666399
0.666125
0.352022
0.353032
0.359639
0.373022
0.39238
0.415865
0.443412
0.474857
0.509853
0.547851
0.583115
0.610832
0.632194
0.649123
0.66231
0.671177
0.675232
0.676175
0.676081
0.675808
0.274987
0.282434
0.297733
0.321343
0.350673
0.383519
0.419695
0.458994
0.501063
0.54533
0.585431
0.616508
0.640358
0.659208
0.67358
0.682665
0.686366
0.687058
0.686915
0.686678
0.192233
0.209829
0.234612
0.269065
0.308768
0.351102
0.395943
0.443247
0.492726
0.543857
0.58958
0.624678
0.651434
0.672457
0.688064
0.696852
0.699785
0.700185
0.700069
0.699906
0.123217
0.143951
0.176559
0.220219
0.269062
0.320324
0.373564
0.428708
0.485438
0.5432
0.594226
0.632999
0.66229
0.685002
0.700982
0.70908
0.711483
0.711823
0.711762
0.711636
0.0666871
0.0890963
0.127285
0.177451
0.233512
0.292286
0.352955
0.415295
0.478829
0.542893
0.598919
0.641113
0.67266
0.69663
0.712893
0.720663
0.722829
0.723148
0.723127
0.723031
0.0196593
0.0432549
0.0852695
0.140594
0.202456
0.267434
0.334479
0.403212
0.472984
0.542957
0.60374
0.649164
0.682857
0.708155
0.72487
0.732416
0.734498
0.734844
0.734855
0.734784
-0.020141
0.00410358
0.0490136
0.108414
0.175154
0.245415
0.318008
0.392443
0.467921
0.543427
0.608762
0.657345
0.693183
0.719808
0.737036
0.744746
0.746882
0.747186
0.747224
0.747169
-0.0547656
-0.0301113
0.01707
0.0798404
0.15071
0.225574
0.303098
0.38269
0.46344
0.544177
0.6139
0.665585
0.703555
0.731552
0.749507
0.757626
0.75979
0.7601
0.760133
0.760094
-0.085734
-0.0607307
-0.0117012
0.0539437
0.128383
0.207292
0.289248
0.373568
0.459249
0.544974
0.618955
0.673691
0.713808
0.743207
0.762016
0.770505
0.772828
0.773131
0.773157
0.773135
-0.114041
-0.0887333
-0.0381285
0.030005
0.107582
0.190088
0.276048
0.364723
0.455039
0.545556
0.623712
0.681475
0.723705
0.754516
0.774092
0.783009
0.785511
0.785844
0.785851
0.785838
-0.140514
-0.114861
-0.0628481
0.00746941
0.0878544
0.17358
0.263172
0.355868
0.450562
0.545719
0.627996
0.688753
0.733048
0.765222
0.785557
0.794852
0.797515
0.797871
0.797849
0.79783
-0.165546
-0.139548
-0.0862079
-0.0140417
0.0688654
0.157487
0.250381
0.346801
0.445638
0.5453
0.631674
0.695425
0.741755
0.775197
0.796184
0.805771
0.808547
0.808899
0.80885
0.808819
-0.189604
-0.163183
-0.108837
-0.0347707
0.0503759
0.141604
0.23751
0.337372
0.440114
0.544156
0.634646
0.701441
0.749788
0.784414
0.805887
0.815644
0.818469
0.818806
0.818728
0.818673
-0.21283
-0.185943
-0.130649
-0.0549073
0.0322357
0.125808
0.224444
0.327476
0.433893
0.542197
0.636847
0.70679
0.757185
0.792875
0.814684
0.824494
0.82725
0.827567
0.827455
0.827385
-0.235381
-0.208091
-0.151762
-0.0745722
0.0143646
0.110032
0.211125
0.317055
0.426912
0.539339
0.638204
0.711469
0.764027
0.800746
0.822718
0.832353
0.835023
0.83527
0.835138
0.835054
-0.257391
-0.229617
-0.172315
-0.0938223
-0.0032891
0.0942474
0.197543
0.306099
0.419136
0.535515
0.638651
0.71548
0.770437
0.808203
0.830139
0.839415
0.84185
0.842021
0.841865
0.841769
-0.278933
-0.250568
-0.192383
-0.112672
-0.0207165
0.0784603
0.183716
0.294621
0.410562
0.530678
0.638118
0.718805
0.776513
0.815468
0.837206
0.845834
0.847866
0.847914
0.847736
0.847634
-0.299866
-0.270942
-0.211907
-0.131113
-0.0379053
0.062716
0.169681
0.282671
0.401225
0.524822
0.636518
0.721385
0.782308
0.822795
0.844266
0.851872
0.853197
0.853042
0.852876
0.852772
-0.320178
-0.290718
-0.230885
-0.149113
-0.0548157
0.0470569
0.155512
0.270309
0.39118
0.517948
0.633781
0.723103
0.787804
0.830396
0.851821
0.858087
0.858158
0.857513
0.857345
0.85732
-0.339942
-0.309872
-0.24931
-0.166654
-0.0713965
0.0315539
0.141283
0.257623
0.380499
0.510099
0.629836
0.723799
0.792862
0.83833
0.860412
0.865473
0.863607
0.86175
0.861466
0.861788
-0.359004
-0.328393
-0.267133
-0.183688
-0.0875977
0.0162811
0.127079
0.244712
0.369285
0.501348
0.624644
0.72327
0.797221
0.846363
0.870269
0.875272
0.871659
0.867455
0.86574
0.865869
-0.377459
-0.346279
-0.284379
-0.200253
-0.103455
0.0011943
0.112845
0.231523
0.357475
0.491626
0.618068
0.721238
0.800604
0.854081
0.88102
0.888026
0.884701
0.87736
0.870004
0.85674
-0.395241
-0.363519
-0.301161
-0.216548
-0.119247
-0.0140254
0.0981826
0.217597
0.344565
0.480341
0.609519
0.717005
0.802572
0.860982
0.89133
0.902206
0.899549
0.885634
0.864532
0.854643
-0.412186
-0.380273
-0.317299
-0.232383
-0.134619
-0.0290415
0.0833072
0.203245
0.330839
0.467715
0.59899
0.709992
0.802128
0.865807
0.897172
0.908182
0.906898
0.881139
0.814128
0.784347
-0.427641
-0.397822
-0.332493
-0.247286
-0.148767
-0.0433518
0.0685386
0.188693
0.316507
0.453854
0.586369
0.699792
0.797622
0.867689
0.893038
0.899
0.882948
0.825959
0.756521
0.714076
-0.482125
-0.413278
-0.346209
-0.262388
-0.163372
-0.0584612
0.0538012
0.173646
0.301179
0.438265
0.570981
0.685605
0.78491
0.862073
0.861917
0.85961
0.803569
0.729639
0.651747
0.608418
-0.443795
-0.427868
-0.366661
-0.281729
-0.184985
-0.0800992
0.0311421
0.150393
0.277045
0.412939
0.544126
0.657735
0.750381
0.833544
0.814321
0.693718
0.584121
0.507917
0.432892
0.461281
-0.473893
-0.444912
-0.382842
-0.298762
-0.202068
-0.0972985
0.0142364
0.132875
0.258505
0.39269
0.521237
0.630718
0.713513
0.757475
0.704345
0.548719
0.416698
0.322482
0.222337
0.27034
-0.497052
-0.46516
-0.401998
-0.317801
-0.22099
-0.116332
-0.00487387
0.11294
0.237191
0.369015
0.493889
0.597085
0.670711
0.679625
0.567569
0.390135
0.233959
0.11251
-0.0201185
0.0115915
-0.519646
-0.48629
-0.422024
-0.336936
-0.240061
-0.135567
-0.0246446
0.0922031
0.214863
0.343908
0.464075
0.55911
0.616922
0.594031
0.430058
0.229991
0.0371127
-0.132645
-0.322118
-0.342164
-0.541636
-0.507877
-0.442775
-0.356946
-0.259959
-0.15571
-0.0454599
0.0702834
0.191071
0.316895
0.431563
0.518212
0.556061
0.495697
0.298946
0.0852246
-0.134008
-0.324504
-0.566924
-0.862501
-0.563913
-0.530177
-0.464585
-0.378314
-0.281176
-0.177128
-0.0674878
0.0471009
0.165884
0.288175
0.396928
0.474999
0.490674
0.378474
0.18464
-0.0282359
-0.234499
-0.408025
-0.478553
-0.556693
-0.587418
-0.553651
-0.4878
-0.401351
-0.304202
-0.200455
-0.0915275
0.0217196
0.138157
0.256342
0.35872
0.425419
0.415452
0.269378
0.0828015
-0.111005
-0.276058
-0.370335
-0.394705
-0.410492
-0.612456
-0.578593
-0.51259
-0.426132
-0.329165
-0.225902
-0.117937
-0.006348
0.107304
0.220697
0.316203
0.368085
0.340076
0.167872
-0.00965248
-0.178251
-0.306855
-0.34662
-0.359412
-0.36071
-0.639225
-0.605174
-0.53902
-0.452652
-0.356016
-0.253472
-0.146735
-0.0371533
0.0732569
0.181257
0.268911
0.306024
0.257217
0.0740812
-0.0943379
-0.245315
-0.322805
-0.339897
-0.341298
-0.34112
-0.667784
-0.633456
-0.567119
-0.480913
-0.384774
-0.283158
-0.17793
-0.0707121
0.0360269
0.138098
0.216963
0.241893
0.156368
-0.011569
-0.171549
-0.295932
-0.333073
-0.331481
-0.330607
-0.330033
-0.697851
-0.663272
-0.596787
-0.510833
-0.415355
-0.31491
-0.211492
-0.106999
-0.00434496
0.0913408
0.161299
0.168934
0.064894
-0.0908998
-0.232726
-0.310313
-0.320532
-0.323112
-0.323764
-0.323494
-0.72888
-0.694161
-0.627771
-0.542189
-0.447579
-0.348573
-0.247272
-0.145883
-0.0476709
0.0413489
0.102402
0.0948226
-0.016964
-0.158115
-0.277645
-0.309599
-0.318043
-0.319368
-0.319063
-0.318747
-0.760414
-0.725593
-0.659618
-0.574594
-0.481107
-0.383834
-0.284995
-0.187076
-0.0936603
-0.0111759
0.0393926
0.0247541
-0.0916169
-0.212693
-0.307994
-0.325954
-0.31669
-0.315481
-0.315342
-0.315079
-0.791553
-0.756866
-0.691489
-0.60745
-0.515406
-0.420227
-0.324218
-0.230104
-0.141839
-0.065577
-0.0249051
-0.0391478
-0.156239
-0.253743
-0.31045
-0.319112
-0.315508
-0.313881
-0.313167
-0.312879
-0.820782
-0.78681
-0.722412
-0.639849
-0.549722
-0.457065
-0.364297
-0.274291
-0.191402
-0.121255
-0.084084
-0.109093
-0.206779
-0.289589
-0.296754
-0.312627
-0.314985
-0.312697
-0.31187
-0.311374
-0.846487
-0.813577
-0.751276
-0.67064
-0.583034
-0.493429
-0.40438
-0.318793
-0.241234
-0.17735
-0.140049
-0.176266
-0.248479
-0.302401
-0.327192
-0.319544
-0.31722
-0.316593
-0.316142
-0.315629
-0.866563
-0.835385
-0.775958
-0.698427
-0.614074
-0.528202
-0.443403
-0.362596
-0.29023
-0.23253
-0.197366
-0.230784
-0.280363
-0.321453
-0.352856
-0.333912
-0.327012
-0.326695
-0.326001
-0.325526
-0.878809
-0.85033
-0.794704
-0.72131
-0.641371
-0.560087
-0.480187
-0.404523
-0.337346
-0.285221
-0.25272
-0.277366
-0.302982
-0.325535
-0.319804
-0.327373
-0.331647
-0.332416
-0.332362
-0.332667
-0.880636
-0.856184
-0.805518
-0.737534
-0.663251
-0.587685
-0.513428
-0.443333
-0.38143
-0.334155
-0.298982
-0.319003
-0.334903
-0.352445
-0.345191
-0.340096
-0.336031
-0.334207
-0.33383
-0.333691
-0.869801
-0.850133
-0.806244
-0.745535
-0.678276
-0.60955
-0.541812
-0.477737
-0.421232
-0.378066
-0.338065
-0.350372
-0.359589
-0.413925
-0.389725
-0.35482
-0.340199
-0.335931
-0.334109
-0.333216
-0.844444
-0.829704
-0.795115
-0.744078
-0.685464
-0.624713
-0.564193
-0.506439
-0.455324
-0.415908
-0.369987
-0.349177
-0.316637
-0.316325
-0.309056
-0.312266
-0.319115
-0.322506
-0.32334
-0.323205
-0.807145
-0.797658
-0.772991
-0.733324
-0.684817
-0.632922
-0.579957
-0.528418
-0.48231
-0.446513
-0.411595
-0.352193
-0.250738
-0.157495
-0.20063
-0.264634
-0.305348
-0.323391
-0.330161
-0.332171
-0.764596
-0.7592
-0.744701
-0.716095
-0.678272
-0.634973
-0.58925
-0.543342
-0.500998
-0.467534
-0.438199
-0.396999
-0.360132
-0.349503
-0.404529
-0.429961
-0.419851
-0.415174
-0.417152
-0.419418
-0.726517
-0.723242
-0.716373
-0.697774
-0.668706
-0.632736
-0.593112
-0.551523
-0.510904
-0.478531
-0.455253
-0.46955
-0.554241
-0.65079
-0.624288
-0.560275
-0.543908
-0.546343
-0.541925
-0.543328
-0.699334
-0.697315
-0.693821
-0.682541
-0.659919
-0.629133
-0.593423
-0.553729
-0.512812
-0.474361
-0.451687
-0.449729
-0.53142
-0.665548
-0.860413
-0.959939
-0.984166
-0.930757
-0.813564
-0.776037
-0.678782
-0.678039
-0.676889
-0.671324
-0.65442
-0.626883
-0.592001
-0.552096
-0.507413
-0.459222
-0.425344
-0.392388
-0.399675
-0.452934
-0.538529
-0.592796
-0.583271
-0.547785
-0.44485
-0.407007
-0.666873
-0.666578
-0.66594
-0.663413
-0.65174
-0.62597
-0.590233
-0.548126
-0.498894
-0.444028
-0.394519
-0.3527
-0.254347
-0.0860401
0.0774152
0.238247
0.33692
0.384653
0.411106
0.422141
-0.659032
-0.65889
-0.65844
-0.657706
-0.650687
-0.626777
-0.58955
-0.543418
-0.489407
-0.424043
-0.355
-0.284082
-0.102467
0.197012
0.506417
0.775007
0.901622
0.944495
0.948116
0.944144
-0.65371
-0.653779
-0.653892
-0.654511
-0.650004
-0.629117
-0.590343
-0.540054
-0.479096
-0.404738
-0.317237
-0.22372
-0.0219835
0.259611
0.530899
0.758417
0.904337
0.985149
1.0353
1.05588
-0.64871
-0.648708
-0.648524
-0.64796
-0.646708
-0.631616
-0.592949
-0.538589
-0.471635
-0.390927
-0.291235
-0.193998
0.00905159
0.291637
0.565704
0.801333
0.970954
1.08284
1.15348
1.18127
-0.64577
-0.645887
-0.645886
-0.644993
-0.644215
-0.636003
-0.597463
-0.539893
-0.470202
-0.383467
-0.282919
-0.183247
-0.0120249
0.264783
0.555576
0.816155
1.02795
1.1632
1.23119
1.25149
-0.645033
-0.646232
-0.649683
-0.656712
-0.663674
-0.648611
-0.603993
-0.546337
-0.47618
-0.387109
-0.289362
-0.193064
-0.0650428
0.199455
0.469864
0.706002
0.903782
1.0273
1.08254
1.09639
-0.650619
-0.652106
-0.65384
-0.65342
-0.653895
-0.638541
-0.605715
-0.558508
-0.488637
-0.397889
-0.304818
-0.21285
-0.109614
0.0964047
0.326152
0.519911
0.675054
0.767188
0.806346
0.814895
-0.685003
-0.684689
-0.673297
-0.630488
-0.573673
-0.57005
-0.599774
-0.578123
-0.507386
-0.414583
-0.322494
-0.238214
-0.158668
-0.00664508
0.173934
0.321172
0.436688
0.501696
0.527657
0.531346
-0.741015
-0.738028
-0.730388
-0.700207
-0.670924
-0.661356
-0.674206
-0.622341
-0.533292
-0.431737
-0.341737
-0.268089
-0.207942
-0.0945819
0.0391757
0.147917
0.230762
0.274414
0.291559
0.292709
-0.859481
-0.872595
-0.917976
-0.973593
-0.988709
-0.951236
-0.856131
-0.703706
-0.565641
-0.447024
-0.356798
-0.291491
-0.244735
-0.162343
-0.0673781
0.011849
0.0653893
0.0943979
0.104121
0.104329
-1.0108
-1.03978
-1.09779
-1.14903
-1.16374
-1.11702
-0.972457
-0.760503
-0.583759
-0.451604
-0.36253
-0.305925
-0.267303
-0.207025
-0.145754
-0.0972482
-0.0648265
-0.0494867
-0.0443345
-0.0452069
-1.02418
-1.0455
-1.08574
-1.12254
-1.13316
-1.08603
-0.932373
-0.728455
-0.55926
-0.433953
-0.35335
-0.303857
-0.269108
-0.231564
-0.197651
-0.175426
-0.164323
-0.161006
-0.160282
-0.160613
-0.828843
-0.850173
-0.887311
-0.926403
-0.941694
-0.897926
-0.760564
-0.611341
-0.484578
-0.390277
-0.328386
-0.289294
-0.260138
-0.237791
-0.225352
-0.221656
-0.22465
-0.228705
-0.229316
-0.229154
-0.486979
-0.502718
-0.533005
-0.569482
-0.594139
-0.580733
-0.522609
-0.449786
-0.38334
-0.329901
-0.293401
-0.270009
-0.251699
-0.240303
-0.234597
-0.237452
-0.243421
-0.246991
-0.246924
-0.24669
-0.149028
-0.157784
-0.177974
-0.210799
-0.247791
-0.275747
-0.288873
-0.288482
-0.278788
-0.263734
-0.253877
-0.250528
-0.248162
-0.237133
-0.229918
-0.226759
-0.228031
-0.227847
-0.227011
-0.227134
0.0670601
0.0623066
0.0479511
0.0191768
-0.0252805
-0.0779024
-0.125784
-0.162806
-0.186955
-0.201121
-0.213427
-0.230205
-0.241311
-0.226641
-0.211221
-0.200702
-0.194819
-0.191512
-0.190755
-0.191484
0.155217
0.152182
0.141322
0.11691
0.0759965
0.0228253
-0.0323604
-0.0810296
-0.118638
-0.146625
-0.169748
-0.195167
-0.209324
-0.194479
-0.177863
-0.16726
-0.159806
-0.156606
-0.156498
-0.157478
0.168315
0.166193
0.158244
0.139783
0.107979
0.0652945
0.0176385
-0.0287819
-0.0687497
-0.100195
-0.123482
-0.14274
-0.150159
-0.143444
-0.137619
-0.133449
-0.130042
-0.128855
-0.129267
-0.130223
0.150131
0.148772
0.143387
0.130562
0.108006
0.0766884
0.0394314
0.00146017
-0.0330283
-0.0606839
-0.077636
-0.0849309
-0.0856528
-0.0897611
-0.0966824
-0.102582
-0.10589
-0.108002
-0.109184
-0.109989
0.122862
0.122102
0.118689
0.110263
0.09502
0.0731629
0.0459765
0.0171114
-0.0098079
-0.0299162
-0.0373671
-0.0332659
-0.0284088
-0.0436685
-0.0619069
-0.0761641
-0.0856313
-0.0909858
-0.0930911
-0.0936479
0.0947648
0.0945057
0.0925056
0.0872612
0.0774036
0.062762
0.0439234
0.0235618
0.00434498
-0.00867138
-0.009894
-0.000855467
0.00464201
-0.0141741
-0.0360465
-0.0534696
-0.0658602
-0.0731264
-0.0756773
-0.0759787
0.0689717
0.0688246
0.0677522
0.0646552
0.0585542
0.0492173
0.0368742
0.0234139
0.0109663
0.00392754
0.00698115
0.0163612
0.0190408
0.00197582
-0.0175635
-0.0333717
-0.0446061
-0.0514878
-0.053718
-0.0538625
0.0454646
0.04547
0.0449691
0.0433487
0.0399084
0.0343982
0.0269729
0.0188389
0.0116933
0.00896002
0.0145313
0.0241517
0.0259354
0.0106404
-0.00459137
-0.0155867
-0.0228812
-0.0273298
-0.0289166
-0.0291315
0.0240977
0.0241892
0.0240498
0.0233799
0.0218016
0.0191922
0.0155252
0.0114991
0.00808916
0.00760316
0.0137807
0.0238441
0.0254419
0.0123816
0.00267064
-0.00316842
-0.00644818
-0.00775353
-0.00868102
-0.00906658
0.00425281
0.00433044
0.00433165
0.00451185
0.00460251
0.00428812
0.00358123
0.00271252
0.00195415
0.00172285
0.00263496
0.00605074
0.0110518
0.00657741
0.00440156
0.0022315
0.000470513
-0.000782842
-0.000850082
-0.000843055
-0.0976812
0.0676158
0.26016
0.428123
0.561676
0.666032
0.751853
0.824995
0.858585
0.835388
0.200243
0.319608
0.447855
0.558391
0.651199
0.72769
0.789564
0.833557
0.855581
0.867814
0.41584
0.497569
0.585178
0.662331
0.728548
0.783908
0.827961
0.860204
0.883616
0.901705
0.574524
0.633116
0.693661
0.750024
0.798921
0.840475
0.874654
0.901979
0.924587
0.942952
0.698474
0.741014
0.786459
0.829723
0.867979
0.901417
0.930079
0.953979
0.97425
0.992123
0.801866
0.834407
0.872173
0.907382
0.939733
0.968763
0.994158
1.01553
1.03331
1.05068
0.89384
0.92234
0.956081
0.988019
1.0178
1.04484
1.06848
1.08813
1.10359
1.12067
0.982083
1.01117
1.04504
1.07696
1.10646
1.13297
1.15577
1.17421
1.18755
1.20458
1.07719
1.11032
1.14688
1.18039
1.21038
1.23651
1.25842
1.27567
1.28752
1.30491
1.19206
1.22984
1.26844
1.30264
1.33195
1.35666
1.37701
1.39288
1.40433
1.4224
1.33693
1.37544
1.41155
1.44222
1.46787
1.48995
1.50899
1.5245
1.53692
1.55491
1.51195
1.54357
1.56973
1.59216
1.61212
1.63083
1.64854
1.66501
1.68035
1.69841
1.70054
1.71774
1.73276
1.74898
1.76488
1.77941
1.79261
1.80653
1.82407
1.84422
1.88225
1.89178
1.90332
1.91412
1.9234
1.93298
1.94376
1.95512
1.96648
1.98183
2.08947
2.09313
2.07818
2.06338
2.0571
2.06276
2.08124
2.11155
2.14373
2.17038
2.39579
2.26093
2.18428
2.14189
2.12447
2.12843
2.15583
2.21225
2.31486
2.53923
0.718574
0.716447
0.711965
0.703344
0.691125
0.679004
0.668787
0.660909
0.655316
0.652096
0.651782
0.654559
0.659693
0.666938
0.67634
0.68789
0.700548
0.711588
0.717702
0.720758
0.643017
0.648865
0.6552
0.659697
0.662173
0.661857
0.659132
0.65534
0.651856
0.649632
0.649528
0.651766
0.655461
0.659773
0.663596
0.66549
0.664561
0.661086
0.655926
0.649305
0.634574
0.636871
0.640277
0.643278
0.64536
0.646866
0.647635
0.647338
0.646341
0.645497
0.645719
0.64719
0.64904
0.650371
0.650569
0.649692
0.648152
0.645823
0.642564
0.639646
0.629037
0.630123
0.631959
0.634343
0.636375
0.637813
0.63885
0.639624
0.640058
0.640324
0.640868
0.641725
0.642361
0.642456
0.642065
0.641231
0.639773
0.637698
0.635618
0.634237
0.623799
0.624462
0.625573
0.627284
0.629075
0.63072
0.632034
0.633076
0.633995
0.634836
0.635626
0.636235
0.636473
0.63634
0.635798
0.634762
0.633348
0.631816
0.630505
0.629727
0.618779
0.619239
0.620028
0.621334
0.622832
0.624364
0.62585
0.627178
0.628356
0.62947
0.630457
0.631092
0.63129
0.631057
0.63039
0.629423
0.628316
0.627197
0.62629
0.625774
0.613896
0.61424
0.614854
0.61593
0.617237
0.618628
0.620091
0.621571
0.622993
0.624341
0.625536
0.626307
0.626548
0.626322
0.62576
0.625013
0.624184
0.623335
0.622672
0.622296
0.609093
0.60936
0.609856
0.610774
0.611958
0.613275
0.614698
0.616226
0.617823
0.619422
0.620869
0.621834
0.622213
0.622153
0.621807
0.621284
0.620664
0.620046
0.619566
0.619279
0.604288
0.6045
0.604913
0.605722
0.606827
0.608099
0.609517
0.611098
0.612835
0.614683
0.616432
0.617675
0.618308
0.6185
0.618394
0.618099
0.617692
0.61727
0.616932
0.616707
0.599391
0.599561
0.599916
0.600652
0.601714
0.602968
0.604418
0.60609
0.607994
0.61011
0.61222
0.613839
0.614811
0.615304
0.615461
0.615406
0.615219
0.614975
0.614754
0.614576
0.594311
0.594449
0.594762
0.595455
0.596503
0.597784
0.599306
0.601112
0.603238
0.605681
0.608232
0.610317
0.611696
0.612539
0.612998
0.6132
0.613231
0.613162
0.613042
0.612899
0.588957
0.589067
0.589353
0.590027
0.591096
0.592451
0.59409
0.596085
0.5985
0.601356
0.60445
0.607096
0.608956
0.610205
0.611005
0.611489
0.611753
0.611859
0.611827
0.611711
0.583229
0.583316
0.583586
0.584266
0.585392
0.586863
0.588674
0.590926
0.59371
0.597086
0.600845
0.604165
0.606596
0.608317
0.609503
0.610318
0.610841
0.611115
0.611162
0.611067
0.577016
0.577082
0.577345
0.578054
0.579275
0.580909
0.582955
0.585545
0.588799
0.592821
0.597389
0.601519
0.60463
0.606905
0.60854
0.609725
0.610536
0.610993
0.611115
0.611036
0.570185
0.57023
0.570494
0.571255
0.57261
0.574464
0.57682
0.579839
0.583686
0.588505
0.594055
0.599158
0.603076
0.606009
0.608172
0.609777
0.610919
0.611574
0.61177
0.611704
0.56258
0.562602
0.562869
0.563704
0.565238
0.567376
0.570127
0.573693
0.57828
0.584077
0.59082
0.597086
0.601961
0.605668
0.608457
0.610562
0.612081
0.612951
0.613221
0.613164
0.553972
0.553985
0.554267
0.555202
0.556971
0.559455
0.562714
0.566969
0.572476
0.579474
0.587657
0.595312
0.60132
0.605937
0.609465
0.612174
0.614122
0.615225
0.615569
0.615519
0.544083
0.544066
0.544398
0.545478
0.547537
0.550482
0.554386
0.559504
0.566155
0.574626
0.584548
0.593852
0.601196
0.606887
0.611281
0.61469
0.617138
0.618497
0.618913
0.618865
0.532596
0.532554
0.532935
0.534208
0.536637
0.540176
0.544896
0.551106
0.559188
0.569468
0.581481
0.592734
0.601636
0.608583
0.613994
0.618207
0.621228
0.622858
0.623342
0.623291
0.519015
0.518947
0.519408
0.520934
0.523851
0.528159
0.533936
0.541547
0.551431
0.563939
0.578454
0.591991
0.602692
0.611079
0.617677
0.622817
0.626467
0.628373
0.628914
0.628854
0.502672
0.502575
0.503164
0.505046
0.508615
0.513955
0.521131
0.530569
0.542745
0.557996
0.57549
0.591668
0.604422
0.614443
0.622377
0.628564
0.632894
0.635064
0.63564
0.635565
0.482608
0.482485
0.483279
0.48568
0.49017
0.496941
0.506031
0.5179
0.533022
0.551648
0.572649
0.591835
0.606889
0.618727
0.628119
0.635465
0.640486
0.642876
0.643458
0.643359
0.457373
0.457235
0.458368
0.461575
0.467461
0.476329
0.488133
0.503311
0.522232
0.544978
0.570049
0.592593
0.610145
0.623952
0.634927
0.643487
0.649138
0.651664
0.652208
0.652078
0.424607
0.424492
0.426247
0.430855
0.439064
0.451211
0.466997
0.486717
0.510499
0.53819
0.56788
0.594066
0.61426
0.630131
0.642744
0.652504
0.658635
0.661162
0.661617
0.661452
0.380079
0.380135
0.383261
0.390793
0.403314
0.42081
0.442503
0.468345
0.498177
0.531629
0.566397
0.596399
0.619297
0.637243
0.651484
0.662302
0.66863
0.670972
0.671292
0.671095
0.315857
0.317104
0.324755
0.338818
0.359243
0.385254
0.415269
0.448913
0.485902
0.525762
0.565875
0.599727
0.62527
0.645213
0.660895
0.672421
0.67862
0.680539
0.680685
0.680472
0.239776
0.241612
0.256264
0.280436
0.311924
0.347976
0.387049
0.428973
0.473581
0.520429
0.566625
0.605099
0.63391
0.656271
0.673537
0.685646
0.69144
0.692993
0.693086
0.692953
0.161341
0.167679
0.189318
0.223868
0.265857
0.311666
0.35975
0.40999
0.462275
0.516179
0.568563
0.611711
0.643745
0.668441
0.687411
0.699489
0.704377
0.705408
0.705445
0.705383
0.0971413
0.105853
0.132098
0.173755
0.22397
0.278078
0.334276
0.392291
0.451892
0.512571
0.570839
0.618333
0.653284
0.679906
0.699662
0.711496
0.715961
0.716887
0.716967
0.716961
0.0449338
0.0542481
0.0840842
0.131031
0.187447
0.248244
0.3113
0.376177
0.442451
0.509466
0.573307
0.624899
0.662547
0.690891
0.711465
0.723318
0.727524
0.728352
0.728477
0.728524
0.00129207
0.0108888
0.043195
0.0941708
0.15568
0.222026
0.290899
0.361779
0.434068
0.506946
0.576056
0.63158
0.671841
0.701944
0.723458
0.735371
0.739408
0.740399
0.740567
0.740658
-0.0361603
-0.026462
0.00768574
0.061883
0.12761
0.198696
0.272649
0.34886
0.426611
0.504935
0.579055
0.638397
0.681251
0.713091
0.735535
0.747849
0.752123
0.753151
0.753329
0.753442
-0.0691183
-0.0594013
-0.0238487
0.0330651
0.102332
0.177512
0.255968
0.336989
0.419772
0.503216
0.582141
0.645204
0.690617
0.724221
0.747776
0.760682
0.765204
0.766304
0.766468
0.766564
-0.098889
-0.0891545
-0.0524567
0.00680092
0.0791056
0.157876
0.24035
0.325756
0.413209
0.501506
0.585073
0.651794
0.699752
0.735153
0.759811
0.773342
0.778158
0.779297
0.779437
0.779511
-0.126386
-0.116627
-0.0789512
-0.017623
0.057362
0.139322
0.225403
0.314812
0.406617
0.499542
0.587641
0.657976
0.708441
0.745556
0.771292
0.785413
0.790582
0.791764
0.791868
0.791914
-0.152198
-0.142389
-0.103822
-0.0407418
0.0366688
0.121484
0.210822
0.303897
0.399771
0.497128
0.589676
0.663605
0.716552
0.755337
0.782071
0.796711
0.802149
0.803356
0.803423
0.803434
-0.176823
-0.166907
-0.127454
-0.0628871
0.016729
0.104099
0.196388
0.292826
0.392507
0.494103
0.591035
0.66859
0.724015
0.764409
0.792057
0.807058
0.812628
0.813855
0.813896
0.813874
-0.200566
-0.190457
-0.150267
-0.0842354
-0.00266082
0.086991
0.181952
0.281472
0.384691
0.490348
0.591626
0.672875
0.730831
0.77278
0.801171
0.816393
0.822019
0.823195
0.8232
0.823145
-0.223543
-0.213248
-0.17239
-0.104932
-0.0216386
0.0700659
0.167424
0.269747
0.376249
0.485771
0.591361
0.676423
0.737018
0.780527
0.809517
0.824805
0.830321
0.83144
0.83141
0.831336
-0.245958
-0.235403
-0.193821
-0.125104
-0.040273
0.0532612
0.152763
0.257621
0.367145
0.48032
0.590159
0.679196
0.742642
0.787802
0.817268
0.832396
0.837685
0.838686
0.838613
0.838519
-0.267775
-0.256968
-0.21471
-0.144813
-0.0585908
0.0365655
0.137977
0.245102
0.357369
0.473951
0.587955
0.681143
0.747758
0.794764
0.824637
0.839375
0.844238
0.845048
0.844922
0.844812
-0.289058
-0.277982
-0.235009
-0.164057
-0.0765895
0.0199919
0.123085
0.232224
0.346949
0.466663
0.58469
0.682191
0.752377
0.801582
0.831914
0.845978
0.850108
0.850604
0.850411
0.850297
-0.309686
-0.298399
-0.254716
-0.182806
-0.0942401
0.00359478
0.108137
0.21904
0.335939
0.45849
0.580316
0.682253
0.75645
0.80838
0.839456
0.852645
0.855592
0.85548
0.855203
0.855123
-0.32979
-0.318187
-0.273835
-0.201053
-0.111525
-0.0125995
0.0932115
0.205617
0.32441
0.449488
0.574818
0.681207
0.75985
0.815171
0.847615
0.860085
0.861379
0.859996
0.859381
0.85939
-0.349219
-0.337327
-0.292348
-0.218768
-0.128373
-0.0285146
0.0783798
0.192065
0.312457
0.439707
0.568214
0.678925
0.762375
0.821791
0.856525
0.86913
0.868842
0.865379
0.863371
0.862886
-0.368042
-0.355874
-0.310209
-0.235909
-0.144758
-0.0440882
0.0637184
0.178455
0.300182
0.42927
0.56055
0.675273
0.76376
0.827878
0.865818
0.880101
0.879783
0.874372
0.868219
0.860623
-0.386184
-0.373786
-0.327514
-0.25263
-0.160884
-0.059583
0.048908
0.16441
0.287168
0.417715
0.551346
0.669767
0.763606
0.833241
0.875079
0.892711
0.894936
0.88867
0.877313
0.87304
-0.403599
-0.390987
-0.34425
-0.268909
-0.176766
-0.0749972
0.0339556
0.149904
0.273359
0.404908
0.540376
0.661973
0.761063
0.83708
0.882414
0.903123
0.907282
0.903237
0.864865
0.813387
-0.420016
-0.406696
-0.360271
-0.284678
-0.192509
-0.0904988
0.0187979
0.135046
0.258797
0.390884
0.527528
0.651566
0.754906
0.838665
0.885437
0.90302
0.906029
0.883414
0.825966
0.764461
-0.435738
-0.421616
-0.375541
-0.299265
-0.207588
-0.105618
0.00321194
0.119885
0.243627
0.37581
0.512811
0.638233
0.743776
0.838194
0.881555
0.913084
0.871541
0.818019
0.744692
0.677429
-0.421574
-0.403388
-0.352691
-0.272024
-0.173904
-0.0689727
0.0453595
0.165014
0.292293
0.429068
0.561559
0.676328
0.774524
0.872854
0.89985
0.813153
0.755564
0.684728
0.609299
0.560118
-0.445642
-0.429096
-0.393111
-0.321982
-0.230736
-0.129974
-0.0207918
0.0953491
0.218552
0.349877
0.485755
0.610577
0.715627
0.802363
0.875626
0.855145
0.724192
0.634018
0.566624
0.482693
-0.464858
-0.449244
-0.407586
-0.335077
-0.243344
-0.142998
-0.0349009
0.0803539
0.202674
0.332748
0.467267
0.590452
0.692621
0.76805
0.792341
0.704223
0.557035
0.456014
0.37753
0.288755
-0.484586
-0.472137
-0.425971
-0.352405
-0.260593
-0.159776
-0.0517059
0.0632831
0.184766
0.313442
0.445313
0.56408
0.65667
0.717911
0.691714
0.551906
0.394165
0.272588
0.171754
0.0356827
-0.507413
-0.494578
-0.446387
-0.37165
-0.279709
-0.178776
-0.0708447
0.0435895
0.164005
0.290842
0.41936
0.532466
0.615298
0.654988
0.591767
0.403016
0.217905
0.0624749
-0.0796478
-0.276547
-0.529216
-0.51676
-0.467456
-0.391461
-0.299132
-0.198272
-0.090761
0.0228215
0.141886
0.266443
0.391052
0.497639
0.572816
0.575633
0.462479
0.261016
0.0458254
-0.155379
-0.330986
-0.719421
-0.551124
-0.539033
-0.489265
-0.412371
-0.319728
-0.218879
-0.111811
0.000878875
0.118438
0.240407
0.360622
0.459631
0.522805
0.492745
0.337322
0.134148
-0.084631
-0.296673
-0.475635
-0.747518
-0.573966
-0.562027
-0.512075
-0.434651
-0.341818
-0.240979
-0.134325
-0.022525
0.0934368
0.212579
0.328014
0.418845
0.466437
0.418936
0.225359
0.0293591
-0.16952
-0.337372
-0.410222
-0.449277
-0.598228
-0.586417
-0.53627
-0.458588
-0.365769
-0.26513
-0.159058
-0.0483987
0.0656095
0.181387
0.291291
0.373556
0.403665
0.319992
0.125529
-0.0582778
-0.224299
-0.331701
-0.369833
-0.37881
-0.624118
-0.612326
-0.562019
-0.484199
-0.391526
-0.291288
-0.186034
-0.0767985
0.0348577
0.146724
0.250315
0.323809
0.326329
0.213137
0.0340326
-0.13572
-0.276521
-0.332475
-0.344537
-0.349415
-0.651822
-0.639952
-0.589407
-0.511506
-0.419094
-0.319458
-0.21526
-0.10777
0.00114357
0.10862
0.20517
0.268969
0.246496
0.113358
-0.0510643
-0.210377
-0.310549
-0.339346
-0.335556
-0.335642
-0.681056
-0.669381
-0.61841
-0.540479
-0.448442
-0.349601
-0.246727
-0.141303
-0.0355184
0.067091
0.156166
0.208084
0.176308
0.0218514
-0.127947
-0.267647
-0.308836
-0.321293
-0.32626
-0.326527
-0.711667
-0.699983
-0.648816
-0.570955
-0.479445
-0.381618
-0.280347
-0.177322
-0.0750644
0.0223172
0.103513
0.144091
0.105985
-0.0560064
-0.19527
-0.292445
-0.337903
-0.324668
-0.321649
-0.321314
-0.743137
-0.73144
-0.680321
-0.602619
-0.511818
-0.415265
-0.315894
-0.215618
-0.11728
-0.0253465
0.0477013
0.0795927
0.020987
-0.12347
-0.248734
-0.302242
-0.316676
-0.317457
-0.317517
-0.317241
-0.774731
-0.763099
-0.712048
-0.634928
-0.545107
-0.450132
-0.353015
-0.255839
-0.161785
-0.0754951
-0.0099544
0.00748308
-0.059132
-0.18067
-0.280887
-0.304188
-0.31104
-0.314528
-0.314369
-0.314255
-0.805232
-0.794038
-0.743227
-0.667095
-0.578629
-0.485617
-0.391145
-0.297433
-0.207947
-0.1276
-0.0676544
-0.0636437
-0.127725
-0.228837
-0.30045
-0.351589
-0.32584
-0.314917
-0.31259
-0.31208
-0.833186
-0.822485
-0.772723
-0.697869
-0.611451
-0.520882
-0.429526
-0.339664
-0.254928
-0.180656
-0.125138
-0.125772
-0.189819
-0.261699
-0.316774
-0.308987
-0.313147
-0.313961
-0.313438
-0.313029
-0.856904
-0.846889
-0.79864
-0.726073
-0.642342
-0.554839
-0.467165
-0.381601
-0.301747
-0.233275
-0.183071
-0.180849
-0.240298
-0.287973
-0.313463
-0.322667
-0.321711
-0.321909
-0.321047
-0.320453
-0.874048
-0.86494
-0.819051
-0.749779
-0.669791
-0.586256
-0.502888
-0.422122
-0.34734
-0.284262
-0.239781
-0.23212
-0.278453
-0.307091
-0.307771
-0.324693
-0.330123
-0.331306
-0.331148
-0.33061
-0.882595
-0.874272
-0.83188
-0.767076
-0.692031
-0.613621
-0.535444
-0.459941
-0.390546
-0.332531
-0.291956
-0.279005
-0.312841
-0.320506
-0.327248
-0.330786
-0.333222
-0.332606
-0.332781
-0.333068
-0.878119
-0.871377
-0.83548
-0.776118
-0.707413
-0.635405
-0.563418
-0.49386
-0.43009
-0.376877
-0.339129
-0.319799
-0.344223
-0.366915
-0.382599
-0.358425
-0.344745
-0.33821
-0.336036
-0.335192
-0.859543
-0.854903
-0.826845
-0.775589
-0.714675
-0.650363
-0.585569
-0.522575
-0.464627
-0.416396
-0.381568
-0.359942
-0.345019
-0.359117
-0.38298
-0.353222
-0.339166
-0.333589
-0.331284
-0.330111
-0.827337
-0.823999
-0.805047
-0.764534
-0.713315
-0.65793
-0.601121
-0.544998
-0.492868
-0.449348
-0.420756
-0.375772
-0.307172
-0.217374
-0.202353
-0.248312
-0.290263
-0.31139
-0.318413
-0.320639
-0.786188
-0.784067
-0.773332
-0.745102
-0.704451
-0.65861
-0.610039
-0.560694
-0.513746
-0.474197
-0.445867
-0.404629
-0.324309
-0.231816
-0.195611
-0.274345
-0.324716
-0.348631
-0.359252
-0.363281
-0.744671
-0.743418
-0.738105
-0.721702
-0.691722
-0.65425
-0.613274
-0.569928
-0.527037
-0.489442
-0.461681
-0.440981
-0.444871
-0.504943
-0.535789
-0.528887
-0.501086
-0.495782
-0.492727
-0.49162
-0.711566
-0.710908
-0.708216
-0.698842
-0.678076
-0.648125
-0.612763
-0.573646
-0.533043
-0.494033
-0.468801
-0.446666
-0.526178
-0.625175
-0.718454
-0.710926
-0.692959
-0.656182
-0.631674
-0.613917
-0.688214
-0.687507
-0.686094
-0.682338
-0.668077
-0.643281
-0.610859
-0.573642
-0.532077
-0.48865
-0.450925
-0.412233
-0.433824
-0.510181
-0.66477
-0.832407
-0.909573
-0.887478
-0.78576
-0.702679
-0.672237
-0.671983
-0.671381
-0.669453
-0.661686
-0.640745
-0.609515
-0.571321
-0.527373
-0.478208
-0.427504
-0.399478
-0.354685
-0.298223
-0.255578
-0.218924
-0.159979
-0.109823
-0.0551566
-0.00234625
-0.662521
-0.662451
-0.662075
-0.661399
-0.65776
-0.640378
-0.609078
-0.568369
-0.520914
-0.464967
-0.404301
-0.356736
-0.264747
-0.0531956
0.211646
0.490189
0.678709
0.742128
0.760908
0.754415
-0.656155
-0.656176
-0.656064
-0.655934
-0.654577
-0.641612
-0.610058
-0.566364
-0.51352
-0.45119
-0.375524
-0.296698
-0.167392
0.0944317
0.395408
0.670201
0.865804
0.963595
1.00214
1.0161
-0.651103
-0.651204
-0.651296
-0.651409
-0.650556
-0.642908
-0.612621
-0.566268
-0.508453
-0.43851
-0.351531
-0.255001
-0.116463
0.135936
0.412721
0.664585
0.853693
0.972002
1.05385
1.09941
-0.646793
-0.646863
-0.646698
-0.646059
-0.6454
-0.642213
-0.616907
-0.568535
-0.506446
-0.429786
-0.337577
-0.234311
-0.108464
0.143319
0.432544
0.703122
0.930959
1.09026
1.18744
1.23241
-0.645133
-0.645608
-0.646563
-0.648492
-0.650092
-0.649693
-0.624578
-0.573488
-0.509059
-0.430336
-0.336986
-0.231818
-0.128751
0.0925923
0.381363
0.652614
0.888627
1.06303
1.15896
1.1945
-0.644128
-0.645395
-0.647845
-0.654683
-0.665156
-0.664612
-0.63149
-0.580416
-0.519102
-0.439029
-0.344601
-0.247157
-0.164984
0.0250046
0.281451
0.51434
0.714515
0.858814
0.933466
0.958924
-0.663239
-0.664419
-0.66406
-0.652209
-0.628413
-0.607788
-0.60731
-0.588674
-0.535762
-0.453224
-0.359209
-0.268431
-0.18766
-0.0550761
0.150719
0.337551
0.491703
0.598447
0.650838
0.667852
-0.711208
-0.710173
-0.704543
-0.672117
-0.608511
-0.570566
-0.602392
-0.615687
-0.561586
-0.47227
-0.376166
-0.291972
-0.221401
-0.129001
0.029531
0.170061
0.284928
0.360518
0.395848
0.405611
-0.790264
-0.785159
-0.795355
-0.813776
-0.834613
-0.815156
-0.789836
-0.715935
-0.604679
-0.49338
-0.392791
-0.3143
-0.252783
-0.18876
-0.0717685
0.0323237
0.113128
0.16401
0.187452
0.194162
-0.946528
-0.949152
-0.992773
-1.06072
-1.10284
-1.08795
-1.01324
-0.832809
-0.654847
-0.510672
-0.402633
-0.328387
-0.275986
-0.228826
-0.146342
-0.0751603
-0.0220935
0.0102411
0.0241183
0.0272092
-1.04107
-1.05176
-1.09234
-1.14057
-1.17117
-1.15726
-1.06825
-0.862659
-0.661239
-0.506357
-0.398742
-0.331049
-0.286279
-0.248235
-0.19732
-0.156195
-0.128039
-0.11405
-0.108834
-0.107846
-0.948937
-0.957821
-0.989353
-1.02842
-1.05562
-1.04365
-0.947824
-0.76472
-0.597494
-0.466369
-0.375082
-0.317717
-0.280019
-0.249962
-0.22385
-0.206921
-0.199902
-0.19932
-0.200885
-0.2006
-0.664374
-0.675977
-0.703846
-0.74398
-0.777909
-0.775319
-0.702691
-0.589424
-0.480917
-0.395546
-0.334055
-0.294358
-0.266716
-0.24607
-0.234847
-0.231607
-0.236416
-0.242769
-0.244743
-0.244102
-0.304745
-0.312131
-0.330614
-0.360941
-0.39553
-0.417735
-0.410386
-0.384402
-0.34823
-0.313041
-0.284029
-0.266081
-0.254659
-0.244037
-0.235399
-0.233466
-0.236266
-0.24017
-0.240504
-0.239959
-0.021174
-0.0250437
-0.0359482
-0.0596644
-0.096911
-0.140818
-0.181331
-0.210005
-0.226902
-0.231437
-0.232134
-0.237004
-0.245089
-0.240703
-0.227423
-0.218551
-0.213941
-0.211608
-0.209878
-0.209679
0.125453
0.122922
0.115659
0.0965868
0.0611926
0.0100957
-0.0463382
-0.0964521
-0.135209
-0.162504
-0.182223
-0.203278
-0.226102
-0.222868
-0.204324
-0.189073
-0.179962
-0.174543
-0.172684
-0.173182
0.168606
0.167073
0.161859
0.147042
0.117997
0.0745235
0.0232415
-0.0283582
-0.0733411
-0.108438
-0.135019
-0.158982
-0.179377
-0.175738
-0.163798
-0.154191
-0.146862
-0.142762
-0.141806
-0.142581
0.161688
0.160788
0.15717
0.146596
0.125432
0.0929783
0.0526719
0.00945304
-0.0311297
-0.065456
-0.0910317
-0.108182
-0.117381
-0.116312
-0.116241
-0.116975
-0.117229
-0.11733
-0.117973
-0.118889
0.137031
0.136617
0.134305
0.127278
0.112842
0.0901305
0.0606545
0.0272731
-0.005406
-0.0332795
-0.0518336
-0.0579135
-0.0565177
-0.0600112
-0.0723756
-0.0839338
-0.09242
-0.0977035
-0.100396
-0.101406
0.108647
0.108605
0.10724
0.102845
0.09344
0.0781675
0.0576007
0.0335377
0.00923001
-0.0111009
-0.0218956
-0.0200537
-0.0102831
-0.0170663
-0.0377192
-0.0563914
-0.0704855
-0.0795945
-0.084067
-0.0851074
0.0814611
0.081462
0.0808097
0.0782337
0.0724051
0.0625789
0.0489059
0.0325242
0.0158858
0.00248546
-0.00222259
0.00421437
0.0137171
0.0061028
-0.0158955
-0.0350168
-0.0498285
-0.0595968
-0.0645443
-0.0654447
0.0568425
0.0569895
0.0566325
0.0552303
0.0518324
0.0458258
0.0372463
0.026823
0.0163325
0.00860193
0.00855127
0.0172557
0.0248861
0.0159727
-0.00254229
-0.0177776
-0.029255
-0.0368447
-0.0405418
-0.0413105
0.0344571
0.034624
0.0345166
0.0338911
0.0321563
0.0289495
0.0242026
0.0183761
0.0125677
0.00889401
0.0114722
0.0208247
0.0282073
0.0210282
0.00588428
-0.00479202
-0.0115253
-0.0155497
-0.0173688
-0.0180635
0.00431752
0.00431615
0.00439094
0.00459017
0.00450646
0.00398372
0.00314303
0.00227702
0.00176274
0.0020599
0.00380572
0.00893136
0.0114915
0.00546831
0.00307502
0.00134214
-0.000313017
-0.000864198
-0.000819941
-0.00275137
-1.1255
-0.452835
-0.00482024
0.252192
0.436175
0.57635
0.684161
0.770669
0.864427
0.955785
-0.0843481
0.108267
0.284119
0.432061
0.555313
0.655215
0.736161
0.802453
0.843681
0.847242
0.243757
0.357748
0.469438
0.568653
0.653683
0.725171
0.783669
0.828169
0.85686
0.874254
0.451184
0.528724
0.605564
0.675838
0.736948
0.789106
0.832068
0.865831
0.891591
0.910529
0.603585
0.656051
0.714409
0.76669
0.812567
0.852486
0.886424
0.914641
0.937809
0.954706
0.724285
0.76471
0.809893
0.849514
0.88631
0.919187
0.948015
0.972693
0.993371
1.00755
0.82605
0.860194
0.896822
0.930719
0.962634
0.991972
1.01809
1.04052
1.05908
1.07076
0.918595
0.949426
0.983124
1.01549
1.04602
1.07418
1.09916
1.12031
1.13719
1.14668
1.00914
1.04154
1.07669
1.11054
1.1417
1.16987
1.19433
1.21456
1.22996
1.23815
1.11082
1.14823
1.18641
1.22256
1.25452
1.28231
1.30568
1.32462
1.33872
1.34719
1.23756
1.27987
1.31899
1.35479
1.38514
1.41076
1.43226
1.44985
1.46332
1.47348
1.39898
1.4404
1.47406
1.50357
1.52806
1.54955
1.56911
1.5865
1.60123
1.61391
1.58932
1.62009
1.64131
1.66041
1.67845
1.69566
1.71185
1.72765
1.74415
1.76107
1.78712
1.79851
1.80954
1.82362
1.83789
1.85072
1.86207
1.87291
1.88581
1.90268
1.9729
1.9828
1.99143
1.99388
1.99474
1.99899
2.00978
2.02571
2.04332
2.04792
2.27392
2.21851
2.16768
2.12744
2.10504
2.10098
2.11448
2.14828
2.20471
2.28027
0.860791
0.802097
0.75962
0.725764
0.701111
0.683565
0.671065
0.66215
0.656059
0.652606
0.652252
0.655146
0.660611
0.668568
0.679504
0.694567
0.715584
0.744684
0.783451
0.831279
0.662335
0.671095
0.676632
0.677457
0.673979
0.66794
0.661517
0.656062
0.652247
0.650627
0.651835
0.655459
0.660763
0.667255
0.674034
0.679314
0.680945
0.677713
0.670382
0.662714
0.639357
0.641388
0.645994
0.649508
0.652024
0.653458
0.653178
0.651454
0.649283
0.647742
0.647793
0.649654
0.652403
0.655048
0.656546
0.656221
0.654375
0.651584
0.647539
0.643159
0.632426
0.633292
0.635778
0.638496
0.640511
0.641878
0.642873
0.643338
0.643215
0.642992
0.643382
0.644505
0.645631
0.646136
0.645851
0.645021
0.643623
0.641394
0.638763
0.636799
0.626746
0.627208
0.628606
0.630632
0.632577
0.634161
0.635315
0.636228
0.636972
0.637583
0.63826
0.638947
0.639307
0.639243
0.638795
0.63785
0.636359
0.634545
0.632908
0.631893
0.621527
0.621814
0.622734
0.624209
0.625841
0.627454
0.62889
0.630082
0.631132
0.632125
0.633016
0.633615
0.633815
0.633628
0.632998
0.631959
0.630689
0.629388
0.628311
0.627689
0.616515
0.616716
0.617407
0.618586
0.619977
0.621431
0.622918
0.624344
0.625649
0.626877
0.627963
0.628659
0.62887
0.628618
0.627981
0.62712
0.626163
0.625184
0.624411
0.623974
0.611637
0.611789
0.612339
0.613329
0.614567
0.615918
0.617359
0.618868
0.620386
0.621858
0.623173
0.624032
0.624326
0.624168
0.62371
0.623074
0.622352
0.621621
0.621055
0.620728
0.606812
0.606932
0.607382
0.608239
0.60938
0.610674
0.612091
0.613642
0.615308
0.617031
0.618622
0.619714
0.620206
0.620266
0.620039
0.619628
0.619112
0.618592
0.618188
0.617935
0.601947
0.602044
0.602425
0.603193
0.604273
0.605534
0.606965
0.608587
0.610401
0.612377
0.614298
0.615717
0.616509
0.616846
0.61687
0.616691
0.616392
0.616059
0.615783
0.615583
0.596951
0.59703
0.597361
0.598072
0.599123
0.600388
0.601872
0.603605
0.60561
0.60788
0.610199
0.61204
0.613205
0.613867
0.614173
0.61424
0.614163
0.614004
0.613835
0.613675
0.591729
0.591795
0.592092
0.592771
0.593825
0.595142
0.59672
0.598612
0.600873
0.603508
0.606317
0.60867
0.610278
0.611316
0.611945
0.612279
0.612426
0.61244
0.612365
0.612237
0.586187
0.586242
0.586517
0.58719
0.588282
0.589694
0.591416
0.59353
0.596117
0.599218
0.602627
0.605595
0.607726
0.609202
0.610195
0.610832
0.611221
0.611408
0.611416
0.611312
0.580218
0.580264
0.580529
0.581219
0.582386
0.583938
0.585863
0.588272
0.591276
0.594957
0.5991
0.602806
0.60556
0.607547
0.608957
0.60995
0.610603
0.610965
0.611051
0.610964
0.573701
0.573739
0.574001
0.574731
0.576011
0.577755
0.579952
0.582742
0.586275
0.590673
0.595708
0.600303
0.603797
0.606389
0.608286
0.609671
0.61063
0.611182
0.611343
0.611271
0.566489
0.566519
0.566787
0.567578
0.569013
0.57101
0.573558
0.576833
0.581028
0.586309
0.592427
0.598086
0.602459
0.605765
0.60824
0.610077
0.611386
0.612148
0.612383
0.612323
0.5584
0.558426
0.558711
0.559579
0.561215
0.563532
0.566528
0.570417
0.575437
0.581802
0.589231
0.596162
0.601576
0.605721
0.608879
0.611262
0.612974
0.61396
0.614269
0.614217
0.549193
0.549217
0.54953
0.550501
0.552397
0.555115
0.558686
0.563345
0.56939
0.577085
0.586097
0.594542
0.601189
0.606322
0.610282
0.613311
0.615487
0.61672
0.617103
0.617055
0.538554
0.538569
0.538921
0.540039
0.542265
0.545518
0.549812
0.555441
0.562764
0.572091
0.58301
0.59325
0.601342
0.607639
0.612539
0.616309
0.619026
0.620525
0.620979
0.620931
0.526096
0.526106
0.526501
0.527814
0.530473
0.53441
0.539631
0.546493
0.55542
0.566754
0.579962
0.592315
0.602084
0.609728
0.615731
0.620357
0.62368
0.625455
0.625974
0.62592
0.511248
0.511253
0.511711
0.513293
0.516528
0.521369
0.527802
0.536259
0.547215
0.561021
0.576962
0.591776
0.603473
0.612649
0.61993
0.625525
0.629508
0.631559
0.632125
0.63206
0.493225
0.493226
0.49378
0.495746
0.499778
0.505852
0.513912
0.524469
0.538021
0.554871
0.574048
0.591688
0.605565
0.616473
0.625144
0.631844
0.636523
0.638821
0.639411
0.639326
0.470839
0.470835
0.471556
0.474123
0.479328
0.487155
0.497478
0.510864
0.527761
0.548345
0.571309
0.592135
0.60842
0.621227
0.631427
0.639311
0.644663
0.647147
0.647723
0.64761
0.442302
0.442299
0.443312
0.446875
0.453948
0.464412
0.478005
0.495268
0.516472
0.541583
0.568897
0.593234
0.612099
0.626929
0.638749
0.64785
0.653777
0.656335
0.656848
0.656702
0.404505
0.404519
0.406173
0.411676
0.422067
0.436719
0.455171
0.477732
0.504384
0.534856
0.567035
0.595118
0.616671
0.633583
0.647058
0.657291
0.663593
0.666066
0.666465
0.666281
0.351504
0.351755
0.355537
0.365519
0.382096
0.403646
0.429171
0.458709
0.491994
0.528583
0.566002
0.597936
0.622183
0.64115
0.656201
0.667353
0.673721
0.675926
0.676172
0.675958
0.275553
0.277937
0.289024
0.308629
0.335553
0.366723
0.401267
0.439043
0.479796
0.523058
0.566063
0.602073
0.629178
0.650336
0.666996
0.678844
0.685052
0.686903
0.687016
0.686803
0.194749
0.201244
0.220933
0.250835
0.288614
0.329696
0.373297
0.41939
0.467846
0.518235
0.567557
0.608413
0.638904
0.662591
0.681024
0.693329
0.698833
0.700119
0.70014
0.7
0.125425
0.132314
0.158719
0.197363
0.244363
0.294536
0.346808
0.401025
0.457028
0.514359
0.569719
0.615074
0.648606
0.674389
0.693974
0.705936
0.710723
0.71176
0.711803
0.711704
0.0687615
0.075909
0.106397
0.151269
0.205142
0.26276
0.322519
0.384073
0.447091
0.51099
0.57208
0.621647
0.657975
0.685517
0.705834
0.717708
0.722153
0.723078
0.723153
0.723088
0.0217252
0.029183
0.0621883
0.111798
0.17112
0.234794
0.300853
0.36882
0.438172
0.50817
0.574678
0.62825
0.66721
0.696476
0.717694
0.729606
0.73383
0.734758
0.734869
0.734831
-0.0181092
-0.0104916
0.0242629
0.077427
0.141316
0.210111
0.28159
0.355202
0.430279
0.505922
0.577562
0.635007
0.676569
0.707573
0.729675
0.741918
0.746269
0.747101
0.74723
0.747211
-0.0527756
-0.0450651
-0.0090636
0.0470514
0.114734
0.187929
0.264189
0.342859
0.423167
0.504085
0.580628
0.641841
0.685977
0.718719
0.741829
0.754564
0.759155
0.760015
0.760135
0.760127
-0.0837841
-0.0759862
-0.0389769
0.0196537
0.0905558
0.16758
0.248091
0.331348
0.416506
0.502404
0.583665
0.648561
0.695249
0.729769
0.754008
0.767284
0.772142
0.773051
0.773159
0.773149
-0.112115
-0.104246
-0.0663864
-0.00557355
0.0681241
0.148528
0.232847
0.320294
0.409958
0.500592
0.586434
0.654968
0.704184
0.74046
0.765728
0.779639
0.784753
0.785761
0.785859
0.785845
-0.13856
-0.130597
-0.0919302
-0.029288
0.0469442
0.130367
0.21811
0.309388
0.403259
0.498422
0.588755
0.660886
0.712593
0.750557
0.77686
0.791335
0.796685
0.797796
0.797868
0.797836
-0.163597
-0.15552
-0.116092
-0.0518991
0.0266528
0.112778
0.203621
0.298414
0.39622
0.495718
0.590463
0.666198
0.720382
0.759983
0.787208
0.802152
0.80767
0.808838
0.808882
0.808827
-0.187624
-0.179388
-0.139146
-0.073631
0.00700336
0.0955429
0.189198
0.287211
0.388691
0.492339
0.591448
0.670839
0.727519
0.768701
0.796757
0.811966
0.817576
0.818759
0.818769
0.818689
-0.210815
-0.202421
-0.161615
-0.0946356
-0.0121722
0.0785338
0.17472
0.275675
0.380567
0.48818
0.591619
0.674759
0.734015
0.77674
0.805457
0.820781
0.826399
0.82754
0.827509
0.82741
-0.233358
-0.224773
-0.183339
-0.115063
-0.0309734
0.0616684
0.160125
0.263749
0.371798
0.48317
0.590894
0.677922
0.739909
0.784231
0.813482
0.828736
0.834197
0.835269
0.835203
0.835085
-0.255321
-0.246583
-0.204436
-0.135006
-0.049451
0.0449168
0.145399
0.251426
0.362349
0.477257
0.589196
0.680287
0.745275
0.791327
0.821005
0.835984
0.841115
0.842042
0.841936
0.841806
-0.276743
-0.267821
-0.225012
-0.15449
-0.0676171
0.0282792
0.13055
0.238717
0.352243
0.470432
0.586468
0.681794
0.750143
0.798197
0.828288
0.842732
0.847289
0.847973
0.847814
0.847673
-0.297589
-0.2885
-0.244995
-0.173493
-0.0854484
0.011779
0.115626
0.225672
0.341522
0.462695
0.582651
0.682363
0.754501
0.804993
0.835648
0.849291
0.852903
0.853157
0.852938
0.852811
-0.317838
-0.308569
-0.264392
-0.191997
-0.10292
-0.00452763
0.100679
0.21236
0.330241
0.454098
0.577712
0.681885
0.758261
0.811795
0.843461
0.856238
0.858413
0.85778
0.857384
0.857327
-0.337491
-0.32803
-0.283201
-0.209983
-0.119998
-0.0205806
0.0857864
0.198863
0.318484
0.444691
0.571661
0.680237
0.761253
0.818534
0.852004
0.864385
0.864824
0.862485
0.861454
0.861589
-0.356488
-0.346837
-0.301389
-0.227421
-0.136626
-0.0363346
0.0710224
0.185261
0.306351
0.434565
0.56451
0.677285
0.763248
0.824945
0.861191
0.874419
0.873837
0.869313
0.866333
0.865532
-0.374863
-0.365029
-0.318948
-0.244317
-0.152833
-0.0518056
0.0563659
0.171529
0.293821
0.423691
0.556195
0.67281
0.763954
0.830695
0.870544
0.886309
0.887028
0.881266
0.873397
0.858525
-0.392644
-0.382606
-0.335981
-0.260852
-0.168861
-0.0672893
0.0414486
0.157222
0.280366
0.411469
0.546093
0.666183
0.762736
0.835422
0.879164
0.898452
0.90208
0.893787
0.88446
0.840413
-0.410093
-0.399184
-0.352394
-0.276902
-0.184628
-0.0827
0.0264277
0.142541
0.266188
0.398064
0.534204
0.657128
0.758579
0.838193
0.88468
0.904542
0.907508
0.900441
0.848873
0.789623
-0.428192
-0.413713
-0.367957
-0.292316
-0.200347
-0.0982745
0.0110327
0.12748
0.251261
0.383444
0.52037
0.645265
0.750071
0.838638
0.884104
0.890594
0.894388
0.857784
0.791096
0.726849
-0.446054
-0.448726
-0.388744
-0.304773
-0.212742
-0.111064
-0.00410665
0.112703
0.236334
0.368396
0.505223
0.630788
0.736675
0.838102
0.846757
0.860697
0.833718
0.766977
0.690626
0.619923
-0.421997
-0.42063
-0.361678
-0.277971
-0.180848
-0.0759504
0.0359493
0.15546
0.282462
0.41885
0.550873
0.665398
0.761823
0.858817
0.863082
0.759045
0.671189
0.601129
0.526708
0.384681
-0.461943
-0.435946
-0.374123
-0.289542
-0.192881
-0.088026
0.0233169
0.142289
0.268495
0.403638
0.533618
0.645483
0.732817
0.795551
0.760877
0.624464
0.501222
0.41675
0.331579
0.170474
-0.485681
-0.454954
-0.392281
-0.308299
-0.211516
-0.106824
0.00475541
0.122999
0.247968
0.381018
0.507867
0.614388
0.692752
0.720372
0.637209
0.470107
0.328299
0.223083
0.107092
-0.124928
-0.50881
-0.475798
-0.411983
-0.327336
-0.230488
-0.125898
-0.0146613
0.102685
0.226164
0.356646
0.479276
0.578509
0.6451
0.637172
0.498518
0.308995
0.136233
-0.00691151
-0.167235
-0.546717
-0.530969
-0.497149
-0.432325
-0.346788
-0.249862
-0.14548
-0.0348951
0.0814149
0.203174
0.330659
0.448154
0.538942
0.586922
0.549307
0.363324
0.154494
-0.0593053
-0.238135
-0.484457
-1.02498
-0.552933
-0.519075
-0.453589
-0.36747
-0.270397
-0.166258
-0.056325
0.0588354
0.178631
0.302703
0.414437
0.49678
0.524585
0.436476
0.239383
0.0240341
-0.193003
-0.392998
-0.559361
-1.1399
-0.575835
-0.541919
-0.476066
-0.389629
-0.292448
-0.188528
-0.0792266
0.0347337
0.152394
0.272718
0.378311
0.450959
0.453528
0.322603
0.132452
-0.0726351
-0.260121
-0.388757
-0.422334
-0.468985
-0.600098
-0.566135
-0.500071
-0.413545
-0.316445
-0.212919
-0.104436
0.00802489
0.123117
0.238983
0.337997
0.397356
0.377583
0.217678
0.0355981
-0.144631
-0.289972
-0.351763
-0.374421
-0.380141
-0.62607
-0.591899
-0.525697
-0.439203
-0.342361
-0.239427
-0.132041
-0.0214175
0.0906734
0.201428
0.293126
0.337069
0.301749
0.119895
-0.0528716
-0.211073
-0.321031
-0.347657
-0.348792
-0.34917
-0.653843
-0.619361
-0.552993
-0.466594
-0.370165
-0.26806
-0.162044
-0.0535995
0.0550282
0.16012
0.243377
0.274632
0.207185
0.0302547
-0.133715
-0.273194
-0.32012
-0.334407
-0.335695
-0.3353
-0.683312
-0.64846
-0.581926
-0.495711
-0.39985
-0.298793
-0.194433
-0.0885288
0.0162104
0.115135
0.189378
0.206586
0.108573
-0.0525095
-0.202279
-0.31198
-0.325545
-0.325444
-0.326571
-0.32626
-0.714019
-0.678996
-0.612316
-0.526391
-0.431285
-0.331528
-0.229133
-0.126145
-0.0256679
0.0666871
0.132042
0.131487
0.0231577
-0.125571
-0.256912
-0.296168
-0.317923
-0.321127
-0.321434
-0.321188
-0.74562
-0.710284
-0.643812
-0.558338
-0.464218
-0.366041
-0.265934
-0.166233
-0.0703718
0.0153342
0.0711246
0.0591086
-0.0557858
-0.186071
-0.29282
-0.333399
-0.321448
-0.3179
-0.317351
-0.317116
-0.777182
-0.741874
-0.675872
-0.591061
-0.498212
-0.401941
-0.304479
-0.208423
-0.117539
-0.0381939
0.00655443
-0.00707472
-0.125813
-0.232126
-0.311828
-0.309066
-0.313384
-0.314336
-0.314327
-0.314165
-0.807713
-0.772926
-0.707374
-0.623838
-0.53263
-0.438659
-0.344224
-0.252127
-0.166534
-0.093323
-0.0556523
-0.0733328
-0.183113
-0.272281
-0.298972
-0.318781
-0.315623
-0.313373
-0.312263
-0.311881
-0.835628
-0.801813
-0.737469
-0.655614
-0.566583
-0.47539
-0.384429
-0.296594
-0.216373
-0.149344
-0.112477
-0.144145
-0.228115
-0.295803
-0.307685
-0.311878
-0.313977
-0.31369
-0.313236
-0.312711
-0.859244
-0.826888
-0.764438
-0.685144
-0.598941
-0.511108
-0.424127
-0.340889
-0.26592
-0.205186
-0.168864
-0.205128
-0.265317
-0.308222
-0.345527
-0.330362
-0.322258
-0.321422
-0.320738
-0.320137
-0.876267
-0.846048
-0.786348
-0.710711
-0.628324
-0.544607
-0.46217
-0.383908
-0.314115
-0.259302
-0.226349
-0.254752
-0.290977
-0.32501
-0.329562
-0.328598
-0.331091
-0.331331
-0.33076
-0.330625
-0.884372
-0.856819
-0.801325
-0.730452
-0.653112
-0.574544
-0.497356
-0.424416
-0.35987
-0.310271
-0.277565
-0.299087
-0.315715
-0.328113
-0.325929
-0.331586
-0.332435
-0.332668
-0.332925
-0.33323
-0.880616
-0.857345
-0.807546
-0.742616
-0.671718
-0.599438
-0.528327
-0.461181
-0.401964
-0.356832
-0.319331
-0.337133
-0.351423
-0.383547
-0.366821
-0.349842
-0.340033
-0.336844
-0.335521
-0.334923
-0.861693
-0.844369
-0.803173
-0.745923
-0.682878
-0.618041
-0.553831
-0.492882
-0.439123
-0.397841
-0.363647
-0.356685
-0.346096
-0.377028
-0.359498
-0.343291
-0.335441
-0.332283
-0.33059
-0.329724
-0.829203
-0.817251
-0.786831
-0.739791
-0.685973
-0.629716
-0.572938
-0.518331
-0.469828
-0.432514
-0.396921
-0.348339
-0.260659
-0.195613
-0.216258
-0.271751
-0.303242
-0.315713
-0.319947
-0.320782
-0.787794
-0.780376
-0.761404
-0.725753
-0.681965
-0.634667
-0.585408
-0.536785
-0.492863
-0.458437
-0.427683
-0.368161
-0.282075
-0.191157
-0.239954
-0.302455
-0.339031
-0.355038
-0.361864
-0.363979
-0.745883
-0.741695
-0.731563
-0.708074
-0.673663
-0.634316
-0.591807
-0.548346
-0.507154
-0.474524
-0.448664
-0.437396
-0.46658
-0.534252
-0.53409
-0.512818
-0.498502
-0.493748
-0.49221
-0.491405
-0.712283
-0.710077
-0.704773
-0.689821
-0.664072
-0.630795
-0.593659
-0.553406
-0.513029
-0.478886
-0.457847
-0.478146
-0.5741
-0.679978
-0.720949
-0.70193
-0.6757
-0.642975
-0.619575
-0.616852
-0.687915
-0.6869
-0.684929
-0.676696
-0.656764
-0.627845
-0.592931
-0.553387
-0.510681
-0.466815
-0.438038
-0.413844
-0.464407
-0.580256
-0.75745
-0.88391
-0.912086
-0.839403
-0.739471
-0.687498
-0.672167
-0.671703
-0.670925
-0.666916
-0.652752
-0.626252
-0.591151
-0.550208
-0.503166
-0.451885
-0.41185
-0.373646
-0.330032
-0.272589
-0.237524
-0.19246
-0.132859
-0.0838782
-0.0274537
0.00968993
-0.662514
-0.662301
-0.661702
-0.660358
-0.65113
-0.626008
-0.589808
-0.545429
-0.494167
-0.434627
-0.375306
-0.321584
-0.175127
0.0793192
0.350327
0.604904
0.718653
0.756212
0.757865
0.75328
-0.656182
-0.656134
-0.655948
-0.656045
-0.650297
-0.627687
-0.589498
-0.541212
-0.484269
-0.41363
-0.335037
-0.249974
-0.0519986
0.246389
0.538095
0.781742
0.925316
0.987559
1.01154
1.0184
-0.651158
-0.651242
-0.651369
-0.651616
-0.649097
-0.630217
-0.591105
-0.538949
-0.4748
-0.397456
-0.302401
-0.206097
0.000458405
0.274884
0.543693
0.769975
0.919394
1.01672
1.08195
1.10845
-0.646854
-0.646813
-0.646449
-0.645266
-0.643998
-0.633098
-0.594958
-0.538849
-0.470064
-0.385773
-0.284756
-0.186704
0.00294491
0.288282
0.57174
0.823703
1.01987
1.14568
1.21625
1.24048
-0.645363
-0.645979
-0.647457
-0.649428
-0.651012
-0.641384
-0.600986
-0.542625
-0.472242
-0.384147
-0.28463
-0.184813
-0.0367995
0.235508
0.521334
0.774657
0.986015
1.12027
1.18288
1.19976
-0.644812
-0.646304
-0.650489
-0.659776
-0.668382
-0.652255
-0.606759
-0.551821
-0.481652
-0.391662
-0.296437
-0.203197
-0.0886538
0.151356
0.402032
0.618634
0.795911
0.904039
0.950885
0.961811
-0.663973
-0.664614
-0.660293
-0.641437
-0.61822
-0.608735
-0.601009
-0.566771
-0.497116
-0.405806
-0.313503
-0.224198
-0.133195
0.0427873
0.248757
0.418319
0.552779
0.630471
0.662708
0.668575
-0.711111
-0.709336
-0.692684
-0.641574
-0.582775
-0.579111
-0.617097
-0.595126
-0.519509
-0.423221
-0.331981
-0.25348
-0.184192
-0.0525468
0.103457
0.230579
0.328771
0.382383
0.403288
0.405931
-0.787078
-0.787711
-0.804079
-0.827912
-0.827369
-0.799883
-0.763806
-0.66092
-0.549154
-0.439995
-0.350447
-0.280808
-0.228139
-0.13162
-0.0171015
0.0757282
0.142744
0.178512
0.191891
0.193081
-0.942666
-0.966919
-1.02631
-1.08706
-1.1037
-1.06043
-0.930837
-0.740216
-0.578606
-0.451457
-0.360903
-0.300287
-0.258238
-0.185961
-0.109185
-0.0462737
-0.00294675
0.0190587
0.0268672
0.0260403
-1.0419
-1.06878
-1.11708
-1.15934
-1.17207
-1.12525
-0.97383
-0.757272
-0.578128
-0.446122
-0.360293
-0.307055
-0.27035
-0.222311
-0.175212
-0.140743
-0.119375
-0.110688
-0.107944
-0.10848
-0.950503
-0.972034
-1.00892
-1.04484
-1.05637
-1.0097
-0.857407
-0.678171
-0.527163
-0.41504
-0.342499
-0.297489
-0.265112
-0.235763
-0.2141
-0.202333
-0.198965
-0.200371
-0.200776
-0.200917
-0.668766
-0.687743
-0.723136
-0.763136
-0.78292
-0.749371
-0.647275
-0.533354
-0.435443
-0.361332
-0.311832
-0.279916
-0.25543
-0.239571
-0.231953
-0.233222
-0.24021
-0.244302
-0.24449
-0.244138
-0.307697
-0.319715
-0.344715
-0.378547
-0.409255
-0.417168
-0.399442
-0.366366
-0.330549
-0.296919
-0.273742
-0.260058
-0.249504
-0.239464
-0.233257
-0.234403
-0.238657
-0.240626
-0.240171
-0.240108
-0.023013
-0.0291466
-0.0461076
-0.076765
-0.118635
-0.162272
-0.197072
-0.219879
-0.230246
-0.231519
-0.233717
-0.241467
-0.245968
-0.233627
-0.222931
-0.21555
-0.21276
-0.210553
-0.2096
-0.210022
0.124146
0.120369
0.107901
0.0810481
0.0372376
-0.0182249
-0.0724076
-0.117257
-0.149891
-0.172855
-0.191988
-0.215195
-0.229726
-0.214038
-0.195131
-0.18416
-0.17674
-0.17318
-0.172759
-0.173674
0.167852
0.165304
0.155941
0.13445
0.0977951
0.0494355
-0.00286202
-0.0518692
-0.0919135
-0.122523
-0.147028
-0.170504
-0.181547
-0.170458
-0.1585
-0.150253
-0.144341
-0.141961
-0.142078
-0.14304
0.161296
0.159576
0.152978
0.137467
0.110477
0.0736049
0.0310798
-0.0113109
-0.0491198
-0.0794805
-0.100481
-0.114018
-0.118327
-0.116143
-0.116606
-0.117278
-0.117176
-0.117633
-0.118394
-0.119297
0.13689
0.13586
0.131544
0.121092
0.10246
0.0761713
0.0441148
0.0106777
-0.0201357
-0.0440835
-0.0564673
-0.0576829
-0.05389
-0.0662124
-0.0783745
-0.0887311
-0.095396
-0.0993431
-0.101023
-0.101705
0.108663
0.108162
0.105541
0.0988522
0.0865189
0.0685275
0.0457581
0.0212986
-0.00166899
-0.0181779
-0.0223628
-0.0149809
-0.00885798
-0.026774
-0.0475137
-0.0641498
-0.0756401
-0.0824144
-0.0848703
-0.085292
0.08154
0.0812904
0.0798487
0.0757879
0.0679935
0.0562296
0.0408661
0.0241714
0.00852871
-0.00136279
-0.000146864
0.00949263
0.0138781
-0.004458
-0.0259789
-0.0430176
-0.0553464
-0.0627608
-0.0653055
-0.06552
0.0569553
0.0568618
0.0561345
0.053826
0.0491622
0.0418681
0.0321264
0.0215192
0.011912
0.0072993
0.0121962
0.0218161
0.0230253
0.00682168
-0.0106653
-0.0239266
-0.0336232
-0.0391563
-0.0411483
-0.0413341
0.0345654
0.0346198
0.0343102
0.0331745
0.0307563
0.0267718
0.0213316
0.0154102
0.0103161
0.00913426
0.0155629
0.0255754
0.0266714
0.0128955
0.000173609
-0.00864994
-0.0138081
-0.0166475
-0.0178169
-0.0181206
0.0141172
0.0142606
0.0142793
0.0141095
0.0135281
0.0123539
0.0105262
0.0081969
0.00587811
0.00489719
0.00702704
0.0144579
0.0217559
0.0155066
0.00677164
0.00118175
-0.00126894
-0.00196805
-0.00221724
-0.00289761
-0.744368
-0.183131
0.135595
0.348427
0.510288
0.632799
0.730064
0.813275
0.920787
0.919724
0.0568924
0.202652
0.361313
0.496939
0.608069
0.697644
0.771239
0.827489
0.850546
0.854908
0.31683
0.41497
0.520945
0.612909
0.691072
0.756045
0.807847
0.844345
0.867219
0.884452
0.501288
0.568849
0.641948
0.707518
0.76416
0.811749
0.850074
0.879528
0.902837
0.921626
0.63982
0.690301
0.74136
0.79041
0.833272
0.87019
0.901228
0.926755
0.948246
0.966648
0.752161
0.788997
0.829934
0.868388
0.903251
0.934104
0.960893
0.983447
1.00245
1.02026
0.848914
0.878889
0.914023
0.946958
0.977671
1.00546
1.0298
1.05024
1.06685
1.08423
0.937939
0.966273
0.999534
1.03101
1.06045
1.08711
1.11026
1.12928
1.14366
1.16079
1.02805
1.05894
1.09393
1.12646
1.1562
1.18259
1.205
1.22289
1.23542
1.25267
1.13147
1.16714
1.20499
1.23905
1.26895
1.29455
1.31572
1.33227
1.34381
1.36165
1.26048
1.29948
1.33758
1.3706
1.39849
1.422
1.44156
1.45702
1.46881
1.48706
1.42151
1.45752
1.48956
1.5163
1.53909
1.55955
1.57813
1.59414
1.60783
1.6257
1.60616
1.63119
1.65105
1.66953
1.68717
1.70389
1.71975
1.73573
1.75284
1.77198
1.79281
1.80365
1.81636
1.8309
1.8445
1.85657
1.86746
1.8788
1.8942
1.91363
1.97469
1.98812
1.99317
1.99419
1.99616
2.00351
2.01721
2.0348
2.04854
2.05988
2.24355
2.19296
2.14549
2.11391
2.10085
2.1054
2.12864
2.17369
2.24039
2.3345
0.717415
0.714407
0.70835
0.697428
0.684942
0.673639
0.664592
0.657853
0.653411
0.65155
0.652817
0.656836
0.663024
0.671326
0.68184
0.694167
0.706527
0.715243
0.719757
0.721924
0.645708
0.652357
0.657607
0.661229
0.662348
0.660721
0.65728
0.653506
0.650549
0.649273
0.650396
0.65347
0.657586
0.661832
0.664877
0.665418
0.663107
0.658735
0.652443
0.64662
0.63558
0.638543
0.64191
0.644404
0.646172
0.647365
0.647606
0.64688
0.645846
0.645434
0.646342
0.648122
0.649824
0.650636
0.65024
0.649003
0.647114
0.644253
0.640922
0.638635
0.629504
0.630929
0.633146
0.635425
0.637156
0.638363
0.63927
0.63988
0.640185
0.640543
0.641291
0.642101
0.642484
0.642314
0.641717
0.640596
0.638801
0.636589
0.634846
0.633761
0.624104
0.624923
0.626392
0.628175
0.629926
0.631416
0.632574
0.633544
0.634421
0.635244
0.635974
0.636404
0.636454
0.636131
0.635346
0.634092
0.632593
0.631089
0.630078
0.629411
0.619002
0.619557
0.620646
0.622069
0.623594
0.625116
0.626533
0.627777
0.628917
0.63
0.630834
0.631245
0.631233
0.630776
0.629935
0.628884
0.627747
0.626689
0.626007
0.625539
0.614066
0.614482
0.615353
0.616574
0.617919
0.61935
0.620831
0.622289
0.623673
0.624983
0.625993
0.626493
0.62649
0.626075
0.625405
0.624604
0.623745
0.622964
0.622467
0.622109
0.609226
0.609553
0.610273
0.611347
0.612601
0.61397
0.615447
0.617017
0.618623
0.620195
0.621434
0.622091
0.62223
0.622009
0.621565
0.62098
0.620343
0.61978
0.619412
0.619126
0.604393
0.604658
0.605272
0.606248
0.607445
0.608786
0.610284
0.611946
0.613747
0.615608
0.617143
0.618058
0.618451
0.618478
0.618266
0.617906
0.617474
0.617087
0.616815
0.616578
0.599474
0.599695
0.600236
0.601152
0.602317
0.603665
0.605223
0.607011
0.609027
0.611211
0.613123
0.614396
0.615109
0.615417
0.615455
0.615331
0.615096
0.614861
0.614666
0.614464
0.594376
0.594565
0.595057
0.595944
0.597113
0.598511
0.600169
0.602131
0.60442
0.606995
0.609374
0.611085
0.612176
0.612808
0.613125
0.613237
0.613204
0.613109
0.612976
0.612798
0.589007
0.589171
0.589635
0.590523
0.591738
0.593229
0.595036
0.597235
0.59987
0.602934
0.605881
0.608113
0.609647
0.610652
0.611281
0.611641
0.611825
0.611861
0.611779
0.611617
0.583266
0.583412
0.583865
0.584785
0.586087
0.587718
0.589736
0.592245
0.595319
0.59899
0.602625
0.60548
0.607534
0.608966
0.609949
0.61061
0.611008
0.611166
0.611128
0.610976
0.57704
0.577172
0.577632
0.578612
0.580044
0.581871
0.584172
0.587079
0.590707
0.595123
0.599589
0.603189
0.60586
0.60779
0.609178
0.610171
0.610811
0.611093
0.611093
0.610947
0.570195
0.570318
0.570798
0.571869
0.57348
0.575567
0.578234
0.581646
0.585964
0.591291
0.596762
0.601251
0.604652
0.607172
0.60903
0.610404
0.611311
0.611723
0.611759
0.611614
0.562581
0.562684
0.563198
0.564396
0.56624
0.56866
0.571793
0.575843
0.581014
0.587453
0.594134
0.599681
0.603944
0.607161
0.609582
0.611395
0.612603
0.61315
0.613218
0.61307
0.553954
0.554074
0.554631
0.555994
0.558126
0.560973
0.564699
0.569546
0.575771
0.583565
0.591698
0.598503
0.603782
0.607816
0.610915
0.613243
0.614787
0.615476
0.615574
0.615419
0.544047
0.544172
0.54482
0.54639
0.548901
0.552298
0.556771
0.562614
0.570143
0.579585
0.589455
0.597745
0.604224
0.60922
0.613109
0.616036
0.617962
0.6188
0.618923
0.618758
0.532541
0.532669
0.533436
0.535278
0.53827
0.542369
0.547787
0.554885
0.56403
0.575475
0.587415
0.597447
0.605324
0.61145
0.616244
0.619878
0.622223
0.623211
0.623354
0.623174
0.518938
0.519083
0.520012
0.522217
0.525833
0.530842
0.53748
0.546173
0.557332
0.571209
0.585597
0.597657
0.607137
0.614563
0.620421
0.624848
0.62764
0.628772
0.628925
0.628727
0.502566
0.502751
0.503914
0.506613
0.511065
0.517288
0.525531
0.53628
0.549962
0.566782
0.584037
0.598422
0.609727
0.618625
0.625676
0.630994
0.634243
0.635496
0.635644
0.635427
0.482467
0.482731
0.484247
0.487652
0.493271
0.501167
0.511578
0.525021
0.541874
0.562236
0.582807
0.599809
0.613149
0.623685
0.632033
0.638312
0.641991
0.643323
0.64345
0.643212
0.457188
0.457601
0.459677
0.464162
0.471525
0.481834
0.49526
0.512273
0.533109
0.557683
0.582019
0.601898
0.617438
0.629755
0.6395
0.646729
0.650755
0.652097
0.652181
0.651925
0.42437
0.425088
0.428149
0.434488
0.444662
0.458619
0.476333
0.498076
0.52384
0.553325
0.581831
0.604786
0.622638
0.636793
0.648001
0.656075
0.660287
0.661545
0.661565
0.661297
0.3798
0.381252
0.386425
0.396422
0.411498
0.431112
0.45488
0.48274
0.514433
0.549471
0.582444
0.60857
0.628774
0.644768
0.657379
0.666067
0.670205
0.671271
0.671215
0.670945
0.315598
0.320173
0.330994
0.348233
0.371666
0.399751
0.431601
0.466955
0.505443
0.546487
0.584052
0.613326
0.63581
0.653526
0.667265
0.676208
0.679971
0.680719
0.680588
0.680336
0.239298
0.247581
0.267334
0.295331
0.329485
0.367081
0.407579
0.450875
0.496663
0.54439
0.587342
0.620462
0.645752
0.665486
0.680385
0.689282
0.69257
0.693113
0.693024
0.692889
0.162775
0.176467
0.205501
0.244046
0.288356
0.335348
0.384498
0.43579
0.488942
0.543431
0.591851
0.628822
0.656844
0.678608
0.694481
0.702692
0.705152
0.705466
0.705409
0.705351
0.0991903
0.116786
0.151557
0.19802
0.250599
0.305834
0.362941
0.421791
0.482
0.542967
0.59653
0.637042
0.667463
0.69068
0.706678
0.714472
0.716645
0.716959
0.716964
0.716939
0.0470415
0.0667208
0.105996
0.158321
0.217366
0.279403
0.343391
0.409031
0.475762
0.542835
0.601271
0.645095
0.677695
0.702199
0.718574
0.726165
0.728127
0.728439
0.72851
0.728513
0.00337242
0.0243151
0.0669505
0.123931
0.188319
0.256052
0.325967
0.397634
0.470326
0.543113
0.606198
0.653208
0.687963
0.713825
0.730715
0.738065
0.740105
0.740515
0.740623
0.740662
-0.0341232
-0.0123896
0.0329182
0.0936733
0.162559
0.235213
0.310347
0.387426
0.465591
0.54375
0.611299
0.661442
0.69834
0.725547
0.743021
0.750677
0.75285
0.753276
0.753398
0.753459
-0.0671316
-0.0448558
0.0026135
0.0665438
0.139266
0.216227
0.29603
0.378039
0.461299
0.54456
0.616427
0.669642
0.708677
0.737322
0.755579
0.763675
0.765996
0.766419
0.766522
0.766591
-0.0968996
-0.0742451
-0.0249432
0.0417127
0.117774
0.198543
0.282555
0.369102
0.457138
0.545282
0.62136
0.677615
0.718797
0.748883
0.767933
0.776523
0.778967
0.779402
0.779474
0.779542
-0.124443
-0.101391
-0.0505216
0.0185453
0.0975652
0.181734
0.269557
0.360286
0.452823
0.545681
0.625903
0.685165
0.728426
0.75991
0.779767
0.788832
0.791433
0.791851
0.791886
0.791946
-0.150292
-0.126841
-0.0745393
-0.0034362
0.0782497
0.165468
0.256751
0.351349
0.448147
0.545573
0.629901
0.692151
0.737468
0.770271
0.790849
0.800291
0.803035
0.803426
0.803419
0.803461
-0.174917
-0.151007
-0.0975559
-0.0245212
0.0595382
0.149501
0.243942
0.342121
0.44294
0.54481
0.633236
0.698498
0.745836
0.779877
0.801085
0.810724
0.813542
0.81392
0.813871
0.813891
-0.198619
-0.174242
-0.119797
-0.0449292
0.0412428
0.13368
0.230987
0.33247
0.437078
0.543271
0.635833
0.704186
0.753547
0.788707
0.810339
0.820101
0.822901
0.823251
0.82315
0.823153
-0.221595
-0.196738
-0.141263
-0.0648132
0.023248
0.117901
0.2178
0.322318
0.430489
0.540873
0.637622
0.709199
0.760652
0.796853
0.818758
0.82845
0.831177
0.831464
0.831357
0.831333
-0.243954
-0.218616
-0.162099
-0.0842608
0.00549176
0.102125
0.204353
0.311632
0.423114
0.537538
0.638534
0.713543
0.767265
0.804494
0.826462
0.835921
0.838469
0.838687
0.838541
0.838507
-0.265701
-0.239912
-0.182416
-0.103308
-0.0120468
0.086338
0.190644
0.300414
0.414935
0.533215
0.638498
0.717216
0.773499
0.811824
0.833674
0.842656
0.844899
0.845012
0.844842
0.844793
-0.286892
-0.260634
-0.202217
-0.121951
-0.0293568
0.0705651
0.176708
0.28869
0.405977
0.527872
0.637446
0.720181
0.779432
0.819091
0.840687
0.848844
0.850562
0.850519
0.850314
0.850277
-0.307471
-0.280752
-0.221466
-0.140176
-0.0464128
0.0548594
0.162599
0.276524
0.396282
0.521501
0.635289
0.722349
0.785087
0.826534
0.847925
0.854878
0.855654
0.855312
0.855137
0.855102
-0.327473
-0.300237
-0.240171
-0.157946
-0.063162
0.0392728
0.148393
0.263999
0.385904
0.514134
0.631956
0.72358
0.790388
0.83431
0.85594
0.861527
0.860695
0.859563
0.859329
0.859465
-0.346805
-0.319102
-0.258298
-0.175232
-0.0795608
0.0238756
0.134156
0.25118
0.374941
0.505827
0.627391
0.723688
0.795136
0.842346
0.865179
0.869978
0.867092
0.864127
0.862974
0.863117
-0.365546
-0.337329
-0.275808
-0.191993
-0.0955423
0.00874524
0.120003
0.238194
0.363506
0.496655
0.621571
0.722462
0.799015
0.850228
0.87551
0.881208
0.877363
0.871331
0.865047
0.849035
-0.383635
-0.354907
-0.292838
-0.208432
-0.111394
-0.0064342
0.105534
0.224611
0.351122
0.486143
0.614023
0.719411
0.801803
0.857708
0.886454
0.895233
0.892638
0.884457
0.870369
0.885828
-0.401194
-0.371827
-0.309329
-0.224523
-0.12704
-0.0216081
0.0907497
0.210449
0.337771
0.47417
0.604497
0.713858
0.802685
0.863682
0.895041
0.906805
0.90606
0.894748
0.833891
0.819052
-0.418803
-0.388721
-0.325043
-0.239948
-0.141896
-0.0363285
0.0758638
0.195964
0.323729
0.460918
0.592937
0.705281
0.800488
0.867166
0.896481
0.907671
0.897699
0.858959
0.791671
0.751527
-0.43712
-0.406547
-0.339577
-0.254445
-0.155593
-0.0504615
0.0612659
0.181325
0.309066
0.446369
0.579137
0.69334
0.79257
0.866439
0.913205
0.882674
0.848941
0.780989
0.708143
0.664317
-0.0104221
0.106237
0.229746
0.361589
0.497869
0.622855
0.727995
0.546813
-0.456893
-0.438032
-0.3999
-0.328253
-0.236837
-0.136491
-0.0279703
0.0876073
0.210362
0.341081
0.476457
0.600904
0.705328
0.787082
0.838528
0.785585
0.636566
0.543918
0.472003
-0.473606
-0.460685
-0.416299
-0.343246
-0.251422
-0.150825
-0.0428033
0.0723019
0.194221
0.323632
0.456944
0.578158
0.67646
0.745348
0.739936
0.627572
0.477135
0.3669
0.275137
-0.495879
-0.483311
-0.436007
-0.361945
-0.270115
-0.169207
-0.0611511
0.053624
0.174612
0.302432
0.432695
0.548754
0.635895
0.68751
0.645416
0.477256
0.307161
0.170564
0.0502892
-0.518279
-0.505593
-0.456778
-0.381441
-0.289323
-0.188429
-0.0806883
0.0333451
0.153104
0.27885
0.405493
0.515432
0.595166
0.618089
0.527774
0.330793
0.130135
-0.0505504
-0.21858
-0.539885
-0.52772
-0.478168
-0.40173
-0.309256
-0.208403
-0.101129
0.011999
0.130325
0.253608
0.376057
0.479054
0.549014
0.532323
0.398401
0.194496
-0.0260109
-0.234047
-0.421818
-0.562089
-0.55021
-0.500405
-0.423278
-0.330534
-0.229667
-0.122797
-0.0105323
0.106273
0.2269
0.344832
0.43984
0.495434
0.45676
0.280001
0.0799881
-0.132426
-0.330959
-0.453777
-0.493739
-0.585601
-0.573869
-0.523859
-0.44638
-0.353563
-0.252794
-0.146409
-0.0351414
0.0798894
0.197422
0.310201
0.396868
0.4361
0.372753
0.174056
-0.0171888
-0.198618
-0.335143
-0.381784
-0.405421
-0.610556
-0.598956
-0.548794
-0.471146
-0.378413
-0.27796
-0.172255
-0.0622718
0.0506083
0.1645
0.271358
0.34946
0.366995
0.26561
0.079155
-0.0975053
-0.251137
-0.335121
-0.355493
-0.360818
-0.637272
-0.625673
-0.575331
-0.497592
-0.405074
-0.30512
-0.200356
-0.0919604
0.0183777
0.128116
0.228272
0.297427
0.285225
0.16264
-0.00931021
-0.175201
-0.296067
-0.340667
-0.34036
-0.341488
-0.665655
-0.654153
-0.603512
-0.525726
-0.433543
-0.334277
-0.230711
-0.124208
-0.0168106
0.0882948
0.181163
0.239595
0.209977
0.0659267
-0.0908703
-0.24496
-0.311731
-0.32958
-0.330687
-0.330423
-0.695555
-0.684061
-0.633237
-0.555465
-0.463735
-0.36538
-0.263266
-0.158993
-0.0549317
0.0451039
0.130314
0.176426
0.143001
-0.0179891
-0.164665
-0.280924
-0.330728
-0.323893
-0.323681
-0.323692
-0.726487
-0.714921
-0.664242
-0.586563
-0.495466
-0.398252
-0.297884
-0.196183
-0.0958377
-0.0011622
0.0760091
0.112578
0.0644296
-0.0910688
-0.224903
-0.305407
-0.321265
-0.319386
-0.319227
-0.318915
-0.757932
-0.746309
-0.695922
-0.618612
-0.528365
-0.432567
-0.334272
-0.235496
-0.139259
-0.0501194
0.0190717
0.044742
-0.0206379
-0.153362
-0.271036
-0.291627
-0.308728
-0.314914
-0.315457
-0.315226
-0.788919
-0.777332
-0.72746
-0.650943
-0.561869
-0.467832
-0.371978
-0.276478
-0.184686
-0.101335
-0.0387491
-0.0287476
-0.094103
-0.207221
-0.289526
-0.338228
-0.321224
-0.315428
-0.313442
-0.313007
-0.817662
-0.806883
-0.757923
-0.682537
-0.59517
-0.503327
-0.410341
-0.31849
-0.231371
-0.154078
-0.0961939
-0.0959471
-0.159291
-0.248461
-0.315762
-0.326278
-0.317832
-0.313601
-0.312155
-0.311665
-0.843358
-0.832885
-0.785899
-0.712182
-0.627184
-0.538082
-0.448486
-0.360702
-0.278393
-0.207089
-0.153881
-0.153896
-0.216878
-0.276424
-0.315811
-0.312815
-0.316254
-0.31689
-0.31635
-0.315924
-0.863369
-0.853567
-0.809072
-0.738462
-0.656556
-0.570943
-0.485319
-0.402085
-0.324736
-0.259021
-0.211571
-0.206946
-0.260205
-0.301714
-0.313396
-0.326997
-0.327394
-0.326907
-0.326358
-0.325703
-0.875734
-0.866994
-0.825786
-0.759236
-0.681627
-0.600519
-0.519633
-0.441421
-0.369293
-0.308791
-0.266334
-0.256094
-0.295819
-0.312895
-0.313155
-0.324024
-0.330097
-0.3323
-0.332385
-0.33244
-0.877853
-0.870752
-0.833981
-0.772745
-0.700644
-0.625277
-0.550063
-0.477447
-0.41085
-0.355246
-0.31579
-0.300103
-0.330265
-0.34334
-0.355134
-0.343884
-0.339069
-0.334892
-0.333932
-0.333762
-0.867882
-0.862188
-0.831277
-0.777132
-0.712164
-0.643763
-0.575258
-0.508927
-0.448051
-0.397287
-0.360661
-0.337189
-0.351143
-0.385189
-0.419648
-0.371088
-0.346225
-0.33759
-0.334839
-0.333614
-0.842658
-0.838652
-0.815178
-0.770996
-0.715171
-0.655039
-0.594159
-0.534603
-0.479574
-0.433731
-0.399655
-0.357635
-0.327762
-0.313546
-0.314769
-0.310936
-0.316237
-0.321259
-0.323071
-0.32337
-0.805519
-0.803036
-0.787785
-0.754585
-0.709768
-0.659036
-0.606322
-0.553668
-0.504238
-0.462764
-0.433116
-0.387094
-0.303725
-0.196472
-0.159657
-0.234653
-0.288863
-0.316336
-0.327642
-0.331546
-0.763162
-0.761572
-0.754036
-0.731781
-0.698179
-0.656915
-0.612193
-0.566033
-0.521248
-0.482973
-0.454675
-0.419612
-0.375092
-0.349806
-0.374083
-0.425078
-0.425508
-0.416265
-0.415985
-0.418361
-0.725511
-0.724483
-0.720996
-0.708782
-0.684283
-0.651229
-0.613253
-0.572289
-0.530783
-0.492895
-0.466967
-0.451495
-0.505928
-0.611343
-0.650754
-0.585103
-0.547502
-0.546981
-0.543539
-0.542753
-0.698721
-0.698162
-0.695854
-0.689794
-0.672449
-0.645338
-0.611747
-0.573945
-0.533102
-0.492393
-0.462453
-0.428671
-0.490181
-0.585929
-0.766992
-0.921946
-0.977531
-0.972563
-0.868183
-0.779452
-0.678923
-0.678495
-0.67761
-0.675249
-0.664512
-0.641759
-0.610005
-0.572633
-0.530117
-0.48401
-0.439097
-0.404322
-0.391363
-0.415738
-0.494114
-0.576281
-0.590808
-0.574714
-0.501967
-0.414206
-0.666907
-0.666768
-0.666328
-0.664817
-0.659583
-0.640328
-0.609159
-0.569917
-0.524495
-0.471863
-0.416225
-0.385006
-0.313362
-0.172096
-0.0051275
0.161721
0.298553
0.36333
0.39999
0.417275
-0.65902
-0.658996
-0.658733
-0.658487
-0.656158
-0.640904
-0.609449
-0.567445
-0.517393
-0.45799
-0.390263
-0.324197
-0.214028
0.0421927
0.351815
0.654589
0.853622
0.930248
0.947838
0.945323
-0.65367
-0.653742
-0.653826
-0.653972
-0.652804
-0.642467
-0.611414
-0.566356
-0.510513
-0.444599
-0.362494
-0.27363
-0.134847
0.116738
0.398897
0.652915
0.841773
0.949401
1.01389
1.04869
-0.648651
-0.648729
-0.648656
-0.648299
-0.647917
-0.642301
-0.614859
-0.56722
-0.507053
-0.433256
-0.342807
-0.241692
-0.108213
0.149282
0.432075
0.689997
0.894786
1.03236
1.12345
1.17184
-0.64567
-0.645838
-0.645913
-0.645673
-0.644871
-0.643583
-0.620285
-0.570283
-0.506898
-0.428828
-0.336025
-0.231143
-0.114019
0.121027
0.412221
0.690885
0.931175
1.10467
1.20455
1.24492
-0.644576
-0.64549
-0.647549
-0.652837
-0.660105
-0.659774
-0.629049
-0.576212
-0.513186
-0.43392
-0.33988
-0.237683
-0.149858
0.0607988
0.338833
0.592065
0.812508
0.975203
1.06174
1.09238
-0.64984
-0.651258
-0.653259
-0.653607
-0.653674
-0.649738
-0.623851
-0.584186
-0.526649
-0.445411
-0.351228
-0.257646
-0.175145
-0.0145309
0.21602
0.427404
0.604247
0.728886
0.791821
0.812628
-0.68474
-0.685002
-0.682003
-0.655351
-0.597221
-0.559188
-0.588107
-0.597533
-0.54704
-0.462384
-0.367729
-0.279864
-0.203817
-0.0934426
0.0883779
0.25092
0.384719
0.475119
0.518272
0.531897
-0.742319
-0.739609
-0.735694
-0.718579
-0.684711
-0.66231
-0.67261
-0.655812
-0.580509
-0.482669
-0.384703
-0.303949
-0.23812
-0.161224
-0.0241722
0.0963041
0.193822
0.256703
0.285744
0.292752
-0.862542
-0.861068
-0.89224
-0.948871
-0.988583
-0.974584
-0.915932
-0.779566
-0.63194
-0.503417
-0.39904
-0.322355
-0.265345
-0.21105
-0.112813
-0.0229225
0.0419572
0.0825262
0.101004
0.105586
-1.01285
-1.02037
-1.06612
-1.12686
-1.16289
-1.14804
-1.06597
-0.863606
-0.665966
-0.512426
-0.402784
-0.331543
-0.283159
-0.24038
-0.174992
-0.119646
-0.0788717
-0.0554398
-0.0460164
-0.0443082
-1.02127
-1.03182
-1.06528
-1.10616
-1.13299
-1.11925
-1.02802
-0.826921
-0.638169
-0.491067
-0.389581
-0.326256
-0.2849
-0.251052
-0.213296
-0.185009
-0.168737
-0.161902
-0.16066
-0.160152
-0.825638
-0.837092
-0.867517
-0.908073
-0.939194
-0.930542
-0.836407
-0.683942
-0.543426
-0.433588
-0.356141
-0.306889
-0.273607
-0.24772
-0.23051
-0.222224
-0.222593
-0.226888
-0.229416
-0.229015
-0.483455
-0.492895
-0.516243
-0.551559
-0.585128
-0.593724
-0.555438
-0.486839
-0.414596
-0.354898
-0.309749
-0.280602
-0.260257
-0.244803
-0.236767
-0.235384
-0.240175
-0.245819
-0.247206
-0.246614
-0.146672
-0.152122
-0.166344
-0.193101
-0.22973
-0.263945
-0.283571
-0.290273
-0.284836
-0.271317
-0.257921
-0.251714
-0.249764
-0.242967
-0.23228
-0.227879
-0.227195
-0.228212
-0.227377
-0.226906
0.0685029
0.0655096
0.0567345
0.0355972
-0.00130643
-0.0515105
-0.103262
-0.145909
-0.17666
-0.195002
-0.206934
-0.221327
-0.238569
-0.235522
-0.218901
-0.204965
-0.19742
-0.192885
-0.190856
-0.191036
0.156176
0.154281
0.148152
0.131153
0.0984657
0.050262
-0.00524442
-0.0580991
-0.101408
-0.133785
-0.158251
-0.182262
-0.205975
-0.20233
-0.185473
-0.172227
-0.163003
-0.157745
-0.156296
-0.156992
0.168875
0.167674
0.163283
0.150623
0.125558
0.087573
0.0416473
-0.00621196
-0.0499546
-0.0856849
-0.112518
-0.133938
-0.14886
-0.146062
-0.140063
-0.135504
-0.131505
-0.129173
-0.128916
-0.129779
0.150384
0.149744
0.146818
0.13813
0.120535
0.0932375
0.0585118
0.0201718
-0.0165381
-0.0479983
-0.0706113
-0.0816668
-0.0860384
-0.0873522
-0.0931547
-0.0999213
-0.10444
-0.107059
-0.108672
-0.109635
0.122916
0.122672
0.120884
0.115267
0.103541
0.0848232
0.0600721
0.0315175
0.00304367
-0.0210906
-0.0351834
-0.0367959
-0.0305906
-0.0352047
-0.0531561
-0.0695804
-0.0814213
-0.0887595
-0.0923593
-0.0934026
0.0947459
0.0947623
0.0938049
0.090404
0.0829609
0.0706381
0.0537521
0.0337498
0.0134345
-0.00330131
-0.0109006
-0.00631479
0.00396251
-0.00390501
-0.02566
-0.0453662
-0.0603068
-0.070089
-0.0748771
-0.0758546
0.0688605
0.0689558
0.068486
0.0665351
0.0620173
0.054272
0.0433468
0.0301514
0.0167483
0.00641163
0.00418528
0.0114441
0.0200789
0.0117315
-0.00839944
-0.0259514
-0.0395644
-0.0486074
-0.0530687
-0.0538287
0.0453572
0.0455158
0.0453144
0.0443499
0.041885
0.0373937
0.0308873
0.0229174
0.0148958
0.00941363
0.010717
0.0197294
0.0273293
0.0194752
0.00227459
-0.0105276
-0.0196641
-0.025409
-0.0284339
-0.0290861
0.0239995
0.0241611
0.0241635
0.0237969
0.0227142
0.0206294
0.0174679
0.0135171
0.00955591
0.0072366
0.00979997
0.0188358
0.0268416
0.0205621
0.00708425
-0.000769072
-0.00510736
-0.00724185
-0.0082922
-0.00895806
0.0142139
0.0142779
0.0142236
0.0138965
0.0130184
0.0115309
0.00938736
0.00699367
0.00519458
0.00542446
0.0100734
0.0191613
0.0218744
0.0101837
0.00334487
-0.000254521
-0.00183016
-0.00203651
-0.0024293
-0.000821061
-0.393242
-0.0543217
0.161191
0.347867
0.498063
0.616793
0.710688
0.790334
0.848695
0.843946
0.0974999
0.246986
0.385924
0.505365
0.606995
0.691303
0.76047
0.814296
0.84704
0.859051
0.355426
0.450209
0.542328
0.625156
0.696796
0.757584
0.807407
0.845505
0.872596
0.891283
0.532014
0.595169
0.661802
0.722884
0.775385
0.820616
0.858475
0.889093
0.913758
0.931553
0.666754
0.71236
0.763586
0.808711
0.849464
0.885292
0.916339
0.942603
0.964531
0.979918
0.776666
0.813686
0.853692
0.890093
0.923951
0.954682
0.981941
1.00535
1.0249
1.03766
0.873059
0.905063
0.939413
0.972303
1.00321
1.0317
1.05713
1.07883
1.0965
1.1069
0.963322
0.994351
1.02827
1.0613
1.09205
1.12013
1.14487
1.16557
1.1817
1.19024
1.05761
1.09225
1.12885
1.16409
1.19584
1.22395
1.24801
1.26767
1.28241
1.29034
1.17014
1.21038
1.24949
1.28619
1.31788
1.34487
1.36736
1.38554
1.39918
1.40823
1.3138
1.35642
1.394
1.42762
1.45556
1.47929
1.49986
1.51723
1.53105
1.54216
1.49154
1.52909
1.55707
1.58136
1.60235
1.6216
1.63982
1.65695
1.67282
1.68733
1.68915
1.71016
1.72504
1.74081
1.75707
1.77235
1.78605
1.7993
1.81478
1.83313
1.87973
1.88689
1.89742
1.90896
1.91886
1.92805
1.93828
1.94937
1.96098
1.96983
2.09273
2.0945
2.08657
2.07005
2.0589
2.05832
2.07047
2.09507
2.12918
2.15371
2.51238
2.31849
2.21743
2.15955
2.1304
2.12377
2.13897
2.17978
2.25564
2.39858
-0.421341
-0.425823
-0.38615
-0.313279
-0.22107
-0.119797
0.823773
0.887716
0.871453
0.783543
0.70476
0.628534
0.401527
0.182219
-0.0853159
-0.439023
-0.784404
)
;

boundaryField
{
    wall-4
    {
        type            zeroGradient;
    }
    pressure-outlet-7
    {
        type            fixedValue;
        value           uniform 0;
    }
    velocity-inlet-6
    {
        type            zeroGradient;
    }
    velocity-inlet-5
    {
        type            zeroGradient;
    }
    frontAndBackPlanes
    {
        type            empty;
    }
}


// ************************************************************************* //
