/*--------------------------------*- C++ -*----------------------------------*\
| =========                 |                                                 |
| \\      /  F ield         | OpenFOAM: The Open Source CFD Toolbox           |
|  \\    /   O peration     | Version:  4.0                                   |
|   \\  /    A nd           | Web:      www.OpenFOAM.org                      |
|    \\/     M anipulation  |                                                 |
\*---------------------------------------------------------------------------*/
FoamFile
{
    version     2.0;
    format      ascii;
    class       volScalarField;
    location    "0.003";
    object      T;
}
// * * * * * * * * * * * * * * * * * * * * * * * * * * * * * * * * * * * * * //

dimensions      [0 0 0 1 0 0 0];

internalField   nonuniform List<scalar> 
10000
(
348.432
348.432
348.432
348.432
348.432
348.432
348.432
348.432
348.432
348.432
348.432
348.432
348.432
348.432
348.432
348.432
348.432
348.432
348.432
348.432
348.432
348.432
348.432
348.432
348.432
348.432
348.432
348.432
348.432
348.432
348.432
348.432
348.432
348.432
348.432
348.432
348.432
348.432
348.432
348.432
348.432
348.432
348.432
348.432
348.432
348.432
348.432
348.432
348.432
348.432
348.432
348.432
348.432
348.432
348.432
348.432
348.432
348.432
348.432
348.432
348.432
348.432
348.432
348.432
348.432
348.432
348.432
348.432
348.432
348.432
348.432
348.432
348.432
348.432
348.432
348.432
348.432
348.432
348.432
348.432
348.432
348.432
348.432
348.432
348.432
348.432
348.432
348.432
348.432
348.432
348.432
348.432
348.432
348.432
348.432
348.432
348.432
348.432
348.432
348.432
348.432
348.432
348.432
348.432
348.432
348.432
348.432
348.432
348.432
348.432
348.432
348.432
348.432
348.432
348.432
348.432
348.432
348.432
348.432
348.432
348.432
348.432
348.432
348.432
348.432
348.432
348.432
348.432
348.432
348.432
348.432
348.432
348.432
348.432
348.432
348.432
348.432
348.432
348.432
348.432
348.432
348.432
348.432
348.432
348.432
348.432
348.432
348.432
348.432
348.432
348.432
348.432
348.432
348.432
348.432
348.432
348.432
348.432
348.432
348.432
348.432
348.432
348.432
348.432
348.432
348.432
348.432
348.432
348.432
348.432
348.432
348.432
348.432
348.432
348.432
348.432
348.432
348.432
348.432
348.432
348.432
348.432
348.432
348.432
348.432
348.432
348.432
348.432
348.432
348.432
348.432
348.432
348.432
348.432
348.432
348.432
348.432
348.432
348.432
348.432
348.432
348.432
348.432
348.432
348.432
348.432
348.432
348.432
348.432
348.432
348.432
348.432
348.432
348.432
348.432
348.432
348.432
348.432
348.432
348.432
348.432
348.432
348.432
348.432
348.432
348.432
348.432
348.432
348.432
348.432
348.432
348.432
348.432
348.432
348.432
348.432
348.432
348.432
348.432
348.432
348.432
348.432
348.432
348.432
348.432
348.432
348.432
348.432
348.432
348.432
348.432
348.432
348.432
348.432
348.432
348.432
348.432
348.432
348.432
348.432
348.432
348.432
348.432
348.432
348.432
348.432
348.432
348.432
348.432
348.432
348.432
348.432
348.432
348.432
348.432
348.432
348.432
348.432
348.432
348.432
348.432
348.432
348.432
348.432
348.432
348.432
348.432
348.432
348.432
348.432
348.432
348.432
348.432
348.432
348.432
348.432
348.432
348.432
348.432
348.432
348.432
348.432
348.432
348.432
348.432
348.432
348.432
348.432
348.432
348.432
348.432
348.432
348.432
348.432
348.432
348.432
348.432
348.432
348.432
348.432
348.432
348.432
348.432
348.432
348.432
348.432
348.432
348.432
348.432
348.432
348.432
348.432
348.432
348.432
348.432
348.432
348.432
348.432
348.432
348.432
348.432
348.432
348.432
348.432
348.432
348.432
348.432
348.432
348.432
348.432
348.432
348.432
348.432
348.432
348.432
348.432
348.432
348.432
348.432
348.432
348.432
348.432
348.432
348.432
348.432
348.432
348.432
348.432
348.432
348.432
348.432
348.432
348.432
348.432
348.432
348.432
348.432
348.432
348.432
348.432
348.432
348.432
348.432
348.432
348.432
348.432
348.432
348.432
348.432
348.432
348.432
348.432
348.432
348.432
348.432
348.432
348.432
348.432
348.432
348.432
348.432
348.432
348.432
348.432
348.432
348.432
348.432
348.432
348.432
348.432
348.432
348.432
348.432
348.432
348.432
348.432
348.432
348.432
348.432
348.432
348.432
348.432
348.432
348.432
348.432
348.432
348.432
348.432
348.432
348.432
348.432
348.432
348.432
348.432
348.432
348.432
348.432
348.432
348.432
348.432
348.432
348.432
348.432
348.432
348.432
348.432
348.432
348.432
348.432
348.432
348.432
348.432
348.432
348.432
348.432
348.432
348.432
348.432
348.432
348.432
348.432
348.432
348.432
348.432
348.432
348.432
348.432
348.432
348.432
348.432
348.432
348.432
348.432
348.432
348.432
348.432
348.432
348.432
348.432
348.432
348.432
348.432
348.432
348.432
348.432
348.432
348.432
348.432
348.432
348.432
348.432
348.432
348.432
348.432
348.432
348.432
348.432
348.432
348.432
348.432
348.432
348.432
348.432
348.432
348.432
348.432
348.432
348.432
348.432
348.432
348.432
348.432
348.432
348.432
348.432
348.432
348.432
348.432
348.432
348.432
348.432
348.432
348.432
348.432
348.432
348.432
348.432
348.432
348.432
348.432
348.432
348.432
348.432
348.432
348.432
348.432
348.432
348.432
348.432
348.432
348.432
348.432
348.432
348.432
348.432
348.432
348.432
348.432
348.432
348.432
348.432
348.432
348.432
348.432
348.432
348.432
348.432
348.432
348.432
348.432
348.432
348.432
348.432
348.432
348.432
348.432
348.432
348.432
348.432
348.432
348.432
348.432
348.432
348.432
348.432
348.432
348.432
348.432
348.432
348.432
348.432
348.432
348.432
348.432
348.432
348.432
348.432
348.432
348.432
348.432
348.432
348.432
348.432
348.432
348.432
348.432
348.432
348.432
348.432
348.432
348.432
348.432
348.432
348.432
348.432
348.432
348.432
348.432
348.432
348.432
348.432
348.432
348.432
348.432
348.432
348.432
348.432
348.432
348.432
348.432
348.432
348.432
348.432
348.432
348.432
348.432
348.432
348.432
348.432
348.432
348.432
348.432
348.432
348.432
348.432
348.432
348.432
348.432
348.432
348.432
348.432
348.432
348.432
348.432
348.432
348.432
348.432
348.432
348.432
348.432
348.432
348.432
348.432
348.432
348.432
348.432
348.432
348.432
348.432
348.432
348.432
348.432
348.432
348.432
348.432
348.432
348.432
348.432
348.432
348.432
348.432
348.432
348.432
348.432
348.432
348.432
348.432
348.432
348.432
348.432
348.432
348.432
348.432
348.432
348.432
348.432
348.432
348.432
348.432
348.432
348.432
348.432
348.432
348.432
348.432
348.432
348.432
348.432
348.432
348.432
348.432
348.432
348.432
348.432
348.432
348.432
348.432
348.432
348.432
348.432
348.432
348.432
348.432
348.432
348.432
348.432
348.432
348.432
348.432
348.432
348.432
348.432
348.432
348.432
348.432
348.432
348.432
348.432
348.432
348.432
348.432
348.432
348.432
348.432
348.432
348.432
348.432
348.432
348.432
348.432
348.432
348.432
348.432
348.432
348.432
348.432
348.432
348.432
348.432
348.432
348.432
348.432
348.432
348.432
348.432
348.432
348.432
348.432
348.432
348.432
348.432
348.432
348.432
348.432
348.432
348.432
348.432
348.432
348.432
348.432
348.432
348.432
348.432
348.432
348.432
348.432
348.432
348.432
348.432
348.432
348.432
348.432
348.432
348.432
348.432
348.432
348.432
348.432
348.432
348.432
348.432
348.432
348.432
348.432
348.432
348.432
348.432
348.432
348.432
348.432
348.432
348.432
348.432
348.432
348.432
348.432
348.432
348.432
348.432
348.432
348.432
348.432
348.432
348.432
348.432
348.432
348.432
348.432
348.432
348.432
348.432
348.432
348.432
348.432
348.432
348.432
348.432
348.432
348.432
348.432
348.432
348.432
348.432
348.432
348.432
348.432
348.432
348.432
348.432
348.432
348.432
348.432
348.432
348.432
348.432
348.432
348.432
348.432
348.432
348.432
348.432
348.432
348.432
348.432
348.432
348.432
348.432
348.432
348.432
348.432
348.432
348.432
348.432
348.432
348.432
348.432
348.432
348.432
348.432
348.432
348.432
348.432
348.432
348.432
348.432
348.432
348.432
348.432
348.432
348.432
348.432
348.432
348.432
348.432
348.432
348.432
348.432
348.432
348.432
348.432
348.432
348.432
348.432
348.432
348.432
348.432
348.432
348.432
348.432
348.432
348.432
348.432
348.432
348.432
348.432
348.432
348.432
348.432
348.432
348.432
348.432
348.432
348.432
348.432
348.432
348.432
348.432
348.432
348.432
348.432
348.432
348.432
348.432
348.432
348.432
348.432
348.432
348.432
348.432
348.432
348.432
348.432
348.432
348.432
348.432
348.432
348.432
348.432
348.432
348.432
348.432
348.432
348.432
348.432
348.432
348.432
348.432
348.432
348.432
348.432
348.432
348.432
348.432
348.432
348.432
348.432
348.432
348.432
348.432
348.432
348.432
348.432
348.432
348.432
348.432
348.432
348.432
348.432
348.432
348.432
348.432
348.432
348.432
348.432
348.432
348.432
348.432
348.432
348.432
348.432
348.432
348.432
348.432
348.432
348.432
348.432
348.432
348.432
348.432
348.432
348.432
348.432
348.432
348.432
348.432
348.432
348.432
348.432
348.432
348.432
348.432
348.432
348.432
348.432
348.432
348.432
348.432
348.432
348.432
348.432
348.432
348.432
348.432
348.432
348.432
348.432
348.432
348.432
348.432
348.432
348.432
348.432
348.432
348.432
348.432
348.432
348.432
348.432
348.432
348.432
348.432
348.432
348.432
348.432
348.432
348.432
348.432
348.432
348.432
348.432
348.432
348.432
348.432
348.432
348.432
348.432
348.432
348.432
348.432
348.432
348.432
348.432
348.432
348.432
348.432
348.432
348.432
348.432
348.432
348.432
348.432
348.432
348.432
348.432
348.432
348.432
348.432
348.432
348.432
348.432
348.432
348.432
348.432
348.432
348.432
348.432
348.432
348.432
348.432
348.432
348.432
348.432
348.432
348.432
348.432
348.432
348.432
348.432
348.432
348.432
348.432
348.432
348.432
348.432
348.432
348.432
348.432
348.432
348.432
348.432
348.432
348.432
348.432
348.432
348.432
348.432
348.432
348.432
348.432
348.432
348.432
348.432
348.432
348.432
348.432
348.432
348.432
348.432
348.432
348.432
348.432
348.432
348.432
348.432
348.432
348.432
348.432
348.432
348.432
348.432
348.432
348.432
348.432
348.432
348.432
348.432
348.432
348.432
348.432
348.432
348.432
348.432
348.432
348.432
348.432
348.432
348.432
348.432
348.432
348.432
348.432
348.432
348.432
348.432
348.432
348.432
348.432
348.432
348.432
348.432
348.432
348.432
348.432
348.432
348.432
348.432
348.432
348.432
348.432
348.432
348.432
348.432
348.432
348.432
348.432
348.432
348.432
348.432
348.432
348.432
348.432
348.432
348.432
348.432
348.432
348.432
348.432
348.432
348.432
348.432
348.432
348.432
348.432
348.432
348.432
348.432
348.432
348.432
348.432
348.432
348.432
348.432
348.432
348.432
348.432
348.432
348.432
348.432
348.432
348.432
348.432
348.432
348.432
348.432
348.432
348.432
348.432
348.432
348.432
348.432
348.432
348.432
348.432
348.432
348.432
348.432
348.432
348.432
348.432
348.432
348.432
348.432
348.432
348.432
348.432
348.432
348.432
348.432
348.432
348.432
348.432
348.432
348.432
348.432
348.432
348.432
348.432
348.432
348.432
348.432
348.432
348.432
348.432
348.432
348.432
348.432
348.432
348.432
348.432
348.432
348.432
348.432
348.432
348.432
348.432
348.432
348.432
348.432
348.432
348.432
348.432
348.432
348.432
348.432
348.432
348.432
348.432
348.432
348.432
348.432
348.432
348.432
348.432
348.432
348.432
348.432
348.432
348.432
348.432
348.432
348.432
348.432
348.432
348.432
348.432
348.432
348.432
348.432
348.432
348.432
348.432
348.432
348.432
348.432
348.432
348.432
348.432
348.432
348.432
348.432
348.432
348.432
348.432
348.432
348.432
348.432
348.432
348.432
348.432
348.432
348.432
348.432
348.432
348.432
348.432
348.432
348.432
348.432
348.432
348.432
348.432
348.432
348.432
348.432
348.432
348.432
348.432
348.432
348.432
348.432
348.432
348.432
348.432
348.432
348.432
348.432
348.432
348.432
348.432
348.432
348.432
348.432
348.432
348.432
348.432
348.432
348.432
348.432
348.432
348.432
348.432
348.432
348.432
348.432
348.432
348.432
348.432
348.432
348.432
348.432
348.432
348.432
348.432
348.432
348.432
348.432
348.432
348.432
348.432
348.432
348.432
348.432
348.432
348.432
348.432
348.432
348.432
348.432
348.432
348.432
348.432
348.432
348.432
348.432
348.432
348.432
348.432
348.432
348.432
348.432
348.432
348.432
348.432
348.432
348.432
348.432
348.432
348.432
348.432
348.432
348.432
348.432
348.432
348.432
348.432
348.432
348.432
348.432
348.432
348.432
348.432
348.432
348.432
348.432
348.432
348.432
348.432
348.432
348.432
348.432
348.432
348.432
348.432
348.432
348.432
348.432
348.432
348.432
348.432
348.432
348.432
348.432
348.432
348.432
348.432
348.432
348.432
348.432
348.432
348.432
348.432
348.432
348.432
348.432
348.432
348.432
348.432
348.432
348.432
348.432
348.432
348.432
348.432
348.432
348.432
348.432
348.432
348.432
348.432
348.432
348.432
348.432
348.432
348.432
348.432
348.432
348.432
348.432
348.432
348.432
348.432
348.432
348.432
348.432
348.432
348.432
348.432
348.432
348.432
348.432
348.432
348.432
348.432
348.432
348.432
348.432
348.432
348.432
348.432
348.432
348.432
348.432
348.432
348.432
348.432
348.432
348.432
348.432
348.432
348.432
348.432
348.432
348.432
348.432
348.432
348.432
348.432
348.432
348.432
348.432
348.432
348.432
348.432
348.432
348.432
348.432
348.432
348.432
348.432
348.432
348.432
348.432
348.432
348.432
348.432
348.432
348.432
348.432
348.432
348.432
348.432
348.432
348.432
348.432
348.432
348.432
348.432
348.432
348.432
348.432
348.432
348.432
348.432
348.432
348.432
348.432
348.432
348.432
348.432
348.432
348.432
348.432
348.432
348.432
348.432
348.432
348.432
348.432
348.432
348.432
348.432
348.432
348.432
348.432
348.432
348.432
348.432
348.432
348.432
348.432
348.432
348.432
348.432
348.432
348.432
348.432
348.432
348.432
348.432
348.432
348.432
348.432
348.432
348.432
348.432
348.432
348.432
348.432
348.432
348.432
348.432
348.432
348.432
348.432
348.432
348.432
348.432
348.432
348.432
348.432
348.432
348.432
348.432
348.432
348.432
348.432
348.432
348.432
348.432
348.432
348.432
348.432
348.432
348.432
348.432
348.432
348.432
348.432
348.432
348.432
348.432
348.432
348.432
348.432
348.432
348.432
348.432
348.432
348.432
348.432
348.432
348.432
348.432
348.432
348.432
348.432
348.432
348.432
348.432
348.432
348.432
348.432
348.432
348.432
348.432
348.432
348.432
348.432
348.432
348.432
348.432
348.432
348.432
348.432
348.432
348.432
348.432
348.432
348.432
348.432
348.432
348.432
348.432
348.432
348.432
348.432
348.432
348.432
348.432
348.432
348.432
348.432
348.432
348.432
348.432
348.432
348.432
348.432
348.432
348.432
348.432
348.432
348.432
348.432
348.432
348.432
348.432
348.432
348.432
348.432
348.432
348.432
348.432
348.432
348.432
348.432
348.432
348.432
348.432
348.432
348.432
348.432
348.432
348.432
348.432
348.432
348.432
348.432
348.432
348.432
348.432
348.432
348.432
348.432
348.432
348.432
348.432
348.432
348.432
348.432
348.432
348.432
348.432
348.432
348.432
348.432
348.432
348.432
348.432
348.432
348.432
348.432
348.432
348.432
348.432
348.432
348.432
348.432
348.432
348.432
348.432
348.432
348.432
348.432
348.432
348.432
348.432
348.432
348.432
348.432
348.432
348.432
348.432
348.432
348.432
348.432
348.432
348.432
348.432
348.432
348.432
348.432
348.432
348.432
348.432
348.432
348.432
348.432
348.432
348.432
348.432
348.432
348.432
348.432
348.432
348.432
348.432
348.432
348.432
348.432
348.432
348.432
348.432
348.432
348.432
348.432
348.432
348.432
348.432
348.432
348.432
348.432
348.432
348.432
348.432
348.432
348.432
348.432
348.432
348.432
348.432
348.432
348.432
348.432
348.432
348.432
348.432
348.432
348.432
348.432
348.432
348.432
348.432
348.432
348.432
348.432
348.432
348.432
348.432
348.432
348.432
348.432
348.432
348.432
348.432
348.432
348.432
348.432
348.432
348.432
348.432
348.432
348.432
348.432
348.432
348.432
348.432
348.432
348.432
348.432
348.432
348.432
348.432
348.432
348.432
348.432
348.432
348.432
348.432
348.432
348.432
348.432
348.432
348.432
348.432
348.432
348.432
348.432
348.432
348.432
348.432
348.432
348.432
348.432
348.432
348.432
348.432
348.432
348.432
348.432
348.432
348.432
348.432
348.432
348.432
348.432
348.432
348.432
348.432
348.432
348.432
348.432
348.432
348.432
348.432
348.432
348.432
348.432
348.432
348.432
348.432
348.432
348.432
348.432
348.432
348.432
348.432
348.432
348.432
348.432
348.432
348.432
348.432
348.432
348.432
348.432
348.432
348.432
348.432
348.432
348.432
348.432
348.432
348.432
348.432
348.432
348.432
348.432
348.432
348.432
348.432
348.432
348.432
348.432
348.432
348.432
348.432
348.432
348.432
348.432
348.432
348.432
348.432
348.432
348.432
348.432
348.432
348.432
348.432
348.432
348.432
348.432
348.432
348.432
348.432
348.432
348.432
348.432
348.432
348.432
348.432
348.432
348.432
348.432
348.432
348.432
348.432
348.432
348.432
348.432
348.432
348.432
348.432
348.432
348.432
348.432
348.432
348.432
348.432
348.432
348.432
348.432
348.432
348.432
348.432
348.432
348.432
348.432
348.432
348.432
348.432
348.432
348.432
348.432
348.432
348.432
348.432
348.432
348.432
348.432
348.432
348.432
348.432
348.432
348.432
348.432
348.432
348.432
348.432
348.432
348.432
348.432
348.432
348.432
348.432
348.432
348.432
348.432
348.432
348.432
348.432
348.432
348.432
348.432
348.432
348.432
348.432
348.432
348.432
348.432
348.432
348.432
348.432
348.432
348.432
348.432
348.432
348.432
348.432
348.432
348.432
348.432
348.432
348.432
348.432
348.432
348.432
348.432
348.432
348.432
348.432
348.432
348.432
348.432
348.432
348.432
348.432
348.432
348.432
348.432
348.432
348.432
348.432
348.432
348.432
348.432
348.432
348.432
348.432
348.432
348.432
348.432
348.432
348.432
348.432
348.432
348.432
348.432
348.432
348.432
348.432
348.432
348.432
348.432
348.432
348.432
348.432
348.432
348.432
348.432
348.432
348.432
348.432
348.432
348.432
348.432
348.432
348.432
348.432
348.432
348.432
348.432
348.432
348.432
348.432
348.432
348.432
348.432
348.432
348.432
348.432
348.432
348.432
348.432
348.432
348.432
348.432
348.432
348.432
348.432
348.432
348.432
348.432
348.432
348.432
348.432
348.432
348.432
348.432
348.432
348.432
348.432
348.432
348.432
348.432
348.432
348.432
348.432
348.432
348.432
348.432
348.432
348.432
348.432
348.432
348.432
348.432
348.432
348.432
348.432
348.432
348.432
348.432
348.432
348.432
348.432
348.432
348.432
348.432
348.432
348.432
348.432
348.432
348.432
348.432
348.432
348.432
348.432
348.432
348.432
348.432
348.432
348.432
348.432
348.432
348.432
348.432
348.432
348.432
348.432
348.432
348.432
348.432
348.432
348.432
348.432
348.432
348.432
348.432
348.432
348.432
348.432
348.432
348.432
348.432
348.432
348.432
348.432
348.432
348.432
348.432
348.432
348.432
348.432
348.432
348.432
348.432
348.432
348.432
348.432
348.432
348.432
348.432
348.432
348.432
348.432
348.432
348.432
348.432
348.432
348.432
348.432
348.432
348.432
348.432
348.432
348.432
348.432
348.432
348.432
348.432
348.432
348.432
348.432
348.432
348.432
348.432
348.432
348.432
348.432
348.432
348.432
348.432
348.432
348.432
348.432
348.432
348.432
348.432
348.432
348.432
348.432
348.432
348.432
348.432
348.432
348.432
348.432
348.432
348.432
348.432
348.432
348.432
348.432
348.432
348.432
348.432
348.432
348.432
348.432
348.432
348.432
348.432
348.432
348.432
348.432
348.432
348.432
348.432
348.432
348.432
348.432
348.432
348.432
348.432
348.432
348.432
348.432
348.432
348.432
348.432
348.432
348.432
348.432
348.432
348.432
348.432
348.432
348.432
348.432
348.432
348.432
348.432
348.432
348.432
348.432
348.432
348.432
348.432
348.432
348.432
348.432
348.432
348.432
348.432
348.432
348.432
348.432
348.432
348.432
348.432
348.432
348.432
348.432
348.432
348.432
348.432
348.432
348.432
348.432
348.432
348.432
348.432
348.432
348.432
348.432
348.432
348.432
348.432
348.432
348.432
348.432
348.432
348.432
348.432
348.432
348.432
348.432
348.432
348.432
348.432
348.432
348.432
348.432
348.432
348.432
348.432
348.432
348.432
348.432
348.432
348.432
348.432
348.432
348.432
348.432
348.432
348.432
348.432
348.432
348.432
348.432
348.432
348.432
348.432
348.432
348.432
348.432
348.432
348.432
348.432
348.432
348.432
348.432
348.432
348.432
348.432
348.432
348.432
348.432
348.432
348.432
348.432
348.432
348.432
348.432
348.432
348.432
348.432
348.432
348.432
348.432
348.432
348.432
348.432
348.432
348.432
348.432
348.432
348.432
348.432
348.432
348.432
348.432
348.432
348.432
348.432
348.432
348.432
348.432
348.432
348.432
348.432
348.432
348.432
348.432
348.432
348.432
348.432
348.432
348.432
348.432
348.432
348.432
348.432
348.432
348.432
348.432
348.432
348.432
348.432
348.432
348.432
348.432
348.432
348.432
348.432
348.432
348.432
348.432
348.432
348.432
348.432
348.432
348.432
348.432
348.432
348.432
348.432
348.432
348.432
348.432
348.432
348.432
348.432
348.432
348.432
348.432
348.432
348.432
348.432
348.432
348.432
348.432
348.432
348.432
348.432
348.432
348.432
348.432
348.432
348.432
348.432
348.432
348.432
348.432
348.432
348.432
348.432
348.432
348.432
348.432
348.432
348.432
348.432
348.432
348.432
348.432
348.432
348.432
348.432
348.432
348.432
348.432
348.432
348.432
348.432
348.432
348.432
348.432
348.432
348.432
348.432
348.432
348.432
348.432
348.432
348.432
348.432
348.432
348.432
348.432
348.432
348.432
348.432
348.432
348.432
348.432
348.432
348.432
348.432
348.432
348.432
348.432
348.432
348.432
348.432
348.432
348.432
348.432
348.432
348.432
348.432
348.432
348.432
348.432
348.432
348.432
348.432
348.432
348.432
348.432
348.432
348.432
348.432
348.432
348.432
348.432
348.432
348.432
348.432
348.432
348.432
348.432
348.432
348.432
348.432
348.432
348.432
348.432
348.432
348.432
348.432
348.432
348.432
348.432
348.432
348.432
348.432
348.432
348.432
348.432
348.432
348.432
348.432
348.432
348.432
348.432
348.432
348.432
348.432
348.432
348.432
348.432
348.432
348.432
348.432
348.432
348.432
348.432
348.432
348.432
348.432
348.432
348.432
348.432
348.432
348.432
348.432
348.432
348.432
348.432
348.432
348.432
348.432
348.432
348.432
348.432
348.432
348.432
348.432
348.432
348.432
348.432
348.432
348.432
348.432
348.432
348.432
348.432
348.432
348.432
348.432
348.432
348.432
348.432
348.432
348.432
348.432
348.432
348.432
348.432
348.432
348.432
348.432
348.432
348.432
348.432
348.432
348.432
348.432
348.432
348.432
348.432
348.432
348.432
348.432
348.432
348.432
348.432
348.432
348.432
348.432
348.432
348.432
348.432
348.432
348.432
348.432
348.432
348.432
348.432
348.432
348.432
348.432
348.432
348.432
348.432
348.432
348.432
348.432
348.432
348.432
348.432
348.432
348.432
348.432
348.432
348.432
348.432
348.432
348.432
348.432
348.432
348.432
348.432
348.432
348.432
348.432
348.432
348.432
348.432
348.432
348.432
348.432
348.432
348.432
348.432
348.432
348.432
348.432
348.432
348.432
348.432
348.432
348.432
348.432
348.432
348.432
348.432
348.432
348.432
348.432
348.432
348.432
348.432
348.432
348.432
348.432
348.432
348.432
348.432
348.432
348.432
348.432
348.432
348.432
348.432
348.432
348.432
348.432
348.432
348.432
348.432
348.432
348.432
348.432
348.432
348.432
348.432
348.432
348.432
348.432
348.432
348.432
348.432
348.432
348.432
348.432
348.432
348.432
348.432
348.432
348.432
348.432
348.432
348.432
348.432
348.432
348.432
348.432
348.432
348.432
348.432
348.432
348.432
348.432
348.432
348.432
348.432
348.432
348.432
348.432
348.432
348.432
348.432
348.432
348.432
348.432
348.432
348.432
348.432
348.432
348.432
348.432
348.432
348.432
348.432
348.432
348.432
348.432
348.432
348.432
348.432
348.432
348.432
348.432
348.432
348.432
348.432
348.432
348.432
348.432
348.432
348.432
348.432
348.432
348.432
348.432
348.432
348.432
348.432
348.432
348.432
348.432
348.432
348.432
348.432
348.432
348.432
348.432
348.432
348.432
348.432
348.432
348.432
348.432
348.432
348.432
348.432
348.432
348.432
348.432
348.432
348.432
348.432
348.432
348.432
348.432
348.432
348.432
348.432
348.432
348.432
348.432
348.432
348.432
348.432
348.432
348.432
348.432
348.432
348.432
348.432
348.432
348.432
348.432
348.432
348.432
348.432
348.432
348.432
348.432
348.432
348.432
348.432
348.432
348.432
348.432
348.432
348.432
348.432
348.432
348.432
348.432
348.432
348.432
348.432
348.432
348.432
348.432
348.432
348.432
348.432
348.432
348.432
348.432
348.432
348.432
348.432
348.432
348.432
348.432
348.432
348.432
348.432
348.432
348.432
348.432
348.432
348.432
348.432
348.432
348.432
348.432
348.432
348.432
348.432
348.432
348.432
348.432
348.432
348.432
348.432
348.432
348.432
348.432
348.432
348.432
348.432
348.432
348.432
348.432
348.432
348.432
348.432
348.432
348.432
348.432
348.432
348.432
348.432
348.432
348.432
348.432
348.432
348.432
348.432
348.432
348.432
348.432
348.432
348.432
348.432
348.432
348.432
348.432
348.432
348.432
348.432
348.432
348.432
348.432
348.432
348.432
348.432
348.432
348.432
348.432
348.432
348.432
348.432
348.432
348.432
348.432
348.432
348.432
348.432
348.432
348.432
348.432
348.432
348.432
348.432
348.432
348.432
348.432
348.432
348.432
348.432
348.432
348.432
348.432
348.432
348.432
348.432
348.432
348.432
348.432
348.432
348.432
348.432
348.432
348.432
348.432
348.432
348.432
348.432
348.432
348.432
348.432
348.432
348.432
348.432
348.432
348.432
348.432
348.432
348.432
348.432
348.432
348.432
348.432
348.432
348.432
348.432
348.432
348.432
348.432
348.432
348.432
348.432
348.432
348.432
348.432
348.432
348.432
348.432
348.432
348.432
348.432
348.432
348.432
348.432
348.432
348.432
348.432
348.432
348.432
348.432
348.432
348.432
348.432
348.432
348.432
348.432
348.432
348.432
348.432
348.432
348.432
348.432
348.432
348.432
348.432
348.432
348.432
348.432
348.432
348.432
348.432
348.432
348.432
348.432
348.432
348.432
348.432
348.432
348.432
348.432
348.432
348.432
348.432
348.432
348.432
348.432
348.432
348.432
348.432
348.432
348.432
348.432
348.432
348.432
348.432
348.432
348.432
348.432
348.432
348.432
348.432
348.432
348.432
348.432
348.432
348.432
348.432
348.432
348.432
348.432
348.432
348.432
348.432
348.432
348.432
348.432
348.432
348.432
348.432
348.432
348.432
348.432
348.432
348.432
348.432
348.432
348.432
348.432
348.432
348.432
348.432
348.432
348.432
348.432
348.432
348.432
348.432
348.432
348.432
348.432
348.432
348.432
348.432
348.432
348.432
348.432
348.432
348.432
348.432
348.432
348.432
348.432
348.432
348.432
348.432
348.432
348.432
348.432
348.432
348.432
348.432
348.432
348.432
348.432
348.432
348.432
348.432
348.432
348.432
348.432
348.432
348.432
348.432
348.432
348.432
348.432
348.432
348.432
348.432
348.432
348.432
348.432
348.432
348.432
348.432
348.432
348.432
348.432
348.432
348.432
348.432
348.432
348.432
348.432
348.432
348.432
348.432
348.432
348.432
348.432
348.432
348.432
348.432
348.432
348.432
348.432
348.432
348.432
348.432
348.432
348.432
348.432
348.432
348.432
348.432
348.432
348.432
348.432
348.432
348.432
348.432
348.432
348.432
348.432
348.432
348.432
348.432
348.432
348.432
348.432
348.432
348.432
348.432
348.432
348.432
348.432
348.432
348.432
348.432
348.432
348.432
348.432
348.432
348.432
348.432
348.432
348.432
348.432
348.432
348.432
348.432
348.432
348.432
348.432
348.432
348.432
348.432
348.432
348.432
348.432
348.432
348.432
348.432
348.432
348.432
348.432
348.432
348.432
348.432
348.432
348.432
348.432
348.432
348.432
348.432
348.432
348.432
348.432
348.432
348.432
348.432
348.432
348.432
348.432
348.432
348.432
348.432
348.432
348.432
348.432
348.432
348.432
348.432
348.432
348.432
348.432
348.432
348.432
348.432
348.432
348.432
348.432
348.432
348.432
348.432
348.432
348.432
348.432
348.432
348.432
348.432
348.432
348.432
348.432
348.432
348.432
348.432
348.432
348.432
348.432
348.432
348.432
348.432
348.432
348.432
348.432
348.432
348.432
348.432
348.432
348.432
348.432
348.432
348.432
348.432
348.432
348.432
348.432
348.432
348.432
348.432
348.432
348.432
348.432
348.432
348.432
348.432
348.432
348.432
348.432
348.432
348.432
348.432
348.432
348.432
348.432
348.432
348.432
348.432
348.432
348.432
348.432
348.432
348.432
348.432
348.432
348.432
348.432
348.432
348.432
348.432
348.432
348.432
348.432
348.432
348.432
348.432
348.432
348.432
348.432
348.432
348.432
348.432
348.432
348.432
348.432
348.432
348.432
348.432
348.432
348.432
348.432
348.432
348.432
348.432
348.432
348.432
348.432
348.432
348.432
348.432
348.432
348.432
348.432
348.432
348.432
348.432
348.432
348.432
348.432
348.432
348.432
348.432
348.432
348.432
348.432
348.432
348.432
348.432
348.432
348.432
348.432
348.432
348.432
348.432
348.432
348.432
348.432
348.432
348.432
348.432
348.432
348.432
348.432
348.432
348.432
348.432
348.432
348.432
348.432
348.432
348.432
348.432
348.432
348.432
348.432
348.432
348.432
348.432
348.432
348.432
348.432
348.432
348.432
348.432
348.432
348.432
348.432
348.432
348.432
348.432
348.432
348.432
348.432
348.432
348.432
348.432
348.432
348.432
348.432
348.432
348.432
348.432
348.432
348.432
348.432
348.432
348.432
348.432
348.432
348.432
348.432
348.432
348.432
348.432
348.432
348.432
348.432
348.432
348.432
348.432
348.432
348.432
348.432
348.432
348.432
348.432
348.432
348.432
348.432
348.432
348.432
348.432
348.432
348.432
348.432
348.432
348.432
348.432
348.432
348.432
348.432
348.432
348.432
348.432
348.432
348.432
348.432
348.432
348.432
348.432
348.432
348.432
348.432
348.432
348.432
348.432
348.432
348.432
348.432
348.432
348.432
348.432
348.432
348.432
348.432
348.432
348.432
348.432
348.432
348.432
348.432
348.432
348.432
348.432
348.432
348.432
348.432
348.432
348.432
348.432
348.432
348.432
348.432
348.432
348.432
348.432
348.432
348.432
348.432
348.432
348.432
348.432
348.432
348.432
348.432
348.432
348.432
348.432
348.432
348.432
348.432
348.432
348.432
348.432
348.432
348.432
348.432
348.432
348.432
348.432
348.432
348.432
348.432
348.432
348.432
348.432
348.432
348.432
348.432
348.432
348.432
348.432
348.432
348.432
348.432
348.432
348.432
348.432
348.432
348.432
348.432
348.432
348.432
348.432
348.432
348.432
348.432
348.432
348.432
348.432
348.432
348.432
348.432
348.432
348.432
348.432
348.432
348.432
348.432
348.432
348.432
348.432
348.432
348.432
348.432
348.432
348.432
348.432
348.432
348.432
348.432
348.432
348.432
348.432
348.432
348.432
348.432
348.432
348.432
348.432
348.432
348.432
348.432
348.432
348.432
348.432
348.432
348.432
348.432
348.432
348.432
348.432
348.432
348.432
348.432
348.432
348.432
348.432
348.432
348.432
348.432
348.432
348.432
348.432
348.432
348.432
348.432
348.432
348.432
348.432
348.432
348.432
348.432
348.432
348.432
348.432
348.432
348.432
348.432
348.432
348.432
348.432
348.432
348.432
348.432
348.432
348.432
348.432
348.432
348.432
348.432
348.432
348.432
348.432
348.432
348.432
348.432
348.432
348.432
348.432
348.432
348.432
348.432
348.432
348.432
348.432
348.432
348.432
348.432
348.432
348.432
348.432
348.432
348.432
348.432
348.432
348.432
348.432
348.432
348.432
348.432
348.432
348.432
348.432
348.432
348.432
348.432
348.432
348.432
348.432
348.432
348.432
348.432
348.432
348.432
348.432
348.432
348.432
348.432
348.432
348.432
348.432
348.432
348.432
348.432
348.432
348.432
348.432
348.432
348.432
348.432
348.432
348.432
348.432
348.432
348.432
348.432
348.432
348.432
348.432
348.432
348.432
348.432
348.432
348.432
348.432
348.432
348.432
348.432
348.432
348.432
348.432
348.432
348.432
348.432
348.432
348.432
348.432
348.432
348.432
348.432
348.432
348.432
348.432
348.432
348.432
348.432
348.432
348.432
348.432
348.432
348.432
348.431
348.431
348.431
348.431
348.431
348.431
348.431
348.43
348.43
348.43
348.429
348.429
348.428
348.428
348.427
348.426
348.426
348.425
348.423
348.422
348.421
348.419
348.417
348.415
348.413
348.411
348.408
348.405
348.401
348.397
348.393
348.389
348.383
348.378
348.372
348.365
348.357
348.349
348.34
348.331
348.321
348.309
348.297
348.284
348.271
348.256
348.24
348.223
348.205
348.185
348.165
348.143
348.12
348.096
348.071
348.044
348.016
347.986
347.955
347.923
347.889
347.854
347.817
347.779
347.74
347.699
347.657
347.613
347.568
347.521
347.473
347.424
347.374
347.322
347.268
347.214
347.158
347.101
347.043
346.983
346.923
346.861
346.798
346.734
346.669
346.603
346.536
346.468
346.399
346.329
346.258
346.186
346.114
346.04
345.966
345.891
345.816
345.739
345.662
345.584
345.505
345.426
345.346
345.266
345.185
345.103
345.021
344.939
344.855
344.772
344.688
344.603
344.518
344.432
344.346
344.26
344.173
344.086
343.999
343.911
343.823
343.734
343.646
343.556
343.467
343.377
343.287
343.197
343.106
343.015
342.924
342.833
342.741
342.65
342.558
342.465
342.373
342.28
342.188
342.095
342.001
341.908
341.814
341.721
341.627
341.533
341.439
341.344
341.25
341.155
341.06
340.965
340.87
340.775
340.68
340.584
340.489
340.393
340.297
340.202
340.106
340.01
339.913
339.817
339.721
339.624
339.528
339.431
339.335
339.238
339.141
339.044
338.947
338.85
338.753
338.655
338.558
338.461
338.363
338.266
338.168
338.071
337.973
337.875
337.778
337.68
337.582
337.484
337.386
337.288
337.19
337.092
336.994
336.896
336.798
336.699
336.601
336.503
336.404
336.306
336.207
336.109
336.01
335.912
335.813
335.715
335.616
335.518
335.419
335.32
335.221
335.123
335.024
334.925
334.826
334.728
334.629
334.53
334.431
334.332
334.233
334.134
334.035
333.936
333.837
333.738
333.639
333.54
333.441
333.342
333.243
333.144
333.045
332.946
332.846
332.747
332.648
332.549
332.45
332.351
332.251
332.152
332.053
331.954
331.855
331.755
331.656
331.557
331.458
331.359
331.259
331.16
331.061
330.962
330.862
330.763
330.664
330.564
330.465
330.366
330.267
330.167
330.068
329.969
329.869
329.77
329.671
329.572
329.472
329.373
329.274
329.175
329.075
328.976
328.877
328.777
328.678
328.579
328.48
328.38
328.281
328.182
328.083
327.983
327.884
327.785
327.685
327.586
327.487
327.388
327.289
327.189
327.09
326.991
326.892
326.792
326.693
326.594
326.495
326.396
326.296
326.197
326.098
325.999
325.9
325.801
325.701
325.602
325.503
325.404
325.305
325.206
325.107
325.008
324.908
324.809
324.71
324.611
324.512
324.413
324.314
324.215
324.116
324.017
323.918
323.819
323.72
323.621
323.522
323.423
323.324
323.225
323.126
323.027
322.928
322.829
322.73
322.631
322.532
322.434
322.335
322.236
322.137
322.038
321.939
321.84
321.742
321.643
321.544
321.445
321.346
321.248
321.149
321.05
320.951
320.853
320.754
320.655
320.556
320.458
320.359
320.26
320.162
320.063
319.964
319.866
319.767
319.668
319.57
319.471
319.373
319.274
319.176
319.077
318.978
318.88
318.781
318.683
318.584
318.486
318.387
318.289
318.191
318.092
317.994
317.895
317.797
317.698
317.6
317.502
317.403
317.305
317.207
317.108
317.01
316.912
316.814
316.715
316.617
316.519
316.421
316.322
316.224
316.126
316.028
315.93
315.831
315.733
315.635
315.537
315.439
315.341
315.243
315.145
315.047
314.948
314.85
314.752
314.654
314.556
314.458
314.36
314.262
314.165
314.067
313.969
313.871
313.773
313.675
313.577
313.479
313.381
313.284
313.186
313.088
312.99
312.892
312.795
312.697
312.599
312.501
312.404
312.306
312.208
312.111
312.013
311.915
311.818
311.72
311.622
311.525
311.427
311.33
311.232
311.135
311.037
310.94
310.842
310.745
310.647
310.55
310.452
310.355
310.257
310.16
310.063
309.965
309.868
309.77
309.673
309.576
309.479
309.381
309.284
309.187
309.089
308.992
308.895
308.798
308.701
308.603
308.506
308.409
308.312
308.215
308.118
308.021
307.923
307.826
307.729
307.632
307.535
307.438
307.341
307.244
307.147
307.05
306.953
306.856
306.76
306.663
306.566
306.469
306.372
306.275
306.178
306.082
305.985
305.888
305.791
305.694
305.598
305.501
305.404
305.308
305.211
305.114
305.018
304.921
304.824
304.728
304.631
304.534
304.438
304.341
304.245
304.148
304.052
303.955
303.859
303.762
303.666
303.569
303.473
303.377
303.28
303.184
303.087
302.991
302.895
302.798
302.702
302.606
302.51
302.413
302.317
302.221
302.125
302.028
301.932
301.836
301.74
301.644
301.548
301.451
301.355
301.259
301.163
301.067
300.971
300.875
300.779
300.683
300.587
300.491
300.395
300.299
300.203
300.107
300.012
299.916
299.82
299.724
299.628
299.532
299.437
299.341
299.245
299.149
299.053
298.958
298.862
298.766
298.671
298.575
298.479
298.384
298.288
298.193
298.097
298.001
297.906
297.81
297.715
297.619
297.524
297.428
297.333
297.237
297.142
297.046
296.951
296.856
296.76
296.665
296.57
296.474
296.379
296.284
296.188
296.093
295.998
295.903
295.807
295.712
295.617
295.522
295.427
295.331
295.236
295.141
295.046
294.951
294.856
294.761
294.666
294.571
294.476
294.381
294.286
294.191
294.096
294.001
293.906
293.811
293.716
293.621
293.527
293.432
293.337
293.242
293.147
293.053
292.958
292.863
292.768
292.674
292.579
292.484
292.39
292.295
292.2
292.106
292.011
291.917
291.822
291.727
291.633
291.538
291.444
291.349
291.255
291.16
291.066
290.972
290.877
290.783
290.688
290.594
290.5
290.405
290.311
290.217
290.122
290.028
289.934
289.84
289.746
289.651
289.557
289.462
289.369
289.274
289.181
289.085
288.994
288.896
288.807
288.706
288.621
288.516
288.435
288.326
288.249
288.136
288.064
287.945
287.878
287.756
287.691
287.568
287.503
287.382
287.313
287.197
287.122
287.014
286.931
286.83
286.74
286.645
286.551
286.459
286.363
286.271
286.176
286.084
285.99
285.896
285.803
285.709
285.616
285.522
285.429
285.335
285.242
285.148
285.055
284.961
284.868
284.775
284.681
284.588
284.495
284.401
284.308
284.215
284.121
284.028
283.935
283.842
283.749
283.655
283.562
283.469
283.376
283.283
283.19
283.097
283.004
282.911
282.818
282.725
282.632
282.539
282.446
282.353
282.26
282.167
282.074
281.981
281.888
281.796
281.703
281.61
281.517
281.424
281.332
281.239
281.146
281.053
280.961
280.868
280.775
280.683
280.59
280.498
280.405
280.312
280.22
280.127
280.035
279.942
279.85
279.757
279.665
279.573
279.48
279.388
279.295
279.203
279.111
279.018
278.926
278.834
278.741
278.649
278.557
278.465
278.373
278.28
278.188
278.096
278.004
277.912
277.82
277.728
277.635
277.543
277.451
277.359
277.267
277.175
277.083
276.992
276.9
276.808
276.716
276.624
276.532
276.44
276.348
276.257
276.165
276.073
275.981
275.89
275.798
275.706
275.615
275.523
275.431
275.34
275.248
275.156
275.065
274.973
274.882
274.79
274.699
274.607
274.516
274.424
274.333
274.242
274.15
274.059
273.968
273.876
273.785
273.694
273.602
273.511
273.42
273.329
273.237
273.146
273.055
272.964
272.873
272.782
272.691
272.6
272.509
272.418
272.327
272.236
272.145
272.054
271.963
271.872
271.781
271.69
271.599
271.508
271.418
271.327
271.236
271.145
271.055
270.964
270.873
270.783
270.692
270.601
270.511
270.42
270.33
270.239
270.149
270.058
269.968
269.877
269.787
269.696
269.606
269.515
269.425
269.335
269.244
269.154
269.064
268.974
268.883
268.793
268.703
268.613
268.523
268.433
268.343
268.252
268.162
268.072
267.982
267.892
267.802
267.712
267.623
267.533
267.443
267.353
267.263
267.173
267.084
266.994
266.904
266.814
266.725
266.635
266.545
266.456
266.366
266.277
266.187
266.098
266.008
265.919
265.829
265.74
265.65
265.561
265.472
265.382
265.293
265.204
265.115
265.025
264.936
264.847
264.758
264.669
264.58
264.491
264.402
264.313
264.224
264.135
264.046
263.957
263.868
263.779
263.691
263.602
263.513
263.425
263.336
263.247
263.159
263.07
262.981
262.893
262.804
262.716
262.628
262.539
262.451
262.363
262.274
262.186
262.098
262.01
261.921
261.833
261.745
261.657
261.569
261.481
261.393
261.305
261.218
261.13
261.042
260.954
260.867
260.779
260.691
260.604
260.516
260.429
260.341
260.254
260.166
260.079
259.992
259.904
259.817
259.73
259.643
259.556
259.469
259.382
259.295
259.208
259.121
259.035
258.948
258.861
258.775
258.688
258.602
258.515
258.429
258.342
258.256
258.17
258.084
257.998
257.912
257.826
257.74
257.654
257.568
257.482
257.397
257.311
257.226
257.14
257.055
256.97
256.884
256.799
256.714
256.629
256.544
256.459
256.375
256.29
256.205
256.121
256.037
255.952
255.868
255.784
255.7
255.616
255.532
255.449
255.365
255.282
255.198
255.115
255.032
254.949
254.866
254.783
254.7
254.618
254.536
254.453
254.371
254.289
254.207
254.126
254.044
253.963
253.882
253.8
253.72
253.639
253.558
253.478
253.398
253.318
253.238
253.158
253.079
253
252.921
252.842
252.764
252.685
252.607
252.53
252.452
252.375
252.298
252.221
252.144
252.068
251.992
251.917
251.841
251.766
251.692
251.617
251.543
251.47
251.397
251.324
251.251
251.179
251.107
251.036
250.965
250.895
250.825
250.755
250.686
250.618
250.55
250.482
250.415
250.349
250.283
250.218
250.153
250.089
250.025
249.963
249.9
249.839
249.778
249.718
249.658
249.6
249.542
249.484
249.428
249.372
249.317
249.263
249.21
249.158
249.107
249.056
249.006
248.958
248.91
248.863
248.817
248.773
248.729
248.686
248.644
248.603
248.564
248.525
248.487
248.451
248.415
248.381
248.347
248.315
248.284
248.253
248.224
248.196
248.169
248.143
248.118
248.094
248.071
248.049
248.028
248.008
247.989
247.971
247.954
247.938
247.922
247.908
247.894
247.881
247.869
247.857
247.846
247.836
247.827
247.818
247.81
247.802
247.795
247.789
247.783
247.777
247.772
247.767
247.763
247.759
247.755
247.752
247.748
247.746
247.743
247.741
247.739
247.737
247.735
247.734
247.732
247.731
247.73
247.729
247.728
247.727
247.727
247.726
247.726
247.725
247.725
247.724
247.724
247.724
247.724
247.723
247.723
247.723
247.723
247.723
247.723
247.723
247.723
247.723
247.723
247.723
247.723
247.723
247.723
247.723
247.723
247.723
247.723
247.723
247.723
247.723
247.723
247.723
247.723
247.723
247.723
247.723
247.723
247.723
247.723
247.723
247.723
247.723
247.723
247.723
247.723
247.723
247.723
247.724
247.724
247.724
247.724
247.724
247.724
247.724
247.724
247.724
247.724
247.724
247.724
247.724
247.724
247.724
247.724
247.724
247.724
247.724
247.725
247.725
247.725
247.725
247.725
247.725
247.725
247.725
247.725
247.725
247.725
247.725
247.725
247.725
247.725
247.725
247.725
247.726
247.726
247.726
247.726
247.726
247.726
247.726
247.726
247.726
247.726
247.726
247.726
247.726
247.726
247.726
247.726
247.726
247.727
247.727
247.727
247.727
247.727
247.727
247.727
247.727
247.727
247.727
247.727
247.727
247.727
247.727
247.727
247.727
247.728
247.728
247.728
247.728
247.728
247.728
247.728
247.728
247.728
247.728
247.728
247.728
247.728
247.728
247.728
247.729
247.729
247.729
247.729
247.729
247.729
247.729
247.729
247.729
247.729
247.729
247.729
247.729
247.729
247.73
247.73
247.73
247.73
247.73
247.73
247.73
247.73
247.73
247.73
247.73
247.73
247.73
247.73
247.731
247.731
247.731
247.731
247.731
247.731
247.731
247.731
247.731
247.731
247.731
247.731
247.731
247.732
247.732
247.732
247.732
247.732
247.732
247.732
247.732
247.732
247.732
247.732
247.732
247.732
247.733
247.733
247.733
247.733
247.733
247.733
247.733
247.733
247.733
247.733
247.733
247.733
247.734
247.734
247.734
247.734
247.734
247.734
247.734
247.734
247.734
247.734
247.734
247.735
247.735
247.735
247.735
247.735
247.735
247.735
247.735
247.735
247.735
247.735
247.736
247.736
247.736
247.736
247.736
247.736
247.736
247.736
247.736
247.736
247.736
247.737
247.737
247.737
247.737
247.737
247.737
247.737
247.737
247.737
247.737
247.737
247.738
247.738
247.738
247.738
247.738
247.738
247.738
247.738
247.738
247.738
247.739
247.739
247.739
247.739
247.739
247.739
247.739
247.739
247.739
247.74
247.74
247.74
247.74
247.74
247.74
247.74
247.74
247.74
247.74
247.741
247.741
247.741
247.741
247.741
247.741
247.741
247.741
247.741
247.742
247.742
247.742
247.742
247.742
247.742
247.742
247.742
247.743
247.743
247.743
247.743
247.743
247.743
247.743
247.743
247.743
247.744
247.744
247.744
247.744
247.744
247.744
247.744
247.744
247.745
247.745
247.745
247.745
247.745
247.745
247.745
247.745
247.746
247.746
247.746
247.746
247.746
247.746
247.746
247.746
247.747
247.747
247.747
247.747
247.747
247.747
247.747
247.747
247.748
247.748
247.748
247.748
247.748
247.748
247.748
247.749
247.749
247.749
247.749
247.749
247.749
247.749
247.75
247.75
247.75
247.75
247.75
247.75
247.75
247.751
247.751
247.751
247.751
247.751
247.751
247.751
247.752
247.752
247.752
247.752
247.752
247.752
247.752
247.753
247.753
247.753
247.753
247.753
247.753
247.754
247.754
247.754
247.754
247.754
247.754
247.754
247.755
247.755
247.755
247.755
247.755
247.755
247.756
247.756
247.756
247.756
247.756
247.756
247.757
247.757
247.757
247.757
247.757
247.757
247.758
247.758
247.758
247.758
247.758
247.759
247.759
247.759
247.759
247.759
247.759
247.76
247.76
247.76
247.76
247.76
247.761
247.761
247.761
247.761
247.761
247.761
247.762
247.762
247.762
247.762
247.762
247.763
247.763
247.763
247.763
247.763
247.764
247.764
247.764
247.764
247.764
247.765
247.765
247.765
247.765
247.765
247.766
247.766
247.766
247.766
247.766
247.767
247.767
247.767
247.767
247.768
247.768
247.768
247.768
247.768
247.769
247.769
247.769
247.769
247.77
247.77
247.77
247.77
247.77
247.771
247.771
247.771
247.771
247.772
247.772
247.772
247.772
247.773
247.773
247.773
247.773
247.774
247.774
247.774
247.774
247.775
247.775
247.775
247.775
247.776
247.776
247.776
247.776
247.777
247.777
247.777
247.777
247.778
247.778
247.778
247.778
247.779
247.779
247.779
247.78
247.78
247.78
247.78
247.781
247.781
247.781
247.782
247.782
247.782
247.782
247.783
247.783
247.783
247.784
247.784
247.784
247.784
247.785
247.785
247.785
247.786
247.786
247.786
247.787
247.787
247.787
247.788
247.788
247.788
247.789
247.789
247.789
247.79
247.79
247.79
247.791
247.791
247.791
247.792
247.792
247.792
247.793
247.793
247.793
247.794
247.794
247.794
247.795
247.795
247.795
247.796
247.796
247.797
247.797
247.797
247.798
247.798
247.798
247.799
247.799
247.8
247.8
247.8
247.801
247.801
247.802
247.802
247.802
247.803
247.803
247.804
247.804
247.804
247.805
247.805
247.806
247.806
247.807
247.807
247.807
247.808
247.808
247.809
247.809
247.81
247.81
247.811
247.811
247.812
247.812
247.813
247.813
247.814
247.814
247.814
247.815
247.815
247.816
247.816
247.817
247.817
247.818
247.819
247.819
247.82
247.82
247.821
247.821
247.822
247.822
247.823
247.823
247.824
247.824
247.825
247.826
247.826
247.827
247.827
247.828
247.829
247.829
247.83
247.83
247.831
247.832
247.832
247.833
247.833
247.834
247.835
247.835
247.836
247.837
247.837
247.838
247.839
247.839
247.84
247.841
247.841
247.842
247.843
247.843
247.844
247.845
247.846
247.846
247.847
247.848
247.849
247.849
247.85
247.851
247.852
247.853
247.853
247.854
247.855
247.856
247.857
247.857
247.858
247.859
247.86
247.861
247.862
247.863
247.863
247.864
247.865
247.866
247.867
247.868
247.869
247.87
247.871
247.872
247.873
247.874
247.875
247.876
247.877
247.878
247.879
247.88
247.881
247.882
247.883
247.884
247.886
247.887
247.888
247.889
247.89
247.891
247.892
247.894
247.895
247.896
247.897
247.899
247.9
247.901
247.902
247.904
247.905
247.906
247.908
247.909
247.911
247.912
247.913
247.915
247.916
247.918
247.919
247.921
247.922
247.924
247.926
247.927
247.929
247.93
247.932
247.934
247.935
247.937
247.939
247.941
247.943
247.944
247.946
247.948
247.95
247.952
247.954
247.956
247.958
247.96
247.962
247.964
247.966
247.969
247.971
247.973
247.975
247.978
247.98
247.982
247.985
247.987
247.99
247.992
247.995
247.998
248
248.003
248.006
248.009
248.011
248.014
248.017
248.02
248.023
248.027
248.03
248.033
248.036
248.04
248.043
248.047
248.05
248.054
248.058
248.062
248.066
248.07
248.074
248.078
248.082
248.086
248.091
248.095
248.1
248.105
248.11
248.115
248.12
248.125
248.13
248.136
248.142
248.147
248.153
248.159
248.166
248.172
248.179
248.186
248.193
248.2
248.207
248.215
248.223
248.231
248.24
248.248
248.257
248.267
248.276
248.287
248.297
248.308
248.319
248.331
248.343
248.355
248.368
248.382
248.396
248.412
248.428
248.445
248.463
248.483
248.506
248.531
248.559
248.591
248.628
248.671
248.721
248.781
248.851
248.934
249.033
249.15
249.288
249.451
249.642
249.865
250.126
250.427
250.776
251.175
251.632
252.151
252.739
253.401
254.144
254.972
255.892
256.91
258.031
259.26
260.602
262.061
263.642
265.348
267.182
269.146
271.241
273.468
275.828
278.317
280.936
283.679
286.544
289.525
292.616
295.809
299.096
302.467
305.912
309.421
312.98
316.577
320.199
323.831
327.462
331.075
334.657
338.195
341.675
345.085
348.413
351.649
354.781
357.802
360.704
363.481
366.127
368.64
371.017
373.256
375.358
377.325
379.157
380.858
382.433
383.884
385.218
386.44
387.555
388.57
389.49
390.322
391.073
391.747
392.351
392.891
393.372
393.799
394.178
394.513
394.808
395.067
395.294
395.493
395.667
395.818
395.949
396.062
396.16
396.245
396.318
396.38
396.434
396.48
396.519
396.552
396.58
396.604
396.624
396.641
396.656
396.668
396.678
396.687
396.694
396.7
396.705
396.709
396.713
396.716
396.718
396.72
396.722
396.723
396.725
396.726
396.727
396.727
396.728
396.729
396.729
396.729
396.73
396.73
396.731
396.731
396.731
396.731
396.732
396.732
396.732
396.732
396.732
396.732
396.733
396.733
396.733
396.733
396.733
396.733
396.733
396.734
396.734
396.734
396.734
396.734
396.734
396.734
396.735
396.735
396.735
396.735
396.735
396.735
396.735
396.735
396.735
396.736
396.736
396.736
396.736
396.736
396.736
396.736
396.736
396.736
396.736
396.737
396.737
396.737
396.737
396.737
396.737
396.737
396.737
396.737
396.737
396.737
396.738
396.738
396.738
396.738
396.738
396.738
396.738
396.738
396.738
396.738
396.738
396.738
396.738
396.738
396.738
396.738
396.739
396.739
396.739
396.739
396.739
396.739
396.739
396.739
396.739
396.739
396.739
396.739
396.739
396.739
396.739
396.739
396.739
396.739
396.739
396.739
396.739
396.739
396.74
396.74
396.74
396.74
396.74
396.74
396.74
396.74
396.74
396.74
396.74
396.74
396.74
396.74
396.74
396.74
396.74
396.74
396.74
396.74
396.74
396.74
396.74
396.74
396.74
396.741
396.741
396.741
396.741
396.741
396.741
396.741
396.741
396.741
396.741
396.741
396.741
396.741
396.741
396.741
396.741
396.741
396.741
396.741
396.741
396.741
396.741
396.741
396.741
396.741
396.741
396.741
396.741
396.741
396.741
396.741
396.741
396.741
396.741
396.741
396.741
396.741
396.741
396.742
396.742
396.742
396.742
396.742
396.742
396.742
396.742
396.742
396.742
396.742
396.742
396.742
396.742
396.742
396.742
396.742
396.742
396.742
396.742
396.742
396.742
396.742
396.742
396.742
396.742
396.742
396.742
396.742
396.742
396.742
396.742
396.742
396.742
396.742
396.742
396.742
396.742
396.742
396.742
396.742
396.742
396.742
396.742
396.742
396.742
396.742
396.742
396.742
396.742
396.742
396.742
396.742
396.742
396.742
396.742
396.742
396.742
396.742
396.742
396.742
396.742
396.742
396.742
396.742
396.742
396.742
396.742
396.742
396.743
396.743
396.743
396.743
396.743
396.743
396.743
396.743
396.743
396.743
396.743
396.743
396.743
396.743
396.743
396.743
396.743
396.743
396.743
396.743
396.743
396.743
396.743
396.743
396.743
396.743
396.743
396.743
396.743
396.743
396.743
396.743
396.743
396.743
396.743
396.743
396.743
396.743
396.743
396.743
396.743
396.743
396.743
396.743
396.743
396.743
396.743
396.743
396.743
396.743
396.743
396.743
396.743
396.743
396.743
396.743
396.743
396.743
396.743
396.743
396.743
396.743
396.743
396.743
396.743
396.743
396.743
396.743
396.743
396.743
396.743
396.743
396.743
396.743
396.743
396.743
396.743
396.743
396.743
396.743
396.743
396.743
396.743
396.743
396.743
396.743
396.743
396.743
396.743
396.743
396.743
396.743
396.743
396.743
396.743
396.743
396.743
396.743
396.743
396.743
396.743
396.743
396.743
396.743
396.743
396.743
396.743
396.743
396.743
396.743
396.743
396.743
396.743
396.743
396.743
396.743
396.743
396.743
396.743
396.743
396.743
396.743
396.743
396.743
396.743
396.743
396.743
396.743
396.743
396.743
396.743
396.743
396.743
396.743
396.743
396.743
396.743
396.743
396.743
396.743
396.743
396.744
396.744
396.744
396.744
396.744
396.744
396.744
396.744
396.744
396.744
396.744
396.744
396.744
396.744
396.744
396.744
396.744
396.743
396.743
396.743
396.743
396.743
396.743
396.743
396.743
396.743
396.743
396.743
396.743
396.743
396.743
396.743
396.743
396.743
396.743
396.743
396.743
396.743
396.743
396.744
396.744
396.744
396.744
396.744
396.744
396.744
396.744
396.744
396.744
396.744
396.744
396.744
396.744
396.744
396.744
396.744
396.744
396.744
396.744
396.744
396.744
396.744
396.744
396.744
396.744
396.744
396.743
396.743
396.743
396.743
396.743
396.743
396.743
396.743
396.743
396.743
396.744
396.744
396.744
396.744
396.744
396.744
396.744
396.744
396.744
396.744
396.744
396.744
396.744
396.744
396.744
396.744
396.744
396.744
396.744
396.744
396.744
396.744
396.744
396.744
396.744
396.744
396.744
396.744
396.744
396.744
396.744
396.743
396.743
396.743
396.743
396.743
396.743
396.743
396.743
396.743
396.743
396.743
396.743
396.743
396.744
396.744
396.744
396.744
396.744
396.744
396.744
396.744
396.744
396.744
396.744
396.744
396.744
396.744
396.744
396.744
396.744
396.744
396.744
396.744
396.744
396.744
396.744
396.744
396.744
396.744
396.743
396.743
396.743
396.743
396.743
396.743
396.743
396.743
396.743
396.743
396.743
396.743
396.743
396.743
396.743
396.743
396.743
396.743
396.743
396.743
396.743
396.744
396.744
396.744
396.744
396.744
396.744
396.744
396.744
396.744
396.744
396.744
396.744
396.744
396.744
396.744
396.744
396.744
396.744
396.744
396.744
396.744
396.744
396.744
396.744
396.744
396.743
396.743
396.743
396.743
396.743
396.743
396.743
396.743
396.743
396.743
396.743
396.743
396.743
396.743
396.744
396.744
396.744
396.744
396.744
396.744
396.744
396.743
396.743
396.743
396.743
396.743
396.743
396.744
396.744
396.744
396.744
396.744
396.744
396.744
396.744
396.744
396.744
396.744
396.743
396.743
396.743
396.743
396.743
396.743
396.743
396.743
396.743
396.743
396.743
396.743
396.744
396.744
396.744
396.743
396.743
396.743
396.743
396.743
396.743
396.743
396.743
396.743
396.743
396.743
396.743
396.744
396.744
396.744
396.744
396.744
396.744
396.744
396.744
396.744
396.743
396.743
396.743
396.743
396.743
396.743
396.743
396.743
396.743
396.743
396.743
396.744
396.744
396.744
396.744
396.744
396.743
396.743
396.743
396.743
396.742
396.742
396.742
396.742
396.742
396.743
396.743
396.743
396.744
396.744
396.744
396.744
396.744
396.744
396.744
396.744
396.743
396.743
396.742
396.741
396.741
396.742
396.742
396.744
396.744
396.744
396.741
396.741
396.735
396.734
396.72
396.722
396.688
396.683
396.585
396.546
396.237
396.027
394.524
392.602
386.105
374.007
347.918
319.493
296.648
284.656
280.392
279.174
278.854
278.773
278.753
278.748
278.746
278.746
278.746
278.746
278.746
278.746
278.746
278.746
278.746
278.746
278.746
278.746
278.746
278.746
278.746
278.746
278.746
278.746
278.746
278.746
278.746
278.746
278.746
278.746
278.746
278.746
278.746
278.746
278.746
278.746
278.746
278.746
278.746
278.746
278.746
278.746
278.746
278.746
278.746
278.746
278.746
278.746
278.746
278.746
278.746
278.746
278.746
278.746
278.746
278.746
278.746
278.746
278.746
278.746
278.746
278.746
278.746
278.746
278.746
278.746
278.746
278.746
278.746
278.746
278.746
278.746
278.746
278.746
278.746
278.746
278.746
278.746
278.746
278.746
278.746
278.746
278.746
278.746
278.746
278.746
278.746
278.746
278.746
278.746
278.746
278.746
278.746
278.746
278.746
278.746
278.746
278.746
278.746
278.746
278.746
278.746
278.746
278.746
278.746
278.746
278.746
278.746
278.746
278.746
278.746
278.746
278.746
278.746
278.746
278.746
278.746
278.746
278.746
278.746
278.746
278.746
278.746
278.746
278.746
278.746
278.746
278.746
278.746
278.746
278.746
278.746
278.746
278.746
278.746
278.746
278.746
278.746
278.746
278.746
278.746
278.746
278.746
278.746
278.746
278.746
278.746
278.746
278.746
278.746
278.746
278.746
278.746
278.746
278.746
278.746
278.746
278.746
278.746
278.746
278.746
278.746
278.746
278.746
278.746
278.746
278.746
278.746
278.746
278.746
278.746
278.746
278.746
278.746
278.746
278.746
278.746
278.746
278.746
278.746
278.746
278.746
278.746
278.746
278.746
278.746
278.746
278.746
278.746
278.746
278.746
278.746
278.746
278.746
278.746
278.746
278.746
278.746
278.746
278.746
278.746
278.746
278.746
278.746
278.746
278.746
278.746
278.746
278.746
278.746
278.746
278.746
278.746
278.746
278.746
278.746
278.746
278.746
278.746
278.746
278.746
278.746
278.746
278.746
278.746
278.746
278.746
278.746
278.746
278.746
278.746
278.746
278.746
278.746
278.746
278.746
278.746
278.746
278.746
278.746
278.746
278.746
278.746
278.746
278.746
278.746
278.746
278.746
278.746
278.746
278.746
278.746
278.746
278.746
278.746
278.746
278.746
278.746
278.746
278.746
278.746
278.746
278.746
278.746
278.746
278.746
278.746
278.746
278.746
278.746
278.746
278.746
278.746
278.746
278.746
278.746
278.746
278.746
278.746
278.746
278.746
278.746
278.746
278.746
278.746
278.746
278.746
278.746
278.746
278.746
278.746
278.746
278.746
278.746
278.746
278.746
278.746
278.746
278.746
278.746
278.746
278.746
278.746
278.746
278.746
278.746
278.746
278.746
278.746
278.746
278.746
278.746
278.746
278.746
278.746
278.746
278.746
278.746
278.746
278.746
278.746
278.746
278.746
278.746
278.746
278.746
278.746
278.746
278.746
278.746
278.746
278.746
278.746
278.746
278.746
278.746
278.746
278.746
278.746
278.746
278.746
278.746
278.746
278.746
278.746
278.746
278.746
278.746
278.746
278.746
278.746
278.746
278.746
278.746
278.746
278.746
278.746
278.746
278.746
278.746
278.746
278.746
278.746
278.746
278.746
278.746
278.746
278.746
278.746
278.746
278.746
278.746
278.746
278.746
278.746
278.746
278.746
278.746
278.746
278.746
278.746
278.746
278.746
278.746
278.746
278.746
278.746
278.746
278.746
278.746
278.746
278.746
278.746
278.746
278.746
278.746
278.746
278.746
278.746
278.746
278.746
278.746
278.746
278.746
278.746
278.746
278.746
278.746
278.746
278.746
278.746
278.746
278.746
278.746
278.746
278.746
278.746
278.746
278.746
278.746
278.746
278.746
278.746
278.746
278.746
278.746
278.746
278.746
278.746
278.746
278.746
278.746
278.746
278.746
278.746
278.746
278.746
278.746
278.746
278.746
278.746
278.746
278.746
278.746
278.746
278.746
278.746
278.746
278.746
278.746
278.746
278.746
278.746
278.746
278.746
278.746
278.746
278.746
278.746
278.746
278.746
278.746
278.746
278.746
278.746
278.746
278.746
278.746
278.746
278.746
278.746
278.746
278.746
278.746
278.746
278.746
278.746
278.746
278.746
278.746
278.746
278.746
278.746
278.746
278.746
278.746
278.746
278.746
278.746
278.746
278.746
278.746
278.746
278.746
278.746
278.746
278.746
278.746
278.746
278.746
278.746
278.746
278.746
278.746
278.746
278.746
278.746
278.746
278.746
278.746
278.746
278.746
278.746
278.746
278.746
278.746
278.746
278.746
278.746
278.746
278.746
278.746
278.746
278.746
278.746
278.746
278.746
278.746
278.746
278.746
278.746
278.746
278.746
278.746
278.746
278.746
278.746
278.746
278.746
278.746
278.746
278.746
278.746
278.746
278.746
278.746
278.746
278.746
278.746
278.746
278.746
278.746
278.746
278.746
278.746
278.746
278.746
278.746
278.746
278.746
278.746
278.746
278.746
278.746
278.746
278.746
278.746
278.746
278.746
278.746
278.746
278.746
278.746
278.746
278.746
278.746
278.746
278.746
278.746
278.746
278.746
278.746
278.746
278.746
278.746
278.746
278.746
278.746
278.746
278.746
278.746
278.746
278.746
278.746
278.746
278.746
278.746
278.746
278.746
278.746
278.746
278.746
278.746
278.746
278.746
278.746
278.746
278.746
278.746
278.746
278.746
278.746
278.746
278.746
278.746
278.746
278.746
278.746
278.746
278.746
278.746
278.746
278.746
278.746
278.746
278.746
278.746
278.746
278.746
278.746
278.746
278.746
278.746
278.746
278.746
278.746
278.746
278.746
278.746
278.746
278.746
278.746
278.746
278.746
278.746
278.746
278.746
278.746
278.746
278.746
278.746
278.746
278.746
278.746
278.746
278.746
278.746
278.746
278.746
278.746
278.746
278.746
278.746
278.746
278.746
278.746
278.746
278.746
278.746
278.746
278.746
278.746
278.746
278.746
278.746
278.746
278.746
278.746
278.746
278.746
278.746
278.746
278.746
278.746
278.746
278.746
278.746
278.746
278.746
278.746
278.746
278.746
278.746
278.746
278.746
278.746
278.746
278.746
278.746
278.746
278.746
278.746
278.746
278.746
278.746
278.746
278.746
278.746
278.746
278.746
278.746
278.746
278.746
278.746
278.746
278.746
278.746
278.746
278.746
278.746
278.746
278.746
278.746
278.746
278.746
278.746
278.746
278.746
278.746
278.746
278.746
278.746
278.746
278.746
278.746
278.746
278.746
278.746
278.746
278.746
278.746
278.746
278.746
278.746
278.746
278.746
278.746
278.746
278.746
278.746
278.746
278.746
278.746
278.746
278.746
278.746
278.746
278.746
278.746
278.746
278.746
278.746
278.746
278.746
278.746
278.746
278.746
278.746
278.746
278.746
278.746
278.746
278.746
278.746
278.746
278.746
278.746
278.746
278.746
278.746
278.746
278.746
278.746
278.746
278.746
278.746
278.746
278.746
278.746
278.746
278.746
278.746
278.746
278.746
278.746
278.746
278.746
278.746
278.746
278.746
278.746
278.746
278.746
278.746
278.746
278.746
278.746
278.746
278.746
278.746
278.746
278.746
278.746
278.746
278.746
278.746
278.746
278.746
278.746
278.746
278.746
278.746
278.746
278.746
278.746
278.746
278.746
278.746
278.746
278.746
278.746
278.746
278.746
278.746
278.746
278.746
278.746
278.746
278.746
278.746
278.746
278.746
278.746
278.746
278.746
278.746
278.746
278.746
278.746
278.746
278.746
278.746
278.746
278.746
278.746
278.746
278.746
278.746
278.746
278.746
278.746
278.746
278.746
278.746
278.746
278.746
278.746
278.746
278.746
278.746
278.746
278.746
278.746
278.746
278.746
278.746
278.746
278.746
278.746
278.746
278.746
278.746
278.746
278.746
278.746
278.746
278.746
278.746
278.746
278.746
278.746
278.746
278.746
278.746
278.746
278.746
278.746
278.746
278.746
278.746
278.746
278.746
278.746
278.746
278.746
278.746
278.746
278.746
278.746
278.746
278.746
278.746
278.746
278.746
278.746
278.746
278.746
278.746
278.746
278.746
278.746
278.746
278.746
278.746
278.746
278.746
278.746
278.746
278.746
278.746
278.746
278.746
278.746
278.746
278.746
278.746
278.746
278.746
278.746
278.746
278.746
278.746
278.746
278.746
278.746
278.746
278.746
278.746
278.746
278.746
278.746
278.746
278.746
278.746
278.746
278.746
278.746
278.746
278.746
278.746
278.746
278.746
278.746
278.746
278.746
278.746
278.746
278.746
278.746
278.746
278.746
278.746
278.746
278.746
278.746
278.746
278.746
278.746
278.746
278.746
278.746
278.746
278.746
278.746
278.746
278.746
278.746
278.746
278.746
278.746
278.746
278.746
278.746
278.746
278.746
278.746
278.746
278.746
278.746
278.746
278.746
278.746
278.746
278.746
278.746
278.746
278.746
278.746
278.746
278.746
278.746
278.746
278.746
278.746
278.746
278.746
278.746
278.746
278.746
278.746
278.746
278.746
278.746
278.746
278.746
278.746
278.746
278.746
278.746
278.746
278.746
278.746
278.746
278.746
278.746
278.746
278.746
278.746
278.746
278.746
278.746
278.746
278.746
278.746
278.746
278.746
278.746
278.746
278.746
278.746
278.746
278.746
278.746
278.746
278.746
278.746
278.746
278.746
278.746
278.746
278.746
278.746
278.746
278.746
278.746
278.746
278.746
278.746
278.746
278.746
278.746
278.746
278.746
278.746
278.746
278.746
278.746
278.746
278.746
278.746
278.746
278.746
278.746
278.746
278.746
278.746
278.746
278.746
278.746
278.746
278.746
278.746
278.746
278.746
278.746
278.746
278.746
278.746
278.746
278.746
278.746
278.746
278.746
278.746
278.746
278.746
278.746
278.746
278.746
278.746
278.746
278.746
278.746
278.746
278.746
278.746
278.746
278.746
278.746
278.746
278.746
278.746
278.746
278.746
278.746
278.746
278.746
278.746
278.746
278.746
278.746
278.746
278.746
278.746
278.746
278.746
278.746
278.746
278.746
278.746
278.746
278.746
278.746
278.746
278.746
278.746
278.746
278.746
278.746
278.746
278.746
278.746
278.746
278.746
278.746
278.746
278.746
278.746
278.746
278.746
278.746
278.746
278.746
278.746
278.746
278.746
278.746
278.746
278.746
278.746
278.746
278.746
278.746
278.746
278.746
278.746
278.746
278.746
278.746
278.746
278.746
278.746
278.746
278.746
278.746
278.746
278.746
278.746
278.746
278.746
278.746
278.746
278.746
278.746
278.746
278.746
278.746
278.746
278.746
278.746
278.746
278.746
278.746
278.746
278.746
278.746
278.746
278.746
278.746
278.746
278.746
278.746
278.746
278.746
278.746
278.746
278.746
278.746
278.746
278.746
278.746
278.746
278.746
278.746
278.746
278.746
278.746
278.746
278.746
278.746
278.746
278.746
278.746
278.746
278.746
278.746
278.746
278.746
278.746
278.746
278.746
278.746
278.746
278.746
278.746
278.746
278.746
278.746
278.746
278.746
278.746
278.746
278.746
278.746
278.746
278.746
278.746
278.746
278.746
278.746
278.746
278.746
278.746
278.746
278.746
278.746
278.746
278.746
278.746
278.746
278.746
278.746
278.746
278.746
278.746
278.746
278.746
278.746
278.746
278.746
278.746
278.746
278.746
278.746
278.746
278.746
278.746
278.746
278.746
278.746
278.746
278.746
278.746
278.746
278.746
278.746
278.746
278.746
278.746
278.746
278.746
278.746
278.746
278.746
278.746
278.746
278.746
278.746
278.746
278.746
278.746
278.746
278.746
278.746
278.746
278.746
278.746
278.746
278.746
278.746
278.746
278.746
278.746
278.746
278.746
278.746
278.746
278.746
278.746
278.746
278.746
278.746
278.746
278.746
278.746
278.746
278.746
278.746
278.746
278.746
278.746
278.746
278.746
278.746
278.746
278.746
278.746
278.746
278.746
278.746
278.746
278.746
278.746
278.746
278.746
278.746
278.746
278.746
278.746
278.746
278.746
278.746
278.746
278.746
278.746
278.746
278.746
278.746
278.746
278.746
278.746
278.746
278.746
278.746
278.746
278.746
278.746
278.746
278.746
278.746
278.746
278.746
278.746
278.746
278.746
278.746
278.746
278.746
278.746
278.746
278.746
278.746
278.746
278.746
278.746
278.746
278.746
278.746
278.746
278.746
278.746
278.746
278.746
278.746
278.746
278.746
278.746
278.746
278.746
278.746
278.746
278.746
278.746
278.746
278.746
278.746
278.746
278.746
278.746
278.746
278.746
278.746
278.746
278.746
278.746
278.746
278.746
278.746
278.746
278.746
278.746
278.746
278.746
278.746
278.746
278.746
278.746
278.746
278.746
278.746
278.746
278.746
278.746
278.746
278.746
278.746
278.746
278.746
278.746
278.746
278.746
278.746
278.746
278.746
278.746
278.746
278.746
278.746
278.746
278.746
278.746
278.746
278.746
278.746
278.746
278.746
278.746
278.746
278.746
278.746
278.746
278.746
278.746
278.746
278.746
278.746
278.746
278.746
278.746
278.746
278.746
278.746
278.746
278.746
278.746
278.746
278.746
278.746
278.746
278.746
278.746
278.746
278.746
278.746
278.746
278.746
278.746
278.746
278.746
278.746
278.746
278.746
278.746
278.746
278.746
278.746
278.746
278.746
278.746
278.746
278.746
278.746
278.746
278.746
278.746
278.746
278.746
278.746
278.746
278.746
278.746
278.746
278.746
278.746
278.746
278.746
278.746
278.746
278.746
278.746
278.746
278.746
278.746
278.746
278.746
278.746
278.746
278.746
278.746
278.746
278.746
278.746
278.746
278.746
278.746
278.746
278.746
278.746
278.746
278.746
278.746
278.746
278.746
278.746
278.746
278.746
278.746
278.746
278.746
278.746
278.746
278.746
278.746
278.746
278.746
278.746
278.746
278.746
278.746
278.746
278.746
278.746
278.746
278.746
278.746
278.746
278.746
278.746
278.746
278.746
278.746
278.746
278.746
278.746
278.746
278.746
278.746
278.746
278.746
278.746
278.746
278.746
278.746
278.746
278.746
278.746
278.746
278.746
278.746
278.746
278.746
278.746
278.746
278.746
278.746
278.746
278.746
278.746
278.746
278.746
278.746
278.746
278.746
278.746
278.746
278.746
278.746
278.746
278.746
278.746
278.746
278.746
278.746
278.746
278.746
278.746
278.746
278.746
278.746
278.746
278.746
278.746
278.746
278.746
278.746
278.746
278.746
278.746
278.746
278.746
278.746
278.746
278.746
278.746
278.746
278.746
278.746
278.746
278.746
278.746
278.746
278.746
278.746
278.746
278.746
278.746
278.746
278.746
278.746
278.746
278.746
278.746
278.746
278.746
278.746
278.746
278.746
278.746
278.746
278.746
278.746
278.746
278.746
278.746
278.746
278.746
278.746
278.746
278.746
278.746
278.746
278.746
278.746
278.746
278.746
278.746
278.746
278.746
278.746
278.746
278.746
278.746
278.746
278.746
278.746
278.746
278.746
278.746
278.746
278.746
278.746
278.746
278.746
278.746
278.746
278.746
278.746
278.746
278.746
278.746
278.746
278.746
278.746
278.746
278.746
278.746
278.746
278.746
278.746
278.746
278.746
278.746
278.746
278.746
278.746
278.746
278.746
278.746
278.746
278.746
278.746
278.746
278.746
278.746
278.746
278.746
278.746
278.746
278.746
278.746
278.746
278.746
278.746
278.746
278.746
278.746
278.746
278.746
278.746
278.746
278.746
278.746
278.746
278.746
278.746
278.746
278.746
278.746
278.746
278.746
278.746
278.746
278.746
278.746
278.746
278.746
278.746
278.746
278.746
278.746
278.746
278.746
278.746
278.746
278.746
278.746
278.746
278.746
278.746
278.746
278.746
278.746
278.746
278.746
278.746
278.746
278.746
278.746
278.746
278.746
278.746
278.746
278.746
278.746
278.746
278.746
278.746
278.746
278.746
278.746
278.746
278.746
278.746
278.746
278.746
278.746
278.746
278.746
278.746
278.746
278.746
278.746
278.746
278.746
278.746
278.746
278.746
278.746
278.746
278.746
278.746
278.746
278.746
278.746
278.746
278.746
278.746
278.746
278.746
278.746
278.746
278.746
278.746
278.746
278.746
278.746
278.746
278.746
278.746
278.746
278.746
278.746
278.746
278.746
278.746
278.746
278.746
278.746
278.746
278.746
278.746
278.746
278.746
278.746
278.746
278.746
278.746
278.746
278.746
278.746
278.746
278.746
278.746
278.746
278.746
278.746
278.746
278.746
278.746
278.746
278.746
278.746
278.746
278.746
278.746
278.746
278.746
278.746
278.746
278.746
278.746
278.746
278.746
278.746
278.746
278.746
278.746
278.746
278.746
278.746
278.746
278.746
278.746
278.746
278.746
278.746
278.746
278.746
278.746
278.746
278.746
278.746
278.746
278.746
278.746
278.746
278.746
278.746
278.746
278.746
278.746
278.746
278.746
278.746
278.746
278.746
278.746
278.746
278.746
278.746
278.746
278.746
278.746
278.746
278.746
278.746
278.746
278.746
278.746
278.746
278.746
278.746
278.746
278.746
278.746
278.746
278.746
278.746
278.746
278.746
278.746
278.746
278.746
278.746
278.746
278.746
278.746
278.746
278.746
278.746
278.746
278.746
278.746
278.746
278.746
278.746
278.746
278.746
278.746
278.746
278.746
278.746
278.746
278.746
278.746
278.746
278.746
278.746
278.746
278.746
278.746
278.746
278.746
278.746
278.746
278.746
278.746
278.746
278.746
278.746
278.746
278.746
278.746
278.746
278.746
278.746
278.746
278.746
278.746
278.746
278.746
278.746
278.746
278.746
278.746
278.746
278.746
278.746
278.746
278.746
278.746
278.746
278.746
278.746
278.746
278.746
278.746
278.746
278.746
278.746
278.746
278.746
278.746
278.746
278.746
278.746
278.746
278.746
278.746
278.746
278.746
278.746
278.746
278.746
278.746
278.746
278.746
278.746
278.746
278.746
278.746
278.746
278.746
278.746
278.746
278.746
278.746
278.746
278.746
278.746
278.746
278.746
278.746
278.746
278.746
278.746
278.746
278.746
278.746
278.746
278.746
278.746
278.746
278.746
278.746
278.746
278.746
278.746
278.746
278.746
278.746
278.746
278.746
278.746
278.746
278.746
278.746
278.746
278.746
278.746
278.746
278.746
278.746
278.746
278.746
278.746
278.746
278.746
278.746
278.746
278.746
278.746
278.746
278.746
278.746
278.746
278.746
278.746
278.746
278.746
278.746
278.746
278.746
278.746
278.746
278.746
278.746
278.746
278.746
278.746
278.746
278.746
278.746
278.746
278.746
278.746
278.746
278.746
278.746
278.746
278.746
278.746
278.746
278.746
278.746
278.746
278.746
278.746
278.746
278.746
278.746
278.746
278.746
278.746
278.746
278.746
278.746
278.746
278.746
278.746
278.746
278.746
278.746
278.746
278.746
278.746
278.746
278.746
278.746
278.746
278.746
278.746
278.746
278.746
278.746
278.746
278.746
278.746
278.746
278.746
278.746
278.746
278.746
278.746
278.746
278.746
278.746
278.746
278.746
278.746
278.746
278.746
278.746
278.746
278.746
278.746
278.746
278.746
278.746
278.746
278.746
278.746
278.746
278.746
278.746
278.746
278.746
278.746
278.746
278.746
278.746
278.746
278.746
278.746
278.746
278.746
278.746
278.746
278.746
278.746
278.746
278.746
278.746
278.746
278.746
278.746
278.746
278.746
278.746
278.746
278.746
278.746
278.746
278.746
278.746
278.746
278.746
278.746
278.746
278.746
278.746
278.746
278.746
278.746
278.746
278.746
278.746
278.746
278.746
278.746
278.746
278.746
278.746
278.746
278.746
278.746
278.746
278.746
278.746
278.746
278.746
278.746
278.746
278.746
278.746
278.746
278.746
278.746
278.746
278.746
278.746
278.746
278.746
278.746
278.746
278.746
278.746
278.746
278.746
278.746
278.746
278.746
278.746
278.746
278.746
278.746
278.746
278.746
278.746
278.746
278.746
278.746
278.746
278.746
278.746
278.746
278.746
278.746
278.746
278.746
278.746
278.746
278.746
278.746
278.746
278.746
278.746
278.746
278.746
278.746
278.746
278.746
278.746
278.746
278.746
278.746
278.746
278.746
278.746
278.746
278.746
278.746
278.746
278.746
278.746
278.746
278.746
278.746
278.746
278.746
278.746
278.746
278.746
278.746
278.746
278.746
278.746
278.746
278.746
278.746
278.746
278.746
278.746
278.746
278.746
278.746
278.746
278.746
278.746
278.746
278.746
278.746
278.746
278.746
278.746
278.746
278.746
278.746
278.746
278.746
278.746
278.746
278.746
278.746
278.746
278.746
278.746
278.746
278.746
278.746
278.746
278.746
278.746
278.746
278.746
278.746
278.746
278.746
278.746
278.746
278.746
278.746
278.746
278.746
278.746
278.746
278.746
278.746
278.746
278.746
278.746
278.746
278.746
278.746
278.746
278.746
278.746
278.746
278.746
278.746
278.746
278.746
278.746
278.746
278.746
278.746
278.746
278.746
278.746
278.746
278.746
278.746
278.746
278.746
278.746
278.746
278.746
278.746
278.746
278.746
278.746
278.746
278.746
278.746
278.746
278.746
278.746
278.746
278.746
278.746
278.746
278.746
278.746
278.746
278.746
278.746
278.746
278.746
278.746
278.746
278.746
278.746
278.746
278.746
278.746
278.746
278.746
278.746
278.746
278.746
278.746
278.746
278.746
278.746
278.746
278.746
278.746
278.746
278.746
278.746
278.746
278.746
278.746
278.746
278.746
278.746
278.746
278.746
278.746
278.746
278.746
278.746
278.746
278.746
278.746
278.746
278.746
278.746
278.746
278.746
278.746
278.746
278.746
278.746
278.746
278.746
278.746
278.746
278.746
278.746
278.746
278.746
278.746
278.746
278.746
278.746
278.746
278.746
278.746
278.746
278.746
278.746
278.746
278.746
278.746
278.746
278.746
278.746
278.746
278.746
278.746
278.746
278.746
278.746
278.746
278.746
278.746
278.746
278.746
278.746
278.746
278.746
278.746
278.746
278.746
278.746
278.746
278.746
278.746
278.746
278.746
278.746
278.746
278.746
278.746
278.746
278.746
278.746
278.746
278.746
278.746
278.746
278.746
278.746
278.746
278.746
278.746
278.746
278.746
278.746
278.746
278.746
278.746
278.746
278.746
278.746
278.746
278.746
278.746
278.746
278.746
278.746
278.746
278.746
278.746
278.746
278.746
278.746
278.746
278.746
278.746
278.746
278.746
278.746
278.746
278.746
278.746
278.746
278.746
278.746
278.746
278.746
278.746
278.746
278.746
278.746
278.746
278.746
278.746
278.746
278.746
278.746
278.746
278.746
278.746
278.746
278.746
278.746
278.746
278.746
278.746
278.746
278.746
278.746
278.746
278.746
278.746
278.746
278.746
278.746
278.746
278.746
278.746
278.746
278.746
278.746
278.746
278.746
278.746
278.746
278.746
278.746
278.746
278.746
278.746
278.746
278.746
278.746
278.746
278.746
278.746
278.746
278.746
278.746
278.746
278.746
278.746
278.746
278.746
278.746
278.746
278.746
278.746
278.746
278.746
278.746
278.746
278.746
278.746
278.746
278.746
278.746
278.746
278.746
278.746
278.746
278.746
278.746
278.746
278.746
278.746
278.746
278.746
278.746
278.746
278.746
278.746
278.746
278.746
278.746
278.746
278.746
278.746
278.746
278.746
278.746
278.746
278.746
278.746
278.746
278.746
278.746
278.746
278.746
278.746
278.746
278.746
278.746
278.746
278.746
278.746
278.746
278.746
278.746
278.746
278.746
278.746
278.746
278.746
278.746
278.746
278.746
278.746
278.746
278.746
278.746
278.746
278.746
278.746
278.746
278.746
278.746
278.746
278.746
278.746
278.746
278.746
278.746
278.746
278.746
278.746
278.746
278.746
278.746
278.746
278.746
278.746
278.746
278.746
278.746
278.746
278.746
278.746
278.746
278.746
278.746
278.746
278.746
278.746
278.746
278.746
278.746
278.746
278.746
278.746
278.746
278.746
278.746
278.746
278.746
278.746
278.746
278.746
278.746
278.746
278.746
278.746
278.746
278.746
278.746
278.746
278.746
278.746
278.746
278.746
278.746
278.746
278.746
278.746
278.746
278.746
278.746
278.746
278.746
278.746
278.746
278.746
278.746
278.746
278.746
278.746
278.746
278.746
278.746
278.746
278.746
278.746
278.746
278.746
278.746
278.746
278.746
278.746
278.746
278.746
278.746
278.746
278.746
278.746
278.746
278.746
278.746
278.746
278.746
278.746
278.746
278.746
278.746
278.746
278.746
278.746
278.746
278.746
278.746
278.746
278.746
278.746
278.746
278.746
278.746
278.746
278.746
278.746
278.746
278.746
278.746
278.746
278.746
278.746
278.746
278.746
278.746
278.746
278.746
278.746
278.746
278.746
278.746
278.746
278.746
278.746
278.746
278.746
278.746
278.746
278.746
278.746
278.746
278.746
278.746
278.746
278.746
278.746
278.746
278.746
278.746
278.746
278.746
278.746
278.746
278.746
278.746
278.746
278.746
278.746
278.746
278.746
278.746
278.746
278.746
278.746
278.746
278.746
278.746
278.746
278.746
278.746
278.746
278.746
278.746
278.746
278.746
278.746
278.746
278.746
278.746
278.746
278.746
278.746
278.746
278.746
278.746
278.746
278.746
278.746
278.746
278.746
278.746
278.746
278.746
278.746
278.746
278.746
278.746
278.746
278.746
278.746
278.746
278.746
278.746
278.746
278.746
278.746
278.746
278.746
278.746
278.746
278.746
278.746
278.746
278.746
278.746
278.746
278.746
278.746
278.746
278.746
278.746
278.746
278.746
278.746
278.746
278.746
278.746
278.746
278.746
278.746
278.746
278.746
278.746
278.746
278.746
278.746
278.746
278.746
278.746
278.746
278.746
278.746
278.746
278.746
278.746
278.746
278.746
278.746
278.746
278.746
278.746
278.746
278.746
278.746
278.746
278.746
278.746
278.746
278.746
278.746
278.746
278.746
278.746
278.746
278.746
278.746
278.746
278.746
278.746
278.746
278.746
278.746
278.746
278.746
278.746
278.746
278.746
278.746
278.746
278.746
278.746
278.746
278.746
278.746
278.746
278.746
278.746
278.746
278.746
278.746
278.746
278.746
278.746
278.746
278.746
278.746
278.746
278.746
278.746
278.746
278.746
278.746
278.746
278.746
278.746
278.746
278.746
278.746
278.746
278.746
278.746
278.746
278.746
278.746
278.746
278.746
278.746
278.746
278.746
278.746
278.746
278.746
278.746
278.746
278.746
278.746
278.746
278.746
278.746
278.746
278.746
278.746
278.746
278.746
278.746
278.746
278.746
278.746
278.746
278.746
278.746
278.746
278.746
278.746
278.746
278.746
278.746
278.746
278.746
278.746
278.746
278.746
278.746
278.746
278.746
278.746
278.746
278.746
278.746
278.746
278.746
278.746
278.746
278.746
278.746
278.746
278.746
278.746
278.746
278.746
278.746
278.746
278.746
278.746
278.746
278.746
278.746
278.746
278.746
278.746
278.746
278.746
278.746
278.746
278.746
278.746
278.746
278.746
278.746
278.746
278.746
278.746
278.746
278.746
278.746
278.746
278.746
278.746
278.746
278.746
278.746
278.746
278.746
278.746
278.746
278.746
278.746
278.746
278.746
278.746
278.746
278.746
278.746
278.746
278.746
278.746
278.746
278.746
278.746
278.746
278.746
278.746
278.746
278.746
278.746
278.746
278.746
278.746
278.746
278.746
278.746
278.746
278.746
278.746
278.746
278.746
278.746
278.746
278.746
278.746
278.746
278.746
278.746
278.746
278.746
278.746
278.746
278.746
278.746
278.746
278.746
278.746
278.746
278.746
278.746
278.746
278.746
278.746
278.746
278.746
278.746
278.746
278.746
278.746
278.746
278.746
278.746
278.746
278.746
278.746
278.746
278.746
278.746
278.746
278.746
278.746
278.746
278.746
278.746
278.746
278.746
278.746
278.746
278.746
278.746
278.746
278.746
278.746
278.746
278.746
278.746
278.746
278.746
278.746
278.746
278.746
278.746
278.746
278.746
278.746
278.746
278.746
278.746
278.746
278.746
278.746
278.746
278.746
278.746
278.746
278.746
278.746
278.746
278.746
278.746
278.746
278.746
278.746
278.746
278.746
278.746
278.746
278.746
278.746
278.746
278.746
278.746
278.746
278.746
278.746
278.746
278.746
278.746
278.746
278.746
278.746
278.746
278.746
278.746
278.746
278.746
278.746
278.746
278.746
278.746
278.746
278.746
278.746
278.746
278.746
278.746
278.746
278.746
278.746
278.746
278.746
278.746
278.746
278.746
278.746
278.746
278.746
278.746
278.746
278.746
278.746
278.746
278.746
278.746
278.746
278.746
278.746
278.746
278.746
278.746
278.746
278.746
278.746
278.746
278.746
278.746
278.746
278.746
278.746
278.746
278.746
278.746
278.746
278.746
278.746
278.746
278.746
278.746
278.746
278.746
278.746
278.746
278.746
278.746
278.746
278.746
278.746
278.746
278.746
278.746
278.746
278.746
278.746
278.746
278.746
278.746
278.746
278.746
278.746
278.746
278.746
278.746
278.746
278.746
278.746
278.746
278.746
278.746
278.746
278.746
278.746
278.746
278.746
278.746
278.746
278.746
278.746
278.746
278.746
278.746
278.746
278.746
278.746
278.746
278.746
278.746
278.746
278.746
278.746
278.746
278.746
278.746
278.746
278.746
278.746
278.746
278.746
278.746
278.746
278.746
278.746
278.746
278.746
278.746
278.746
278.746
278.746
278.746
)
;

boundaryField
{
    sides
    {
        type            zeroGradient;
    }
    empty
    {
        type            empty;
    }
}


// ************************************************************************* //
