/*--------------------------------*- C++ -*----------------------------------*\
| =========                 |                                                 |
| \\      /  F ield         | OpenFOAM: The Open Source CFD Toolbox           |
|  \\    /   O peration     | Version:  4.0                                   |
|   \\  /    A nd           | Web:      www.OpenFOAM.org                      |
|    \\/     M anipulation  |                                                 |
\*---------------------------------------------------------------------------*/
FoamFile
{
    version     2.0;
    format      ascii;
    class       volScalarField;
    location    "49";
    object      p;
}
// * * * * * * * * * * * * * * * * * * * * * * * * * * * * * * * * * * * * * //

dimensions      [0 2 -2 0 0 0 0];

internalField   nonuniform List<scalar> 
8800
(
0.900488
0.8527
0.814009
0.785011
0.764144
0.749309
0.738706
0.731219
0.726389
0.724319
0.725573
0.729751
0.736387
0.745696
0.75847
0.776199
0.800974
0.834912
0.87746
0.936162
0.731742
0.739421
0.746892
0.750199
0.748692
0.743611
0.737119
0.731035
0.726302
0.723446
0.723153
0.725644
0.730121
0.736057
0.742819
0.749094
0.752731
0.751993
0.746569
0.737877
0.710153
0.716312
0.720437
0.723378
0.725422
0.726021
0.724907
0.722793
0.720766
0.719844
0.72079
0.723156
0.725943
0.728114
0.728714
0.727509
0.725162
0.721766
0.717206
0.713445
0.704359
0.707009
0.709757
0.712156
0.713785
0.714939
0.715671
0.715777
0.715468
0.715402
0.716135
0.717288
0.718113
0.718166
0.717547
0.716448
0.714626
0.712051
0.709645
0.708141
0.699
0.700424
0.702199
0.704225
0.706002
0.707334
0.708312
0.709096
0.709694
0.710238
0.710867
0.711342
0.711422
0.711119
0.710409
0.70915
0.707446
0.705592
0.704281
0.70345
0.693951
0.694871
0.696108
0.697667
0.699291
0.700805
0.702076
0.703126
0.70407
0.704939
0.7056
0.705901
0.705836
0.705376
0.704478
0.703265
0.701926
0.700657
0.699831
0.69928
0.68908
0.689749
0.690706
0.692
0.693398
0.694843
0.696266
0.697568
0.698742
0.699818
0.700604
0.700937
0.700822
0.700286
0.699457
0.698492
0.697464
0.69653
0.69594
0.695535
0.68434
0.684856
0.685634
0.686755
0.688019
0.689377
0.690803
0.692251
0.693648
0.694945
0.695906
0.696332
0.696265
0.695844
0.695211
0.694462
0.693667
0.69297
0.692532
0.692216
0.679663
0.680073
0.680723
0.681718
0.682909
0.684217
0.685638
0.687163
0.688746
0.690295
0.691482
0.69208
0.69219
0.691974
0.691551
0.691003
0.690406
0.689895
0.689566
0.68931
0.674964
0.675298
0.675859
0.676773
0.677912
0.679202
0.680653
0.682268
0.684026
0.685845
0.687328
0.688198
0.688564
0.688583
0.688375
0.688037
0.687624
0.687267
0.687022
0.686808
0.670158
0.670434
0.670933
0.671801
0.67292
0.67423
0.675747
0.677491
0.679461
0.681593
0.68345
0.684673
0.685348
0.685633
0.685657
0.685527
0.685294
0.685071
0.684893
0.684709
0.665161
0.665393
0.665852
0.666703
0.667841
0.669214
0.67084
0.672765
0.675011
0.677531
0.679847
0.681493
0.682527
0.683116
0.683397
0.68348
0.683424
0.683322
0.683198
0.683036
0.659885
0.660083
0.660522
0.661385
0.662584
0.664064
0.665852
0.668027
0.670629
0.673641
0.676514
0.678663
0.680112
0.681044
0.68161
0.681911
0.682044
0.682056
0.681978
0.681831
0.654237
0.654405
0.654842
0.655746
0.657047
0.658685
0.660704
0.663206
0.666264
0.669891
0.67344
0.676186
0.678123
0.679448
0.680335
0.680903
0.681218
0.681334
0.681295
0.681158
0.648105
0.648249
0.648698
0.649673
0.651122
0.652977
0.655301
0.658221
0.661849
0.666231
0.670605
0.67407
0.676588
0.678375
0.679625
0.680477
0.681001
0.681228
0.681226
0.681095
0.64136
0.641478
0.641953
0.643032
0.64468
0.64682
0.649535
0.652989
0.657332
0.662641
0.668015
0.672344
0.675551
0.677884
0.67956
0.680734
0.68149
0.681831
0.681863
0.681735
0.633836
0.633929
0.634446
0.635661
0.637565
0.640072
0.643288
0.647417
0.652652
0.659099
0.665686
0.671049
0.675074
0.678043
0.680227
0.68178
0.682794
0.683255
0.683321
0.683192
0.625306
0.625404
0.625973
0.627344
0.629577
0.632556
0.636415
0.641401
0.647754
0.655607
0.663654
0.670242
0.675227
0.678947
0.681737
0.683731
0.685034
0.685624
0.685722
0.68559
0.615485
0.615562
0.616219
0.617811
0.62047
0.624056
0.628726
0.634785
0.64252
0.65209
0.6619
0.669953
0.676083
0.680698
0.684192
0.686705
0.688341
0.689072
0.689202
0.689061
0.604009
0.604069
0.604821
0.606724
0.60993
0.614298
0.620011
0.627436
0.636906
0.648579
0.660504
0.670281
0.677749
0.683412
0.687716
0.690846
0.692857
0.693737
0.693895
0.693744
0.590345
0.590391
0.591287
0.593597
0.597527
0.602923
0.609994
0.619179
0.630834
0.645083
0.659525
0.671319
0.680327
0.687205
0.692461
0.696291
0.698712
0.699747
0.699929
0.699763
0.573734
0.573768
0.574879
0.577766
0.582689
0.589479
0.59837
0.609854
0.62427
0.641655
0.65905
0.673166
0.683938
0.692195
0.698542
0.70316
0.706023
0.707207
0.707405
0.70722
0.553067
0.553098
0.554543
0.55829
0.56464
0.573391
0.584769
0.599281
0.617168
0.638326
0.659161
0.675906
0.688673
0.698487
0.706028
0.711546
0.714861
0.716177
0.716377
0.716169
0.526605
0.526655
0.528679
0.533823
0.542384
0.554028
0.568929
0.587492
0.609761
0.635408
0.660121
0.679738
0.694655
0.706179
0.715021
0.721479
0.725224
0.726629
0.726809
0.726576
0.491331
0.49148
0.494697
0.502424
0.514737
0.530793
0.550707
0.574571
0.602178
0.632999
0.662018
0.684738
0.701937
0.715239
0.725511
0.732891
0.736982
0.738403
0.73853
0.73827
0.441485
0.442442
0.448859
0.461903
0.480744
0.503635
0.53047
0.561056
0.594986
0.631589
0.665154
0.691048
0.710555
0.72567
0.737361
0.745559
0.74984
0.751168
0.751213
0.750926
0.36817
0.37535
0.390243
0.413264
0.441857
0.473917
0.509227
0.547564
0.588529
0.63144
0.669952
0.699325
0.72139
0.738553
0.751776
0.760763
0.7652
0.766454
0.766453
0.7662
0.289127
0.306169
0.330343
0.363982
0.402736
0.444121
0.488007
0.534337
0.582804
0.632807
0.677298
0.711122
0.736517
0.756241
0.771421
0.781225
0.785618
0.786694
0.786723
0.786585
0.2233
0.243412
0.275293
0.317898
0.36563
0.415807
0.468016
0.522189
0.57801
0.634898
0.685098
0.723083
0.751562
0.773582
0.790197
0.800411
0.804662
0.80575
0.805884
0.805817
0.169371
0.191146
0.22853
0.277535
0.332344
0.389923
0.449496
0.510868
0.573602
0.637043
0.692652
0.734528
0.765799
0.789816
0.80773
0.818632
0.823455
0.824555
0.824673
0.824648
0.124375
0.147345
0.188522
0.242612
0.303125
0.366817
0.432708
0.500476
0.569529
0.639081
0.699775
0.745294
0.779175
0.805141
0.824431
0.836272
0.841472
0.842595
0.842765
0.842777
0.08606
0.109718
0.153754
0.2119
0.277202
0.346097
0.417474
0.49092
0.565711
0.640908
0.70634
0.755253
0.791571
0.81935
0.839835
0.852533
0.85818
0.859497
0.859726
0.859765
0.0524298
0.07656
0.122874
0.184338
0.253689
0.327102
0.40334
0.481896
0.561941
0.642382
0.712245
0.764309
0.802844
0.832151
0.853709
0.867047
0.873084
0.874707
0.875006
0.875051
0.0220189
0.0465685
0.0947511
0.159047
0.231886
0.30925
0.389842
0.473053
0.557962
0.643333
0.717388
0.772399
0.812926
0.843585
0.86601
0.879874
0.886216
0.888084
0.888422
0.888458
-0.0061101
0.0188312
0.0686366
0.135341
0.211249
0.292111
0.376613
0.464084
0.553539
0.643603
0.721696
0.779516
0.821896
0.853801
0.876916
0.891089
0.89768
0.899698
0.900041
0.900053
-0.0327381
-0.00735993
0.0439514
0.112751
0.191379
0.275361
0.363394
0.454782
0.548502
0.643072
0.725112
0.78569
0.82987
0.862889
0.886491
0.900869
0.907556
0.909675
0.910005
0.909985
-0.0582002
-0.0323794
0.0200821
0.0909547
0.171995
0.258777
0.350008
0.445003
0.542732
0.641652
0.727604
0.790977
0.836974
0.871023
0.895025
0.909482
0.91624
0.918391
0.918716
0.918668
-0.0829002
-0.0565024
-0.00296843
0.0697169
0.152913
0.242207
0.336342
0.434654
0.536144
0.639265
0.729152
0.795434
0.843333
0.878409
0.90275
0.917265
0.92402
0.926123
0.926439
0.926371
-0.106957
-0.080109
-0.0253806
0.0489019
0.13403
0.225578
0.322336
0.423692
0.528694
0.635871
0.729743
0.799114
0.849056
0.885182
0.909849
0.924382
0.931081
0.933115
0.933353
0.933246
-0.130475
-0.103075
-0.0473
0.0284387
0.115303
0.208865
0.307978
0.412101
0.520365
0.631436
0.729351
0.802037
0.854217
0.89148
0.916483
0.930978
0.937496
0.939389
0.939548
0.939397
-0.153567
-0.125566
-0.0687795
0.00830386
0.096716
0.192076
0.293294
0.399912
0.511169
0.625942
0.727936
0.804184
0.858881
0.897449
0.922802
0.937139
0.943352
0.945015
0.945085
0.944906
-0.176232
-0.147549
-0.0898119
-0.0114942
0.0783088
0.175248
0.278337
0.387177
0.501144
0.619383
0.725445
0.805497
0.863063
0.903238
0.929009
0.943004
0.948701
0.950047
0.950022
0.949826
-0.198307
-0.168982
-0.110335
-0.0309199
0.060119
0.158451
0.263172
0.373974
0.490356
0.611791
0.721819
0.805878
0.866721
0.908979
0.935384
0.948823
0.953648
0.954513
0.954383
0.954187
-0.219767
-0.189833
-0.130331
-0.0499168
0.0422082
0.141749
0.247893
0.360385
0.478889
0.603202
0.717014
0.805194
0.869746
0.914725
0.942283
0.9551
0.958517
0.958497
0.958193
0.95805
-0.240676
-0.210061
-0.149768
-0.0684495
0.0246417
0.125226
0.232588
0.346517
0.46684
0.593686
0.710985
0.803303
0.871939
0.920348
0.949993
0.962688
0.964264
0.962444
0.961567
0.961682
-0.260859
-0.229641
-0.168586
-0.0864531
0.0074801
0.108968
0.217355
0.332483
0.454326
0.58334
0.703725
0.800043
0.873023
0.925462
0.958381
0.972517
0.972983
0.968539
0.965538
0.964941
-0.280409
-0.248565
-0.186803
-0.103955
-0.00930948
0.0929287
0.202137
0.318222
0.44128
0.57209
0.695097
0.79514
0.872676
0.92949
0.966665
0.984678
0.98693
0.981208
0.972419
0.957753
-0.299251
-0.266818
-0.204539
-0.121154
-0.0260163
0.0767735
0.186517
0.303252
0.427162
0.559293
0.684446
0.787797
0.870285
0.931588
0.972878
0.996439
1.00141
0.989629
0.970246
0.957534
-0.317205
-0.284535
-0.221597
-0.137827
-0.0423065
0.0608502
0.170721
0.287899
0.412282
0.545215
0.671862
0.777586
0.865128
0.930628
0.97254
0.995698
1.00399
0.981914
0.913813
0.883011
-0.333605
-0.302949
-0.237641
-0.15342
-0.0574272
0.0456648
0.155058
0.272393
0.396858
0.529983
0.657293
0.764239
0.855918
0.92602
0.960874
0.977696
0.970523
0.917862
0.848772
0.806163
-0.390022
-0.319185
-0.252293
-0.169011
-0.0729559
0.0297698
0.139466
0.256454
0.380527
0.51315
0.640152
0.747194
0.838979
0.915731
0.921507
0.927369
0.881873
0.813412
0.737345
0.694934
-0.35121
-0.334973
-0.274094
-0.190385
-0.0956956
0.0069069
0.115619
0.231947
0.355013
0.486139
0.610964
0.715974
0.799593
0.879762
0.869565
0.759898
0.656461
0.584423
0.511637
0.543155
-0.38274
-0.353044
-0.291149
-0.208202
-0.113476
-0.011079
0.0979078
0.213607
0.335614
0.464939
0.586894
0.687621
0.762801
0.80505
0.7579
0.612102
0.486127
0.395808
0.297514
0.348481
-0.407071
-0.374422
-0.311222
-0.228041
-0.133218
-0.0309004
0.0780307
0.192916
0.313553
0.440498
0.558715
0.653441
0.719667
0.728597
0.623897
0.452686
0.30128
0.183398
0.0526838
0.0859608
-0.430931
-0.396699
-0.332286
-0.248187
-0.153192
-0.0509757
0.0574786
0.171435
0.290522
0.414727
0.528337
0.615983
0.666909
0.644956
0.488335
0.293314
0.103847
-0.0635333
-0.252079
-0.269801
-0.454187
-0.419495
-0.354161
-0.26927
-0.174046
-0.0719903
0.03587
0.14879
0.266087
0.38719
0.495532
0.575803
0.608179
0.55045
0.359381
0.150008
-0.0666138
-0.255558
-0.497657
-0.798183
-0.477756
-0.443053
-0.377143
-0.291721
-0.196245
-0.0942894
0.0130582
0.124923
0.240342
0.358107
0.460919
0.532885
0.545463
0.436944
0.247298
0.0385072
-0.165089
-0.336907
-0.405262
-0.485281
-0.502589
-0.467826
-0.401591
-0.315887
-0.220293
-0.11852
-0.0117675
0.098886
0.212128
0.326053
0.422956
0.484255
0.472415
0.330288
0.14786
-0.0419133
-0.20379
-0.295972
-0.319802
-0.335807
-0.529009
-0.494135
-0.427681
-0.341858
-0.246326
-0.144895
-0.0389636
0.0701956
0.180865
0.29032
0.380805
0.428526
0.399116
0.231316
0.0578009
-0.106864
-0.232473
-0.271091
-0.284072
-0.285382
-0.557227
-0.522157
-0.455481
-0.36963
-0.274291
-0.173416
-0.068546
0.038806
0.146488
0.250903
0.334077
0.367733
0.31961
0.139732
-0.0247128
-0.17207
-0.247538
-0.264432
-0.265817
-0.265642
-0.587307
-0.551946
-0.485017
-0.3992
-0.304204
-0.204072
-0.100516
0.00470585
0.109013
0.207876
0.282853
0.304799
0.22109
0.0558247
-0.100265
-0.22168
-0.257678
-0.256065
-0.255029
-0.254434
-0.618968
-0.583354
-0.516189
-0.430482
-0.335976
-0.236808
-0.13484
-0.0320741
0.0684852
0.161353
0.227941
0.233054
0.130251
-0.0223987
-0.159973
-0.235181
-0.245116
-0.2476
-0.248225
-0.247846
-0.651651
-0.615899
-0.548745
-0.463253
-0.369424
-0.271467
-0.171363
-0.0713982
0.0250911
0.11168
0.169767
0.159201
0.0475401
-0.0890955
-0.2034
-0.233736
-0.242318
-0.244229
-0.244051
-0.243683
-0.684903
-0.649053
-0.58223
-0.497123
-0.404205
-0.307732
-0.209808
-0.112974
-0.0208871
0.059571
0.107487
0.0888384
-0.0309189
-0.145344
-0.232434
-0.249151
-0.24167
-0.240655
-0.240657
-0.240524
-0.717844
-0.682138
-0.615783
-0.531494
-0.439785
-0.345137
-0.249733
-0.156318
-0.0689842
0.00569556
0.0438917
0.0246516
-0.103406
-0.195077
-0.23448
-0.24644
-0.242806
-0.2391
-0.237741
-0.237478
-0.748885
-0.713952
-0.648471
-0.56545
-0.475413
-0.382991
-0.290498
-0.200761
-0.118366
-0.049265
-0.0146246
-0.0439911
-0.165777
-0.261095
-0.244223
-0.253749
-0.248318
-0.238965
-0.234677
-0.233136
-0.776491
-0.74261
-0.679173
-0.597852
-0.510063
-0.420376
-0.331251
-0.245491
-0.167883
-0.104371
-0.0693599
-0.105283
-0.208756
-0.341531
-0.350565
-0.302455
-0.263203
-0.243937
-0.235958
-0.232993
-0.798542
-0.766456
-0.705751
-0.627313
-0.542463
-0.456162
-0.370933
-0.289524
-0.216461
-0.158146
-0.123514
-0.145062
-0.204862
-0.381446
-0.469347
-0.339157
-0.281785
-0.26257
-0.25369
-0.24901
-0.81285
-0.7835
-0.726484
-0.651908
-0.571111
-0.489042
-0.40834
-0.331705
-0.263188
-0.209086
-0.173012
-0.160206
-0.107052
-0.126982
-0.175538
-0.241318
-0.289665
-0.301527
-0.297786
-0.297273
-0.816773
-0.791513
-0.739363
-0.669863
-0.594308
-0.517604
-0.442184
-0.370853
-0.307097
-0.257736
-0.213316
-0.175513
0.0124045
0.321148
0.109151
-0.155777
-0.285001
-0.317997
-0.32763
-0.331398
-0.808239
-0.787828
-0.742204
-0.679533
-0.610532
-0.540245
-0.471025
-0.405619
-0.347861
-0.303649
-0.252735
-0.278048
-0.214494
-0.0125198
-0.177775
-0.356225
-0.428322
-0.442933
-0.447749
-0.452431
-0.785119
-0.769612
-0.733154
-0.679643
-0.618686
-0.555779
-0.493433
-0.434418
-0.383727
-0.348036
-0.323933
-0.535227
-1.00051
-1.56704
-1.62382
-1.15325
-0.82264
-0.69759
-0.669601
-0.665111
-0.749578
-0.739503
-0.712776
-0.670138
-0.618459
-0.563624
-0.50822
-0.455275
-0.410708
-0.384065
-0.393214
-0.66101
-1.11221
-1.55982
-1.54248
-1.09097
-0.765946
-0.651048
-0.611763
-0.598409
-0.707781
-0.702094
-0.685563
-0.653536
-0.611464
-0.564076
-0.514687
-0.466422
-0.424053
-0.396637
-0.393695
-0.417399
-0.26932
0.0103487
0.311344
0.2258
-0.0588934
-0.251643
-0.282109
-0.286983
-0.668876
-0.665562
-0.65734
-0.634902
-0.600389
-0.558856
-0.513782
-0.466814
-0.422667
-0.386338
-0.379889
-0.307972
-0.18556
-0.143839
-0.335691
-0.644245
-0.788319
-0.732035
-0.570138
-0.516841
-0.639632
-0.637635
-0.63353
-0.618588
-0.589822
-0.551261
-0.507553
-0.459644
-0.41004
-0.368156
-0.35122
-0.363082
-0.361666
-0.440039
-0.530559
-0.615988
-0.643349
-0.580864
-0.469611
-0.423693
-0.615742
-0.614993
-0.613761
-0.605844
-0.582146
-0.544889
-0.499152
-0.446872
-0.391692
-0.334959
-0.293596
-0.254375
-0.142972
-0.0200328
0.0376292
0.0814146
0.165791
0.259385
0.337217
0.369688
-0.600326
-0.599884
-0.599379
-0.595899
-0.577401
-0.540009
-0.489949
-0.431652
-0.364499
-0.288814
-0.213679
-0.105984
0.077132
0.311298
0.529835
0.719565
0.894708
1.04235
1.13667
1.1719
-0.590135
-0.58992
-0.589523
-0.588755
-0.575032
-0.537364
-0.482815
-0.415773
-0.336072
-0.245566
-0.139809
-0.0154527
0.242774
0.571172
0.898633
1.21213
1.47113
1.64734
1.74298
1.77474
-0.582895
-0.582635
-0.581787
-0.581179
-0.57261
-0.53827
-0.479702
-0.404207
-0.313666
-0.210161
-0.0954279
0.00882789
0.261307
0.60605
1.00031
1.35857
1.64071
1.81925
1.90488
1.92998
-0.583563
-0.581256
-0.575358
-0.571564
-0.572269
-0.546269
-0.482742
-0.397889
-0.298982
-0.188181
-0.0693725
0.0576788
0.238114
0.579296
0.924981
1.24255
1.49163
1.64446
1.71518
1.73446
-0.612417
-0.608445
-0.602284
-0.601977
-0.605493
-0.573323
-0.493353
-0.393643
-0.286816
-0.171708
-0.0551972
0.0667498
0.206954
0.438385
0.742847
1.00077
1.20492
1.32294
1.37479
1.38733
-0.674897
-0.677373
-0.690359
-0.698474
-0.689711
-0.621354
-0.504811
-0.385029
-0.272308
-0.15901
-0.0521697
0.0495558
0.143138
0.304126
0.529294
0.726479
0.882174
0.971012
1.00825
1.01616
-0.711773
-0.726584
-0.75068
-0.76092
-0.734455
-0.631172
-0.489376
-0.361068
-0.250354
-0.147336
-0.0565422
0.0225829
0.0894093
0.192481
0.352824
0.492531
0.599134
0.657751
0.682279
0.684398
-0.607961
-0.62381
-0.645406
-0.653883
-0.623058
-0.529689
-0.415353
-0.308412
-0.215304
-0.131391
-0.0597293
-0.00251271
0.0451136
0.107519
0.212096
0.307698
0.376207
0.413125
0.42613
0.427917
-0.368376
-0.378019
-0.392343
-0.401699
-0.389228
-0.344467
-0.286899
-0.22614
-0.166477
-0.107521
-0.057233
-0.0188359
0.012481
0.0572262
0.119341
0.173803
0.213187
0.233417
0.240918
0.240335
-0.119383
-0.123545
-0.13279
-0.146653
-0.158217
-0.162188
-0.155071
-0.137575
-0.11207
-0.0806882
-0.0527902
-0.0322563
-0.014176
0.0145455
0.0535416
0.0851681
0.103794
0.110853
0.112992
0.112256
0.0452707
0.0430759
0.0352675
0.0179452
-0.00891855
-0.0359604
-0.0553713
-0.0644991
-0.063418
-0.0544603
-0.0458512
-0.0419532
-0.0369122
-0.0176671
0.00495236
0.022114
0.030649
0.0333334
0.0336689
0.0330608
0.121555
0.119947
0.113078
0.0961973
0.0685462
0.0371298
0.00890262
-0.012054
-0.0242224
-0.0298644
-0.0361341
-0.0482548
-0.0550276
-0.0373724
-0.0191013
-0.0103062
-0.00778414
-0.00838213
-0.00895315
-0.00953859
0.143761
0.142517
0.137131
0.123664
0.101113
0.0738941
0.0468443
0.0235224
0.00578765
-0.0076778
-0.0225135
-0.0426894
-0.0556154
-0.0402765
-0.0255706
-0.0205575
-0.0210447
-0.0229811
-0.0238825
-0.0242659
0.141216
0.140331
0.136533
0.12693
0.110534
0.0897391
0.0674944
0.046652
0.0289313
0.0140121
-0.00167724
-0.0220082
-0.0334421
-0.020193
-0.0107747
-0.00907498
-0.0118039
-0.0142503
-0.0151818
-0.0155128
0.129739
0.129187
0.126725
0.120345
0.109149
0.0943598
0.077756
0.0615319
0.0473288
0.035751
0.0254235
0.0132425
0.00886915
0.0193592
0.0233861
0.0207541
0.0153044
0.0117413
0.0105602
0.0102822
0.115975
0.115686
0.114222
0.110243
0.103011
0.09315
0.0817922
0.0706079
0.0614202
0.0561263
0.0556029
0.0572873
0.0630035
0.0721658
0.0680398
0.0607745
0.054242
0.0508874
0.0498474
0.0495136
0.102081
0.102005
0.10125
0.098986
0.0946523
0.0885882
0.0816144
0.0751763
0.0712056
0.07287
0.083956
0.101962
0.123573
0.126516
0.115433
0.104772
0.0982183
0.0960116
0.0951842
0.0946111
0.088661
0.0886564
0.0883738
0.0872907
0.0850336
0.0818016
0.0782494
0.0756424
0.0761413
0.0838439
0.104087
0.134544
0.162981
0.163076
0.149297
0.139687
0.13689
0.136218
0.135617
0.134599
0.0755064
0.0755671
0.0755683
0.0752829
0.0744646
0.0732268
0.0721086
0.0722645
0.0758119
0.0870462
0.111356
0.145271
0.174749
0.173666
0.162037
0.156959
0.156384
0.157776
0.15772
0.156517
0.0625579
0.0626448
0.0628009
0.062992
0.0631071
0.0631644
0.0635873
0.0653404
0.0702572
0.0821654
0.105226
0.135116
0.159283
0.156273
0.150026
0.150398
0.154257
0.157178
0.15692
0.155743
0.0498446
0.0499155
0.0501374
0.0505781
0.0511883
0.0519529
0.0531462
0.055478
0.0603205
0.0703838
0.0879774
0.109198
0.123065
0.120937
0.121417
0.12737
0.134295
0.137861
0.137758
0.136653
0.0374546
0.0375043
0.0377024
0.0381896
0.0389585
0.0399686
0.041353
0.043559
0.0472751
0.0540687
0.0635437
0.0717785
0.0744275
0.0732648
0.0806565
0.0915946
0.100698
0.104711
0.105045
0.104144
0.0254568
0.0254716
0.0256107
0.0260207
0.0267066
0.0276355
0.0288183
0.0303061
0.0327335
0.0359602
0.0372282
0.0319508
0.0198718
0.0185337
0.0345034
0.0511372
0.0613669
0.064707
0.0649017
0.0643191
0.0138348
0.013821
0.0138851
0.0141492
0.0146049
0.0152015
0.0159265
0.0169741
0.0180446
0.0188173
0.015409
0.000143478
-0.0160698
-0.0139359
0.00370187
0.0190809
0.0257482
0.0278237
0.027862
0.027563
0.00280353
0.00278798
0.00278411
0.00277005
0.00281178
0.00298898
0.00318063
0.00333956
0.00352703
0.00366362
0.00303675
-0.0007096
-0.00683605
-0.00666736
-0.00341632
-0.000232406
-0.00249224
-0.00248418
0.000390952
0.00195539
-0.0218558
0.145745
0.341688
0.512659
0.649563
0.757743
0.847394
0.923619
0.958186
0.934889
0.282915
0.40422
0.534782
0.647747
0.743101
0.822124
0.886115
0.931511
0.954239
0.966292
0.503141
0.586413
0.675674
0.7546
0.822529
0.879377
0.924579
0.957593
0.981434
0.999399
0.664817
0.724345
0.786487
0.843893
0.893857
0.936289
0.971134
0.998922
1.02179
1.04008
0.790885
0.834251
0.88044
0.924466
0.963359
0.997326
1.02639
1.05058
1.07101
1.08884
0.895598
0.928624
0.966888
1.00258
1.03533
1.06468
1.09033
1.11188
1.12977
1.14711
0.988392
1.01717
1.05125
1.08347
1.1135
1.14074
1.16454
1.1843
1.19983
1.21691
1.07713
1.10639
1.14046
1.17256
1.20222
1.22884
1.25174
1.27026
1.28365
1.30068
1.17254
1.20578
1.24246
1.27608
1.30615
1.33237
1.35434
1.37164
1.38352
1.40092
1.28759
1.32544
1.36411
1.39838
1.42774
1.4525
1.47289
1.48879
1.50027
1.51834
1.43257
1.47112
1.50728
1.53798
1.56367
1.58578
1.60484
1.62038
1.63281
1.65081
1.60767
1.6393
1.66548
1.68794
1.70792
1.72665
1.74437
1.76086
1.77621
1.79428
1.7963
1.8135
1.82854
1.84478
1.86069
1.87522
1.88843
1.90236
1.9199
1.94006
1.97802
1.98756
1.99911
2.00992
2.0192
2.02879
2.03957
2.05094
2.06231
2.07766
2.18527
2.18893
2.17398
2.15917
2.1529
2.15858
2.17706
2.20737
2.23954
2.2662
2.49158
2.35672
2.28008
2.23771
2.22028
2.22425
2.25165
2.30806
2.41068
2.63505
0.791088
0.788959
0.784475
0.775848
0.76362
0.751486
0.74125
0.733345
0.727714
0.724442
0.724065
0.726782
0.731868
0.739076
0.748453
0.759986
0.772631
0.783662
0.789773
0.792825
0.715548
0.721394
0.727726
0.732215
0.73468
0.73435
0.731606
0.727786
0.724261
0.721983
0.721812
0.723985
0.727628
0.731902
0.735697
0.737572
0.736629
0.733142
0.727977
0.721356
0.707132
0.709428
0.71283
0.715822
0.717892
0.719381
0.720127
0.719799
0.718758
0.717854
0.718002
0.719402
0.721195
0.722483
0.722649
0.721748
0.720191
0.717848
0.714581
0.711658
0.701635
0.702721
0.704552
0.706925
0.708942
0.710362
0.711372
0.712109
0.712493
0.712691
0.713151
0.713927
0.714497
0.714542
0.714112
0.71325
0.71177
0.709678
0.707586
0.706201
0.696451
0.697113
0.698219
0.699918
0.701692
0.703314
0.704597
0.705596
0.706457
0.707218
0.707911
0.708424
0.708584
0.70839
0.707801
0.706729
0.705287
0.703734
0.702409
0.701627
0.691499
0.691959
0.692742
0.694034
0.695512
0.697017
0.698467
0.699745
0.700854
0.701875
0.702746
0.703266
0.70337
0.703062
0.702337
0.701325
0.700181
0.699035
0.698112
0.697593
0.6867
0.687045
0.687653
0.688714
0.689997
0.691356
0.692777
0.694199
0.695541
0.696779
0.697834
0.698467
0.698592
0.698272
0.697638
0.696832
0.695957
0.695073
0.694391
0.694011
0.682001
0.68227
0.68276
0.68366
0.684817
0.686097
0.68747
0.68893
0.690433
0.691902
0.693183
0.693979
0.694214
0.694038
0.693599
0.693001
0.692322
0.69166
0.691157
0.690867
0.677324
0.677537
0.677944
0.678734
0.679809
0.681038
0.682397
0.683898
0.685523
0.687217
0.688767
0.689803
0.690258
0.690306
0.690083
0.689694
0.689211
0.688735
0.688368
0.688141
0.672582
0.672754
0.673102
0.673818
0.674845
0.676049
0.677432
0.679009
0.680779
0.682711
0.684581
0.685948
0.686703
0.687017
0.687028
0.686853
0.686568
0.686256
0.686003
0.685822
0.667692
0.667831
0.668137
0.668808
0.669816
0.671041
0.672484
0.674177
0.676143
0.678365
0.680627
0.682409
0.683525
0.684146
0.684422
0.684472
0.684382
0.684226
0.684067
0.683921
0.662567
0.662679
0.662958
0.663608
0.664632
0.665922
0.66747
0.669335
0.671564
0.674157
0.676904
0.679185
0.680722
0.681697
0.682267
0.682556
0.682663
0.682664
0.682587
0.682469
0.657118
0.657206
0.657468
0.658123
0.6592
0.660599
0.662306
0.664408
0.666979
0.670045
0.673391
0.676268
0.678303
0.679684
0.680584
0.681153
0.681475
0.681618
0.681613
0.681517
0.651242
0.65131
0.651565
0.652247
0.653414
0.654968
0.656897
0.659316
0.662323
0.665986
0.670066
0.673661
0.676287
0.678145
0.679422
0.680299
0.680857
0.681153
0.681216
0.681138
0.64482
0.644868
0.645124
0.645855
0.647153
0.648915
0.651139
0.653961
0.657519
0.661916
0.666892
0.67136
0.674696
0.67712
0.678837
0.680057
0.680886
0.681346
0.681477
0.681414
0.637705
0.637734
0.637994
0.638798
0.64027
0.642307
0.64491
0.648251
0.652504
0.65781
0.663879
0.669398
0.673578
0.676666
0.678905
0.680528
0.681666
0.682303
0.682501
0.682451
0.629718
0.629735
0.629995
0.630896
0.632596
0.634973
0.638063
0.642063
0.647192
0.65363
0.661035
0.667811
0.672991
0.676862
0.679714
0.681823
0.68331
0.68414
0.684407
0.684368
0.620554
0.620539
0.620861
0.621897
0.623881
0.626706
0.630422
0.635256
0.641481
0.649316
0.658345
0.666628
0.672994
0.67779
0.681368
0.684051
0.685938
0.686984
0.687323
0.687292
0.609947
0.609906
0.610271
0.611497
0.613844
0.617246
0.621756
0.627646
0.635245
0.644808
0.655808
0.665891
0.673659
0.679549
0.683985
0.687333
0.689688
0.690973
0.691387
0.691361
0.597424
0.597356
0.597797
0.599269
0.602095
0.606252
0.611793
0.619044
0.628388
0.640089
0.653468
0.66569
0.675096
0.682259
0.687695
0.691813
0.694701
0.696246
0.696734
0.696709
0.582355
0.582258
0.58282
0.584637
0.588101
0.593266
0.600176
0.609214
0.620799
0.635173
0.651413
0.666115
0.677405
0.686026
0.692626
0.69762
0.701102
0.702921
0.703478
0.70345
0.563812
0.563687
0.564443
0.566765
0.571132
0.577701
0.586485
0.597902
0.612358
0.630011
0.649649
0.667237
0.680682
0.690958
0.698871
0.70486
0.708997
0.711091
0.711704
0.711665
0.540414
0.54027
0.541353
0.544459
0.55018
0.558801
0.57024
0.584901
0.603091
0.624795
0.648414
0.669238
0.685057
0.697159
0.706507
0.713619
0.718434
0.720782
0.721426
0.721366
0.509852
0.509727
0.511415
0.515882
0.523875
0.535695
0.55104
0.570163
0.593133
0.619704
0.647869
0.672268
0.690649
0.704719
0.715608
0.723908
0.72937
0.731913
0.732545
0.732454
0.468001
0.468037
0.471063
0.478379
0.49057
0.507611
0.528733
0.553858
0.582782
0.615047
0.648256
0.676464
0.697514
0.713612
0.726128
0.735628
0.741618
0.744224
0.744787
0.744654
0.40716
0.408337
0.415764
0.429433
0.449324
0.474689
0.503959
0.536747
0.572735
0.611366
0.649927
0.682014
0.705728
0.723815
0.737875
0.748411
0.754756
0.757208
0.757596
0.757423
0.334692
0.336425
0.350674
0.374229
0.404927
0.440138
0.478319
0.519305
0.562902
0.608611
0.653468
0.690467
0.717758
0.738521
0.754561
0.766372
0.77306
0.775473
0.775863
0.775788
0.259775
0.265897
0.286972
0.320666
0.361674
0.406454
0.453528
0.502784
0.554108
0.60704
0.658406
0.700513
0.731505
0.755165
0.773442
0.786352
0.793071
0.795199
0.795437
0.795428
0.198517
0.206927
0.232585
0.273274
0.322309
0.375246
0.430339
0.487332
0.54602
0.605901
0.663493
0.710413
0.744823
0.770982
0.790997
0.804868
0.81166
0.813701
0.814213
0.814285
0.14864
0.157644
0.186849
0.232762
0.287903
0.347414
0.409283
0.473108
0.538518
0.604897
0.668368
0.719819
0.757396
0.785877
0.807531
0.822404
0.829725
0.832326
0.832951
0.833057
0.106767
0.11606
0.147728
0.197646
0.257789
0.322762
0.390374
0.460166
0.531611
0.603957
0.672909
0.728595
0.769137
0.799815
0.823154
0.839077
0.847206
0.850175
0.850899
0.851009
0.0705639
0.0799826
0.113517
0.166646
0.230912
0.300542
0.373156
0.448227
0.525118
0.602944
0.676996
0.736627
0.77992
0.812569
0.837317
0.854232
0.863116
0.866362
0.86718
0.867282
0.0383867
0.0478609
0.0828331
0.138671
0.206396
0.280033
0.357069
0.436884
0.518754
0.601664
0.680502
0.743832
0.789642
0.824035
0.849978
0.867678
0.877143
0.880731
0.881601
0.88171
0.0089852
0.01852
0.0546691
0.112843
0.18355
0.260686
0.341648
0.425761
0.512219
0.599903
0.683296
0.750145
0.798293
0.83427
0.861237
0.879547
0.889431
0.893232
0.894157
0.894254
-0.0184824
-0.00888703
0.0283292
0.0884935
0.161854
0.242085
0.326555
0.414572
0.505283
0.597488
0.685281
0.755545
0.80594
0.843387
0.871251
0.88996
0.900029
0.904009
0.904974
0.905046
-0.0445746
-0.0348846
0.00332746
0.0651839
0.140936
0.223921
0.31155
0.403128
0.49779
0.594294
0.686374
0.760028
0.812664
0.851528
0.880125
0.899088
0.909242
0.913288
0.914269
0.914333
-0.0697551
-0.0598709
-0.0208066
0.04268
0.120542
0.20599
0.29647
0.391296
0.489635
0.590228
0.686514
0.763614
0.818566
0.858856
0.88811
0.907271
0.917479
0.921514
0.922459
0.922459
-0.0942465
-0.0841268
-0.044276
0.0207867
0.100516
0.188164
0.281215
0.379007
0.480748
0.585229
0.685664
0.766318
0.823735
0.865512
0.895399
0.914711
0.924923
0.928897
0.929787
0.929774
-0.118137
-0.107791
-0.067083
-0.000646813
0.0807689
0.170394
0.265747
0.366226
0.471104
0.579253
0.683787
0.768154
0.828235
0.871606
0.902147
0.921592
0.931749
0.935594
0.93639
0.936342
-0.141551
-0.130885
-0.0894162
-0.0216724
0.061265
0.152655
0.250064
0.352965
0.460709
0.572297
0.680849
0.769098
0.832102
0.87725
0.908513
0.928037
0.93802
0.941655
0.942317
0.942221
-0.164457
-0.153498
-0.11126
-0.0423097
0.0420085
0.134969
0.234208
0.339268
0.449597
0.564364
0.676823
0.769096
0.835334
0.882542
0.914666
0.934196
0.94382
0.947106
0.947602
0.947464
-0.186892
-0.17561
-0.132557
-0.0625291
0.0230307
0.117378
0.218229
0.325202
0.437831
0.555491
0.671683
0.768077
0.837865
0.887548
0.920816
0.94029
0.949277
0.952005
0.952293
0.952121
-0.208669
-0.197137
-0.153298
-0.08228
0.00438676
0.0999568
0.202199
0.310843
0.425492
0.545744
0.665419
0.765948
0.839591
0.892268
0.927189
0.946694
0.954667
0.956453
0.956413
0.956217
-0.229927
-0.218036
-0.173458
-0.101536
-0.0138863
0.0827511
0.186214
0.296278
0.412672
0.535211
0.658046
0.762607
0.84035
0.896584
0.933923
0.953967
0.96067
0.960818
0.960034
0.959794
-0.250496
-0.238279
-0.193003
-0.120245
-0.0317062
0.0658486
0.170357
0.28163
0.399485
0.523963
0.649608
0.757957
0.839944
0.900233
0.940888
0.962653
0.968622
0.966439
0.96373
0.962631
-0.270435
-0.257905
-0.211875
-0.138354
-0.0490331
0.0493203
0.154716
0.266982
0.386047
0.512141
0.64018
0.751911
0.838155
0.902808
0.947498
0.97264
0.980009
0.97663
0.969932
0.961106
-0.289658
-0.276873
-0.230171
-0.156016
-0.0660766
0.0328858
0.138951
0.251927
0.3719
0.499232
0.629217
0.743885
0.834443
0.903846
0.952908
0.982918
0.994915
0.992622
0.982507
0.976296
-0.308114
-0.295101
-0.247882
-0.173193
-0.082833
0.0165465
0.123079
0.236448
0.357004
0.485122
0.61653
0.733515
0.828073
0.902568
0.955
0.988692
1.00324
1.00568
0.968169
0.915981
-0.32551
-0.311803
-0.264882
-0.189811
-0.0994055
0.000154392
0.107054
0.220663
0.341417
0.469874
0.602052
0.720592
0.818004
0.898448
0.951594
0.980171
0.994908
0.978848
0.922471
0.859897
-0.342174
-0.327537
-0.281032
-0.205161
-0.115382
-0.0158165
0.0906452
0.204627
0.325287
0.453659
0.585803
0.704903
0.803079
0.892287
0.94034
0.987342
0.949578
0.903445
0.833114
0.766142
-0.32821
-0.309812
-0.259533
-0.17914
-0.0838359
0.0189537
0.130658
0.247437
0.371213
0.503423
0.629981
0.736788
0.827003
0.921482
0.961657
0.880468
0.830651
0.76524
0.692206
0.644273
-0.352689
-0.336327
-0.299921
-0.229469
-0.140066
-0.0412721
0.0654659
0.178915
0.298933
0.426251
0.556796
0.674393
0.770281
0.851959
0.925288
0.91873
0.794952
0.709918
0.646187
0.563761
-0.373072
-0.357266
-0.315185
-0.243357
-0.153521
-0.0550914
0.0505173
0.163082
0.282176
0.408158
0.537106
0.652603
0.745377
0.815639
0.84143
0.764626
0.625145
0.529128
0.45365
0.366111
-0.393886
-0.381179
-0.334561
-0.261427
-0.171488
-0.0727274
0.032882
0.145175
0.263419
0.387963
0.514143
0.625097
0.709202
0.765286
0.741997
0.611101
0.459886
0.342864
0.245038
0.109362
-0.417938
-0.404798
-0.356016
-0.281667
-0.191442
-0.0925866
0.0129491
0.124711
0.241907
0.364628
0.48744
0.593002
0.668804
0.70365
0.645076
0.463163
0.282909
0.131023
-0.00875527
-0.204537
-0.441029
-0.428197
-0.378188
-0.30258
-0.211824
-0.112979
-0.007783
0.103183
0.219084
0.339597
0.458595
0.558067
0.62601
0.627397
0.519239
0.322864
0.11137
-0.0874382
-0.261454
-0.652871
-0.464215
-0.451723
-0.401172
-0.324621
-0.233425
-0.134514
-0.0296653
0.0804896
0.194978
0.313031
0.427833
0.520344
0.576999
0.546394
0.396659
0.198017
-0.0176083
-0.227649
-0.405432
-0.680526
-0.48837
-0.476016
-0.425216
-0.348061
-0.256551
-0.157562
-0.0530134
0.0563574
0.169377
0.28478
0.3951
0.480274
0.522527
0.475242
0.286995
0.0955424
-0.100112
-0.265377
-0.336292
-0.374533
-0.513996
-0.501768
-0.450714
-0.373217
-0.281593
-0.182696
-0.0785984
0.0297659
0.140999
0.253263
0.358433
0.435605
0.46207
0.380658
0.189451
0.0101813
-0.152292
-0.257186
-0.294498
-0.303703
-0.541291
-0.529094
-0.47784
-0.400112
-0.308502
-0.209872
-0.106438
0.000665797
0.109753
0.218379
0.317665
0.386581
0.387158
0.276322
0.100439
-0.0651614
-0.202548
-0.257044
-0.269039
-0.273998
-0.570478
-0.558222
-0.506679
-0.428767
-0.337276
-0.239091
-0.136536
-0.0309837
0.0756063
0.180153
0.272861
0.332653
0.308698
0.178636
0.0174455
-0.138134
-0.235573
-0.263942
-0.260067
-0.260132
-0.60127
-0.589215
-0.537203
-0.459148
-0.367878
-0.270311
-0.168879
-0.065166
0.0385767
0.138602
0.224284
0.27285
0.239508
0.0884692
-0.0579035
-0.194101
-0.233789
-0.246007
-0.250779
-0.250883
-0.633512
-0.621421
-0.569204
-0.491092
-0.40018
-0.303429
-0.203375
-0.1018
-0.00126897
0.0939082
0.172135
0.209776
0.169928
0.0107509
-0.123997
-0.217622
-0.262366
-0.249274
-0.246215
-0.245887
-0.666682
-0.654586
-0.602395
-0.524282
-0.433896
-0.338198
-0.239795
-0.140671
-0.0437157
0.0464204
0.116849
0.145931
0.0839784
-0.05831
-0.176946
-0.224838
-0.240009
-0.241927
-0.242696
-0.242521
-0.700027
-0.688033
-0.635843
-0.558169
-0.468568
-0.374206
-0.277785
-0.181424
-0.0883796
-0.00344958
0.0597523
0.0744627
0.000560672
-0.121456
-0.210649
-0.229713
-0.236239
-0.239707
-0.239501
-0.239389
-0.732347
-0.720791
-0.668798
-0.591997
-0.503508
-0.410851
-0.316778
-0.223518
-0.134611
-0.0551686
0.00271276
0.00446923
-0.07172
-0.185597
-0.24345
-0.28215
-0.256779
-0.242356
-0.236842
-0.235573
-0.762178
-0.751117
-0.700168
-0.624465
-0.537783
-0.447293
-0.356015
-0.266229
-0.181574
-0.107732
-0.0537733
-0.0560382
-0.132042
-0.247941
-0.303302
-0.272247
-0.260387
-0.246511
-0.237504
-0.23396
-0.787845
-0.777492
-0.728032
-0.654442
-0.570174
-0.482429
-0.394502
-0.308631
-0.22833
-0.159638
-0.110055
-0.106481
-0.168595
-0.289503
-0.432817
-0.363693
-0.296106
-0.25912
-0.24339
-0.237794
-0.807022
-0.797597
-0.750464
-0.679981
-0.59916
-0.515023
-0.431072
-0.349592
-0.273874
-0.209824
-0.164016
-0.145962
-0.165452
-0.215827
-0.299474
-0.306267
-0.296085
-0.290474
-0.282044
-0.274936
-0.81767
-0.809085
-0.76542
-0.69917
-0.622943
-0.543546
-0.464436
-0.387863
-0.31716
-0.257511
-0.211908
-0.175915
-0.116902
0.0760425
0.050528
-0.10904
-0.245166
-0.300593
-0.307071
-0.309086
-0.815556
-0.808486
-0.771196
-0.710123
-0.639821
-0.566398
-0.49311
-0.422226
-0.357104
-0.301654
-0.258032
-0.223287
-0.145874
0.15179
0.235748
-0.065878
-0.278974
-0.352799
-0.366888
-0.372565
-0.799219
-0.794397
-0.764894
-0.711474
-0.648389
-0.582193
-0.515675
-0.45118
-0.392339
-0.343388
-0.31112
-0.328438
-0.468003
-0.651763
-0.752147
-0.731997
-0.648325
-0.578731
-0.554539
-0.549017
-0.769058
-0.765565
-0.745199
-0.702132
-0.64812
-0.590129
-0.530987
-0.473154
-0.420681
-0.380385
-0.364361
-0.469231
-0.90538
-1.7085
-2.03468
-1.71759
-1.12784
-0.820462
-0.715095
-0.692485
-0.729271
-0.727067
-0.71515
-0.683974
-0.639762
-0.590369
-0.538495
-0.48677
-0.439008
-0.403399
-0.39688
-0.467826
-0.614869
-0.663696
-0.5912
-0.425931
-0.369596
-0.450204
-0.476576
-0.463364
-0.687668
-0.6864
-0.680371
-0.661071
-0.626743
-0.584225
-0.538732
-0.491124
-0.445502
-0.407438
-0.390267
-0.350295
-0.23541
0.0478388
0.347644
0.23735
-0.0389249
-0.167578
-0.187399
-0.178255
-0.652985
-0.652326
-0.649543
-0.637708
-0.611896
-0.575493
-0.533641
-0.487682
-0.440134
-0.396919
-0.366387
-0.354125
-0.332763
-0.398673
-0.580416
-0.808981
-0.961802
-0.944593
-0.799388
-0.724355
-0.62706
-0.626298
-0.624884
-0.619827
-0.600555
-0.567992
-0.526322
-0.479099
-0.427963
-0.37525
-0.335816
-0.334803
-0.289565
-0.224743
-0.221574
-0.233491
-0.226355
-0.168416
-0.0914493
-0.0243835
-0.607277
-0.606943
-0.606286
-0.604358
-0.592399
-0.562467
-0.519258
-0.467973
-0.409195
-0.346783
-0.281681
-0.223362
-0.116826
0.055345
0.22561
0.347423
0.472126
0.60115
0.705647
0.763992
-0.594839
-0.594649
-0.594206
-0.593393
-0.587203
-0.55951
-0.513615
-0.455857
-0.387796
-0.309978
-0.219944
-0.135094
0.060538
0.322317
0.606317
0.875833
1.1137
1.31232
1.44676
1.5105
-0.586157
-0.586168
-0.585939
-0.585911
-0.58271
-0.55886
-0.510883
-0.446617
-0.368397
-0.276105
-0.171984
-0.0636485
0.109286
0.430026
0.793686
1.1606
1.48215
1.71213
1.84623
1.90125
-0.58118
-0.580981
-0.57916
-0.576463
-0.575179
-0.560654
-0.513549
-0.442227
-0.354707
-0.253227
-0.14311
-0.0171364
0.131553
0.416172
0.79485
1.15752
1.46879
1.68823
1.80822
1.85449
-0.593842
-0.592099
-0.585931
-0.578234
-0.57871
-0.575022
-0.525797
-0.443232
-0.345539
-0.237454
-0.121161
0.00305997
0.127059
0.362301
0.684449
0.99348
1.25608
1.43759
1.53166
1.56611
-0.64214
-0.639243
-0.637204
-0.64193
-0.646147
-0.630982
-0.551654
-0.445831
-0.334857
-0.22347
-0.108622
0.00335936
0.1142
0.251756
0.504001
0.752014
0.960437
1.10225
1.17293
1.19731
-0.70606
-0.707678
-0.725383
-0.743556
-0.742939
-0.691599
-0.568989
-0.437554
-0.317597
-0.208059
-0.102863
-0.00808522
0.0788352
0.168649
0.341689
0.524079
0.674243
0.777111
0.826125
0.84252
-0.680099
-0.68703
-0.708662
-0.729584
-0.723123
-0.658001
-0.527484
-0.397563
-0.284703
-0.187261
-0.0981152
-0.0230832
0.0406126
0.0944772
0.211864
0.339656
0.440823
0.508384
0.539044
0.547925
-0.496215
-0.504151
-0.521927
-0.537998
-0.533125
-0.482348
-0.398486
-0.311539
-0.229958
-0.155793
-0.0881432
-0.0332461
0.0107008
0.04617
0.119757
0.199888
0.262821
0.303343
0.321771
0.326997
-0.234769
-0.239277
-0.248277
-0.260462
-0.267877
-0.257907
-0.234785
-0.200318
-0.160504
-0.116805
-0.073723
-0.0393478
-0.0127217
0.00999864
0.0611126
0.106997
0.141583
0.161191
0.168731
0.170206
-0.0234434
-0.0256589
-0.0307618
-0.0427075
-0.0621182
-0.0837602
-0.0973017
-0.100799
-0.0937608
-0.0777616
-0.058284
-0.0427715
-0.0303332
-0.0158391
0.011104
0.0391829
0.0575311
0.0653738
0.0678327
0.0679279
0.0933455
0.091873
0.0880045
0.0759145
0.0524822
0.0213914
-0.00758023
-0.0290307
-0.0405842
-0.0431444
-0.0413118
-0.0428479
-0.0467038
-0.0392984
-0.0191169
-0.00198884
0.00584819
0.00848555
0.00856118
0.00839029
0.137837
0.136825
0.133684
0.123357
0.102587
0.0738841
0.0442025
0.0181668
-0.00130213
-0.0140143
-0.0237666
-0.0380676
-0.0550565
-0.0503555
-0.0315783
-0.0203184
-0.0168818
-0.0179841
-0.0194195
-0.0198816
0.144642
0.143981
0.141642
0.133968
0.118339
0.0960505
0.0711266
0.0470842
0.0265284
0.0101771
-0.00439184
-0.0234122
-0.0444391
-0.0413505
-0.025768
-0.0188356
-0.0181705
-0.0202819
-0.021773
-0.0221214
0.1362
0.135822
0.134247
0.129032
0.118181
0.102204
0.0833299
0.0639842
0.0464113
0.031615
0.0184362
0.00283258
-0.0134388
-0.00915833
0.00288577
0.00558662
0.00215514
-0.00176318
-0.00389118
-0.00435689
0.123005
0.122831
0.121871
0.118569
0.111469
0.100677
0.0874296
0.0733397
0.0604332
0.0500633
0.0432792
0.0375512
0.0324431
0.0381001
0.0456191
0.043116
0.0362496
0.0313005
0.0291678
0.028666
0.109007
0.108978
0.108466
0.106539
0.102178
0.0953236
0.0867212
0.0775973
0.0697168
0.0650362
0.0668117
0.0751983
0.0868832
0.0964526
0.0954411
0.0877374
0.0792891
0.0744353
0.0728694
0.0721929
0.0952902
0.095314
0.0951186
0.0941579
0.0917699
0.0878438
0.0828815
0.0778735
0.074582
0.0755489
0.0858512
0.107636
0.134714
0.152925
0.141216
0.128517
0.120488
0.118318
0.117066
0.116285
0.0820228
0.0821029
0.082083
0.0817444
0.0806981
0.0788452
0.0765485
0.074689
0.0749061
0.0801295
0.0961319
0.12554
0.160052
0.18005
0.167381
0.152777
0.149209
0.149087
0.150072
0.148923
0.0689536
0.0690361
0.0691157
0.0691906
0.0690598
0.068628
0.0681617
0.0684041
0.0708148
0.0782497
0.0959949
0.126093
0.158584
0.17428
0.16298
0.157026
0.157073
0.159572
0.160668
0.15955
0.0561379
0.0562086
0.0563295
0.0566047
0.0569928
0.0574222
0.0580316
0.0594142
0.0627168
0.0702891
0.0860551
0.110838
0.13505
0.143547
0.138232
0.138767
0.143403
0.147921
0.149275
0.14853
0.0435908
0.0436376
0.0437519
0.0440914
0.0447007
0.0455325
0.0466158
0.0483631
0.0515579
0.0577555
0.068896
0.0838477
0.0970403
0.10067
0.0986328
0.106179
0.115291
0.121556
0.123033
0.122372
0.0313964
0.0314142
0.0314926
0.0317914
0.0324019
0.033295
0.0344373
0.0360074
0.0384205
0.0424122
0.0479158
0.0512213
0.0484719
0.0426062
0.0498466
0.0638017
0.0767859
0.0838815
0.0857812
0.085315
0.0196049
0.0196034
0.0196352
0.019825
0.020299
0.0210053
0.0219132
0.023009
0.0243461
0.0263134
0.0271194
0.0210887
0.00532116
-0.00389952
0.00756611
0.0259602
0.038791
0.0437933
0.0452347
0.0453293
0.00279307
0.00278698
0.00277991
0.00276838
0.00289506
0.00308975
0.00325835
0.00341493
0.00360776
0.00350995
0.00174078
-0.00372571
-0.00739679
-0.00441329
-0.000848404
-0.00204318
-0.00295945
-0.00111709
0.00148228
0.014087
-1.06133
-0.379116
0.0716032
0.331743
0.519338
0.663449
0.775726
0.867227
0.964719
1.05635
-0.00747925
0.188478
0.367225
0.517866
0.643964
0.746978
0.831034
0.899854
0.94254
0.946549
0.327597
0.443678
0.557353
0.658594
0.745762
0.819315
0.879583
0.925375
0.954857
0.972565
0.539377
0.618319
0.696624
0.768294
0.830839
0.884257
0.928223
0.962717
0.988954
1.00808
0.694467
0.748107
0.807212
0.860627
0.907363
0.948045
0.98258
1.01124
1.03469
1.05172
0.817117
0.858034
0.903946
0.944222
0.981578
1.01491
1.0441
1.06906
1.08992
1.10418
0.919997
0.954485
0.991597
1.02588
1.05814
1.08776
1.11411
1.13671
1.15538
1.16713
1.01329
1.04433
1.07831
1.11092
1.14166
1.17
1.19511
1.21638
1.23333
1.24286
1.1043
1.13682
1.17212
1.20612
1.23741
1.26568
1.29023
1.31054
1.32599
1.33421
1.20623
1.24373
1.282
1.31824
1.35027
1.37812
1.40155
1.42054
1.43467
1.44316
1.33314
1.37549
1.41467
1.45052
1.48091
1.50657
1.52811
1.54572
1.55923
1.56939
1.49465
1.53609
1.56978
1.59933
1.62385
1.64536
1.66494
1.68236
1.69709
1.70979
1.68505
1.71584
1.73707
1.75619
1.77424
1.79147
1.80767
1.82349
1.84
1.85692
1.88289
1.89428
1.90532
1.91941
1.93369
1.94652
1.95788
1.96873
1.98163
1.99851
2.06869
2.07859
2.08723
2.08967
2.09053
2.09479
2.10558
2.12152
2.13914
2.14374
2.36972
2.31432
2.26348
2.22324
2.20084
2.19679
2.21029
2.24409
2.30053
2.37608
0.933301
0.874607
0.832125
0.798263
0.773602
0.756042
0.743524
0.734583
0.728456
0.724952
0.724536
0.727369
0.732788
0.74071
0.751621
0.766666
0.78767
0.816762
0.855522
0.903347
0.734857
0.743613
0.749142
0.749961
0.746472
0.740418
0.733973
0.728484
0.724623
0.722943
0.724086
0.727654
0.732914
0.739375
0.746133
0.751397
0.753018
0.749781
0.742435
0.734767
0.711898
0.713928
0.71853
0.722037
0.724542
0.725961
0.72566
0.723907
0.721694
0.720095
0.720077
0.72187
0.724565
0.72717
0.728638
0.728291
0.726429
0.723625
0.719573
0.71519
0.705002
0.705868
0.708348
0.711056
0.713059
0.714409
0.715379
0.715809
0.71564
0.715353
0.715665
0.716712
0.717778
0.718236
0.717916
0.717059
0.715642
0.713398
0.710757
0.708789
0.699369
0.699831
0.701223
0.703238
0.705167
0.70673
0.707856
0.708729
0.709419
0.709958
0.710544
0.711143
0.711432
0.711312
0.710822
0.709845
0.708329
0.706495
0.704845
0.703827
0.69421
0.694497
0.695412
0.696873
0.698487
0.700075
0.701479
0.702623
0.703609
0.704517
0.705302
0.705797
0.705912
0.705657
0.704974
0.703895
0.702593
0.701268
0.700175
0.699549
0.689275
0.689476
0.690161
0.691325
0.692694
0.69412
0.695568
0.696939
0.69817
0.699297
0.700256
0.700826
0.700933
0.700598
0.699895
0.698982
0.697984
0.696974
0.696182
0.695742
0.684491
0.684643
0.685187
0.68616
0.687374
0.688691
0.690086
0.691532
0.692963
0.694316
0.695478
0.696184
0.69635
0.696087
0.695545
0.694845
0.69407
0.693298
0.692712
0.692382
0.679782
0.679902
0.680346
0.681185
0.682296
0.683551
0.684915
0.686392
0.687955
0.689537
0.690946
0.691851
0.692184
0.692112
0.691781
0.691287
0.690705
0.690134
0.689703
0.689448
0.675058
0.675155
0.67553
0.676277
0.677325
0.67854
0.679909
0.681443
0.683135
0.684942
0.686644
0.687836
0.688432
0.688607
0.688499
0.688215
0.687831
0.687434
0.687127
0.686925
0.670233
0.670312
0.670637
0.671325
0.67234
0.673552
0.674963
0.676592
0.678452
0.680519
0.682575
0.68414
0.685067
0.685528
0.68567
0.685602
0.685415
0.685178
0.684973
0.684811
0.66522
0.665286
0.665576
0.666231
0.667244
0.668501
0.669994
0.671765
0.673852
0.676246
0.678738
0.680758
0.682075
0.682867
0.683288
0.683453
0.683463
0.683376
0.683259
0.683128
0.65993
0.659986
0.660254
0.660901
0.661947
0.663292
0.664916
0.666889
0.669278
0.672092
0.675122
0.677687
0.679463
0.680631
0.681366
0.681787
0.681997
0.682062
0.682023
0.681917
0.654269
0.654315
0.654571
0.655234
0.656351
0.657827
0.659642
0.661891
0.664665
0.668014
0.671708
0.674927
0.677243
0.678849
0.679937
0.680658
0.681089
0.681298
0.681326
0.68124
0.648125
0.648163
0.648416
0.649116
0.650341
0.652001
0.654074
0.656681
0.659945
0.663953
0.668458
0.67247
0.675434
0.67756
0.679057
0.680101
0.680778
0.681147
0.681245
0.681175
0.641364
0.641394
0.641651
0.642411
0.643787
0.64569
0.648098
0.651162
0.655045
0.659873
0.665368
0.670336
0.674073
0.676812
0.678793
0.680205
0.681165
0.681706
0.681871
0.681816
0.633834
0.633849
0.634116
0.634956
0.63653
0.638743
0.64158
0.645228
0.649891
0.65573
0.662432
0.668554
0.673213
0.676672
0.679221
0.681075
0.682357
0.683085
0.683319
0.683276
0.625282
0.625308
0.625606
0.626539
0.628365
0.630971
0.634363
0.638754
0.644399
0.6515
0.659677
0.66717
0.672916
0.677224
0.680444
0.682822
0.684473
0.685406
0.685712
0.685678
0.615444
0.615457
0.615796
0.616873
0.619023
0.622146
0.62624
0.631566
0.638434
0.647085
0.65705
0.666195
0.673237
0.678555
0.682569
0.685557
0.687639
0.688803
0.689182
0.689156
0.603947
0.603955
0.604328
0.6056
0.608178
0.611968
0.616967
0.623491
0.631907
0.64248
0.654613
0.665719
0.674276
0.680776
0.68572
0.689415
0.692
0.693414
0.69387
0.693847
0.590257
0.59026
0.590697
0.592231
0.595371
0.600044
0.606226
0.614302
0.624692
0.637655
0.652401
0.665819
0.676134
0.683996
0.690032
0.69454
0.697687
0.69937
0.6999
0.699876
0.573613
0.57361
0.574145
0.576058
0.579982
0.585858
0.593634
0.603769
0.616697
0.632625
0.650491
0.666585
0.678923
0.688335
0.695618
0.701049
0.704821
0.706781
0.707375
0.707345
0.5529
0.552893
0.553587
0.556078
0.561144
0.56873
0.578721
0.591622
0.607817
0.627388
0.648943
0.66811
0.682725
0.693897
0.70254
0.709038
0.713483
0.715712
0.716352
0.716307
0.526373
0.526366
0.527343
0.530805
0.53768
0.547849
0.561047
0.577759
0.5982
0.622235
0.648055
0.670622
0.687702
0.700778
0.710926
0.718562
0.723687
0.726145
0.726797
0.726725
0.490993
0.491002
0.492599
0.49795
0.508065
0.52232
0.540273
0.562179
0.587969
0.617282
0.647915
0.674204
0.693921
0.709004
0.720742
0.729591
0.735332
0.737932
0.738542
0.73843
0.440973
0.44121
0.444871
0.454592
0.470727
0.491725
0.5166
0.545357
0.577691
0.613071
0.648929
0.67907
0.701465
0.718582
0.73194
0.741934
0.748155
0.750755
0.751259
0.751095
0.368694
0.370989
0.381756
0.400874
0.427107
0.457523
0.491241
0.528107
0.567835
0.609887
0.651411
0.685752
0.711104
0.730491
0.745674
0.756835
0.763488
0.766083
0.766514
0.766343
0.291534
0.297824
0.316988
0.346198
0.383052
0.423188
0.465837
0.510968
0.558436
0.60777
0.655908
0.695497
0.72468
0.746983
0.764441
0.777026
0.783986
0.786391
0.786754
0.786667
0.225414
0.23207
0.257831
0.295603
0.341485
0.390552
0.441765
0.494981
0.550046
0.606491
0.661003
0.70555
0.738288
0.763274
0.782618
0.796117
0.803132
0.805398
0.805881
0.805879
0.171362
0.178292
0.208054
0.251975
0.304597
0.36098
0.419591
0.480108
0.542239
0.605427
0.666001
0.715219
0.75124
0.778595
0.799578
0.814045
0.821646
0.824282
0.824653
0.824674
0.126362
0.133612
0.16586
0.214466
0.272463
0.334802
0.399637
0.466536
0.535039
0.604462
0.670722
0.724324
0.763409
0.793022
0.815604
0.831285
0.839579
0.842283
0.842722
0.842775
0.0880203
0.0954486
0.129465
0.181626
0.244081
0.311457
0.381637
0.454137
0.528366
0.603503
0.675046
0.732737
0.774682
0.806385
0.830528
0.847165
0.856088
0.859122
0.859668
0.859745
0.0543558
0.061903
0.0972128
0.152308
0.21847
0.290163
0.365043
0.442543
0.521971
0.60238
0.678856
0.740362
0.784941
0.818494
0.843915
0.861398
0.870795
0.874202
0.87494
0.875027
0.0239141
0.031579
0.0679436
0.12555
0.194857
0.270289
0.349335
0.431347
0.515553
0.600881
0.682018
0.747124
0.794119
0.829324
0.85584
0.873998
0.88378
0.887483
0.888345
0.888441
-0.00422723
0.00354138
0.0408635
0.100538
0.172633
0.251352
0.334109
0.420216
0.508837
0.598808
0.684415
0.75298
0.802257
0.838982
0.866432
0.885084
0.895136
0.899047
0.899963
0.90005
-0.030809
-0.0229033
0.0153076
0.0767432
0.151358
0.232997
0.319079
0.408915
0.501635
0.596014
0.685963
0.757919
0.809429
0.847589
0.87585
0.894751
0.904976
0.908982
0.909938
0.910001
-0.0562631
-0.0481849
-0.00906653
0.0538611
0.130721
0.214965
0.30405
0.397289
0.493819
0.592391
0.686582
0.761947
0.815727
0.855302
0.884241
0.903348
0.91363
0.917688
0.918658
0.918705
-0.0809323
-0.0726485
-0.0328585
0.0316861
0.110518
0.197092
0.288888
0.38523
0.485301
0.587863
0.686231
0.76509
0.821252
0.862278
0.891856
0.91112
0.921411
0.92544
0.926372
0.926431
-0.104954
-0.0964476
-0.0559495
0.0100339
0.090635
0.179297
0.273525
0.372694
0.476036
0.582377
0.684869
0.767359
0.82608
0.868637
0.898853
0.91825
0.928499
0.932462
0.933328
0.933318
-0.128421
-0.119772
-0.078454
-0.0111947
0.0710093
0.161537
0.257944
0.359668
0.466015
0.575909
0.682465
0.768752
0.830259
0.874493
0.905387
0.924892
0.935006
0.938801
0.939555
0.939484
-0.151404
-0.142564
-0.100502
-0.0320305
0.0516232
0.14382
0.242169
0.346183
0.455248
0.568457
0.678983
0.769228
0.833812
0.87995
0.91162
0.931168
0.941017
0.944522
0.945121
0.945006
-0.173933
-0.164895
-0.122053
-0.0524677
0.0324947
0.126175
0.226238
0.332287
0.443797
0.560052
0.674401
0.768727
0.836703
0.885093
0.917743
0.937257
0.946619
0.949677
0.950088
0.94993
-0.195926
-0.186681
-0.143055
-0.0724615
0.0136743
0.108652
0.210226
0.318058
0.431735
0.550732
0.668699
0.767167
0.838849
0.889961
0.923977
0.943444
0.951985
0.954321
0.954476
0.954287
-0.217316
-0.207861
-0.163494
-0.0919744
-0.00478965
0.091326
0.194207
0.303586
0.419142
0.540579
0.661874
0.764443
0.840115
0.894502
0.930524
0.950202
0.957557
0.958639
0.958321
0.958113
-0.238106
-0.22843
-0.183342
-0.110965
-0.022849
0.0742722
0.178271
0.288968
0.406121
0.529671
0.653964
0.760458
0.840318
0.898529
0.937414
0.958132
0.964328
0.963357
0.961834
0.96155
-0.25822
-0.24833
-0.202554
-0.129385
-0.0404344
0.0575462
0.162504
0.274299
0.392789
0.518117
0.645013
0.755119
0.839248
0.901698
0.944309
0.967554
0.973875
0.97078
0.966714
0.964939
-0.277684
-0.26759
-0.221114
-0.147235
-0.0575698
0.0411315
0.146884
0.259548
0.379115
0.505882
0.634948
0.748208
0.836612
0.903585
0.95047
0.977899
0.987231
0.984534
0.976748
0.960606
-0.296525
-0.286209
-0.23913
-0.164692
-0.0744957
0.0247144
0.131026
0.244246
0.364547
0.492325
0.623097
0.739013
0.831663
0.903565
0.954538
0.986646
1.00086
0.997267
0.989396
0.944691
-0.315015
-0.3038
-0.25652
-0.181614
-0.09111
0.00839141
0.11511
0.228614
0.349312
0.477655
0.609532
0.727399
0.823606
0.900897
0.95416
0.986225
1.00084
1.00055
0.94925
0.888779
-0.334196
-0.319269
-0.273065
-0.197852
-0.107663
-0.00804705
0.0988743
0.212652
0.333394
0.461854
0.59412
0.713092
0.811198
0.89553
0.946737
0.964521
0.977679
0.948088
0.883375
0.818826
-0.353177
-0.354697
-0.294176
-0.210889
-0.1211
-0.021716
0.0829158
0.197021
0.317529
0.445698
0.577483
0.696356
0.794188
0.889364
0.907107
0.916804
0.907757
0.848623
0.775694
0.705733
-0.328627
-0.327378
-0.268659
-0.185993
-0.0911716
0.0115462
0.120903
0.237514
0.360975
0.492699
0.618572
0.724815
0.812467
0.904999
0.921984
0.826251
0.744547
0.679172
0.607219
0.46497
-0.370187
-0.343526
-0.281998
-0.198627
-0.103929
-0.0014284
0.107376
0.223414
0.346008
0.476323
0.599803
0.702929
0.781812
0.842682
0.814264
0.689134
0.572115
0.491628
0.408443
0.246877
-0.395103
-0.363649
-0.301031
-0.218106
-0.123321
-0.0209898
0.0880445
0.203352
0.324699
0.452872
0.573074
0.670903
0.742085
0.768309
0.69254
0.532779
0.396485
0.295087
0.180991
-0.0517201
-0.419463
-0.385626
-0.32171
-0.238064
-0.143159
-0.0408815
0.0678541
0.182288
0.302169
0.427783
0.543788
0.635026
0.694226
0.687134
0.555725
0.371824
0.203095
0.0629851
-0.0957017
-0.47665
-0.442894
-0.408153
-0.343138
-0.258573
-0.163466
-0.0613219
0.046832
0.160281
0.278503
0.401198
0.512237
0.596169
0.637976
0.60161
0.422682
0.218481
0.00757501
-0.169361
-0.415142
-0.964911
-0.466134
-0.431318
-0.365553
-0.280333
-0.184973
-0.0829782
0.0246105
0.136994
0.253357
0.372799
0.478368
0.554574
0.577918
0.493556
0.300909
0.0897476
-0.124753
-0.323421
-0.488906
-1.0849
-0.490346
-0.45544
-0.38923
-0.303592
-0.208022
-0.106138
0.000926568
0.112224
0.226599
0.342522
0.442415
0.509192
0.50944
0.382244
0.196305
-0.00477801
-0.189303
-0.315729
-0.347653
-0.394747
-0.515962
-0.480987
-0.414499
-0.328667
-0.233065
-0.131445
-0.02507
0.0848752
0.196873
0.308633
0.402396
0.456992
0.435556
0.279904
0.101873
-0.0743629
-0.216493
-0.276614
-0.299289
-0.305043
-0.543354
-0.508158
-0.441459
-0.355547
-0.260074
-0.158893
-0.0534607
0.0548291
0.16406
0.271049
0.357985
0.398179
0.362414
0.184461
0.0157536
-0.138738
-0.245984
-0.272304
-0.273383
-0.273754
-0.572613
-0.537094
-0.470159
-0.384219
-0.289013
-0.188486
-0.0842436
0.0220836
0.128128
0.229823
0.308906
0.336805
0.271019
0.0968998
-0.0632295
-0.199346
-0.244754
-0.258949
-0.26018
-0.259792
-0.603643
-0.567735
-0.500563
-0.414672
-0.319871
-0.220197
-0.117401
-0.0133633
0.0891081
0.185021
0.255615
0.270251
0.173801
0.0155486
-0.130407
-0.237423
-0.250281
-0.250058
-0.250978
-0.250596
-0.635975
-0.599916
-0.532493
-0.44674
-0.352513
-0.253923
-0.152853
-0.051446
0.0471156
0.136848
0.199021
0.196004
0.0883727
-0.0567136
-0.183522
-0.220336
-0.242033
-0.245782
-0.246052
-0.245701
-0.66927
-0.63287
-0.565596
-0.480127
-0.386685
-0.289437
-0.190385
-0.091944
0.00238118
0.0858488
0.138845
0.123505
0.00742132
-0.117698
-0.217944
-0.257537
-0.245627
-0.242968
-0.242619
-0.242405
-0.702586
-0.666229
-0.599325
-0.514342
-0.421946
-0.326345
-0.22964
-0.13448
-0.0447377
0.0327725
0.075041
0.0569024
-0.0683463
-0.168285
-0.235159
-0.233691
-0.238674
-0.239625
-0.239419
-0.239388
-0.734913
-0.699113
-0.632541
-0.548648
-0.45766
-0.364079
-0.27008
-0.178467
-0.0935981
-0.0217359
0.0134273
-0.00902993
-0.135835
-0.225891
-0.230778
-0.253356
-0.245557
-0.238716
-0.235973
-0.235272
-0.764704
-0.729873
-0.664448
-0.582009
-0.492941
-0.401829
-0.310965
-0.223174
-0.143192
-0.0769002
-0.0426093
-0.0766853
-0.190311
-0.295766
-0.283264
-0.268156
-0.253346
-0.241224
-0.235225
-0.232966
-0.790252
-0.756918
-0.693288
-0.613179
-0.526641
-0.438576
-0.351326
-0.267696
-0.192375
-0.131489
-0.0968939
-0.128337
-0.215876
-0.378536
-0.418563
-0.334281
-0.273376
-0.249374
-0.239819
-0.236131
-0.809294
-0.778146
-0.717114
-0.640448
-0.557384
-0.473076
-0.390029
-0.310954
-0.24017
-0.183946
-0.149898
-0.155633
-0.171453
-0.28555
-0.345274
-0.297174
-0.294047
-0.286449
-0.277891
-0.273488
-0.819512
-0.791093
-0.734123
-0.661915
-0.583508
-0.504006
-0.42583
-0.35175
-0.285595
-0.233728
-0.194509
-0.163943
-0.0268157
0.0848053
-0.0183154
-0.184346
-0.282859
-0.303137
-0.308828
-0.309558
-0.818094
-0.793869
-0.74239
-0.675801
-0.603384
-0.529778
-0.457369
-0.388908
-0.327888
-0.281728
-0.232917
-0.209818
-0.0251008
0.365567
0.0928822
-0.193824
-0.328936
-0.361633
-0.370356
-0.374263
-0.801411
-0.783292
-0.740178
-0.68071
-0.615633
-0.548988
-0.483147
-0.420946
-0.366607
-0.325579
-0.289312
-0.392618
-0.573955
-0.685507
-0.77058
-0.694352
-0.604501
-0.563151
-0.550213
-0.549805
-0.77093
-0.758341
-0.725767
-0.676005
-0.619482
-0.560692
-0.501887
-0.446005
-0.398761
-0.36759
-0.36838
-0.64527
-1.26317
-1.99628
-2.00619
-1.37956
-0.945641
-0.747443
-0.700071
-0.689382
-0.730878
-0.722982
-0.701891
-0.662902
-0.615435
-0.564743
-0.512487
-0.462193
-0.419193
-0.394621
-0.399163
-0.565108
-0.634546
-0.667127
-0.501394
-0.373189
-0.40729
-0.474056
-0.468629
-0.459741
-0.688907
-0.684542
-0.67267
-0.645363
-0.606168
-0.561983
-0.515146
-0.46785
-0.425227
-0.392921
-0.388696
-0.322197
-0.106402
0.234365
0.348567
0.089566
-0.125315
-0.187794
-0.178894
-0.18876
-0.653752
-0.651543
-0.645241
-0.62637
-0.594798
-0.555086
-0.511076
-0.464144
-0.417396
-0.378777
-0.36821
-0.344182
-0.349266
-0.478325
-0.695053
-0.906343
-0.976062
-0.864204
-0.756322
-0.711127
-0.626699
-0.625738
-0.623488
-0.612095
-0.585682
-0.547909
-0.503596
-0.453696
-0.401564
-0.353449
-0.326072
-0.321917
-0.253531
-0.21319
-0.224605
-0.238708
-0.201901
-0.130638
-0.0554227
-0.00925095
-0.607175
-0.606605
-0.605862
-0.600373
-0.579409
-0.542296
-0.494514
-0.439485
-0.379139
-0.312362
-0.25398
-0.173567
-0.0379291
0.149352
0.290756
0.40705
0.537187
0.658525
0.741587
0.775739
-0.594779
-0.59444
-0.593961
-0.592213
-0.576117
-0.538388
-0.485882
-0.423459
-0.349644
-0.266848
-0.175441
-0.0498916
0.185535
0.464109
0.742753
0.998621
1.21936
1.38849
1.48723
1.52184
-0.586181
-0.586076
-0.585755
-0.585407
-0.574115
-0.537213
-0.48059
-0.409303
-0.323987
-0.225728
-0.112981
-0.00738508
0.262325
0.606633
0.978617
1.3305
1.60974
1.79077
1.88223
1.91026
-0.581251
-0.580305
-0.577644
-0.575867
-0.571372
-0.54077
-0.480312
-0.400497
-0.30553
-0.198369
-0.0813666
0.0381834
0.247342
0.602571
0.980278
1.32177
1.59187
1.75965
1.83887
1.86145
-0.593416
-0.589702
-0.581503
-0.577399
-0.580749
-0.556261
-0.48723
-0.395806
-0.292974
-0.179227
-0.0608876
0.0655768
0.2283
0.516959
0.843055
1.1325
1.35918
1.49415
1.5548
1.57059
-0.640509
-0.638127
-0.639102
-0.644057
-0.645182
-0.597637
-0.500216
-0.390449
-0.280131
-0.165095
-0.0522133
0.0607197
0.175295
0.36699
0.633901
0.860879
1.0418
1.14508
1.18972
1.19939
-0.704707
-0.714898
-0.735771
-0.746475
-0.72637
-0.637295
-0.502638
-0.375887
-0.262582
-0.153284
-0.0541011
0.0365278
0.115473
0.24589
0.436048
0.603393
0.733414
0.807182
0.837309
0.842172
-0.682001
-0.696151
-0.721456
-0.730917
-0.700134
-0.596223
-0.461015
-0.338922
-0.234745
-0.140316
-0.0586808
0.00887416
0.0652104
0.145535
0.277522
0.393919
0.480228
0.526867
0.54593
0.547357
-0.498798
-0.512193
-0.531208
-0.539495
-0.514486
-0.441845
-0.354931
-0.269937
-0.192278
-0.120223
-0.0590781
-0.0112535
0.0282031
0.0795591
0.159735
0.233999
0.286598
0.314992
0.32546
0.32576
-0.236741
-0.243159
-0.254191
-0.265608
-0.264985
-0.247925
-0.21847
-0.180895
-0.139171
-0.0941137
-0.0550571
-0.0260222
-0.00195096
0.0361619
0.0849385
0.126088
0.1535
0.165637
0.170172
0.169412
-0.0246945
-0.0275241
-0.0357817
-0.0516029
-0.0734566
-0.0916691
-0.100291
-0.098391
-0.0866192
-0.0674738
-0.0497687
-0.0374608
-0.0252553
-0.00305879
0.0260029
0.0496996
0.0624217
0.0671838
0.0680274
0.0673535
0.0924428
0.0906338
0.0832362
0.0655956
0.0372818
0.00632445
-0.0193945
-0.0359343
-0.0426294
-0.0418516
-0.0412863
-0.0459123
-0.0476549
-0.0294175
-0.00940517
0.00286869
0.00771652
0.00861853
0.00852948
0.00792446
0.13726
0.135838
0.129662
0.114296
0.0887896
0.0589031
0.0305826
0.0076064
-0.00816683
-0.0185402
-0.0300742
-0.0469448
-0.0579264
-0.0412461
-0.0241857
-0.0180328
-0.017141
-0.018816
-0.0197175
-0.0202045
0.144305
0.143238
0.138663
0.127178
0.107779
0.0837429
0.0588458
0.0363351
0.0180398
0.00316825
-0.013057
-0.034352
-0.0475156
-0.0333358
-0.0218992
-0.0177804
-0.0192131
-0.0211884
-0.0220157
-0.022357
0.13603
0.13532
0.132234
0.124348
0.1107
0.0930143
0.0735918
0.0549385
0.0386847
0.0247294
0.0112411
-0.00593458
-0.0143815
-0.00217153
0.00496892
0.00436652
3.55599e-05
-0.00310411
-0.00422767
-0.00453588
0.12294
0.12253
0.120612
0.115531
0.106463
0.0942881
0.0803991
0.0666807
0.0549013
0.0465866
0.0403734
0.034502
0.0346182
0.0449891
0.0446087
0.0396286
0.0334506
0.0299125
0.0288107
0.0285328
0.109013
0.108823
0.107748
0.104695
0.0990217
0.0911905
0.0821344
0.0734097
0.0668764
0.0648686
0.0703897
0.0800028
0.09479
0.0999723
0.0924288
0.0830069
0.0764249
0.0734426
0.0724508
0.0720063
0.0953179
0.095271
0.094778
0.0931674
0.0899766
0.0854474
0.0803047
0.0759099
0.0743189
0.0792498
0.0954659
0.12149
0.145824
0.147664
0.1349
0.123947
0.118765
0.117546
0.116762
0.115995
0.0820706
0.0821039
0.0819776
0.0813296
0.0798581
0.0777109
0.0754911
0.0744194
0.0766482
0.0864719
0.109457
0.142924
0.172874
0.172295
0.156998
0.150295
0.148865
0.149855
0.14961
0.148431
0.0689986
0.0690763
0.0691668
0.0691615
0.0688727
0.0683649
0.0681232
0.0692236
0.0736581
0.0855917
0.109903
0.142813
0.169806
0.167596
0.158974
0.156508
0.158225
0.160485
0.160265
0.158977
0.0561757
0.0562535
0.0564387
0.0567959
0.0571993
0.057683
0.0585722
0.0607282
0.0657952
0.0770006
0.0976914
0.123624
0.14245
0.139957
0.137447
0.140713
0.146084
0.149046
0.149055
0.148007
0.0436157
0.0436762
0.0438905
0.0443644
0.0450901
0.0460268
0.0473662
0.0497158
0.0541199
0.0626512
0.076249
0.0909569
0.100621
0.0985251
0.10202
0.110808
0.119035
0.122549
0.122819
0.121831
0.0314066
0.0314371
0.0316067
0.0320576
0.032823
0.0338291
0.035147
0.0370841
0.0401283
0.0450333
0.0501589
0.051262
0.0456489
0.0439129
0.0564484
0.0710273
0.0811951
0.0853928
0.0856155
0.0848161
0.0196051
0.0196103
0.0196998
0.0200237
0.0206341
0.0214277
0.0224345
0.0235854
0.0252463
0.0270737
0.025386
0.0141457
-0.00148056
-0.000955183
0.0172649
0.0334211
0.0417901
0.0450009
0.0453804
0.0450042
0.00819371
0.00816443
0.00816726
0.00825392
0.00852641
0.00889823
0.00932273
0.0097901
0.0105404
0.0110776
0.0102446
0.00347121
-0.0137508
-0.0200544
-0.00953578
0.00528109
0.0100155
0.0130398
0.0135729
0.013899
-0.673805
-0.107697
0.213497
0.429799
0.595254
0.722055
0.824089
0.912014
1.02139
1.01906
0.136282
0.284347
0.445773
0.584138
0.698246
0.791
0.867479
0.925781
0.949686
0.95388
0.402088
0.501905
0.609841
0.703922
0.784205
0.851124
0.904475
0.941998
0.965431
0.982511
0.590234
0.659048
0.733701
0.800705
0.85871
0.907436
0.946627
0.976684
1.00032
1.01901
0.731258
0.78271
0.834859
0.884783
0.928468
0.966068
0.997621
1.02352
1.0452
1.06355
0.845348
0.882793
0.924311
0.963391
0.99876
1.03002
1.05713
1.07992
1.09904
1.11683
0.943114
0.973444
1.00899
1.0423
1.07333
1.10137
1.12591
1.1465
1.16318
1.18055
1.03278
1.06132
1.09484
1.12654
1.15618
1.183
1.20627
1.22539
1.23982
1.25695
1.12327
1.15429
1.18944
1.2221
1.25197
1.27846
1.30095
1.31889
1.33146
1.34872
1.22692
1.26268
1.30062
1.33476
1.36474
1.3904
1.41162
1.42821
1.43977
1.45762
1.35607
1.39512
1.43328
1.46635
1.49428
1.51783
1.53743
1.55291
1.56472
1.58297
1.5172
1.55323
1.5853
1.61208
1.63488
1.65538
1.67398
1.69
1.7037
1.72157
1.7019
1.72695
1.74681
1.76532
1.78297
1.79971
1.81558
1.83157
1.84869
1.86783
1.88858
1.89943
1.91214
1.92669
1.94031
1.95238
1.96328
1.97463
1.99003
2.00946
2.07048
2.08391
2.08897
2.08999
2.09195
2.09931
2.11302
2.13062
2.14436
2.1557
2.33935
2.28876
2.2413
2.20971
2.19666
2.20121
2.22445
2.26951
2.3362
2.43032
0.789928
0.786918
0.780858
0.769928
0.757431
0.746113
0.737043
0.730271
0.725785
0.723864
0.725068
0.729033
0.735179
0.743451
0.753943
0.766256
0.778606
0.787314
0.791826
0.79399
0.718239
0.724885
0.730129
0.733741
0.734849
0.733206
0.729741
0.725933
0.722928
0.721591
0.722645
0.725661
0.729733
0.733946
0.736968
0.737492
0.735169
0.730788
0.724495
0.718669
0.708138
0.711099
0.714459
0.716943
0.718696
0.71987
0.720084
0.71932
0.718235
0.717755
0.718588
0.720304
0.721956
0.722732
0.722307
0.721049
0.719146
0.716274
0.712936
0.710648
0.702103
0.703526
0.705734
0.708001
0.709715
0.710899
0.711775
0.712341
0.712588
0.712868
0.713532
0.714268
0.714594
0.71438
0.713749
0.712603
0.710789
0.708563
0.706811
0.705727
0.696756
0.697573
0.699033
0.700801
0.702533
0.703996
0.705118
0.706037
0.706845
0.707578
0.708209
0.708553
0.708533
0.708156
0.70733
0.706044
0.704521
0.702999
0.701979
0.701312
0.691722
0.692275
0.693354
0.69476
0.696262
0.697753
0.699127
0.700312
0.701371
0.702348
0.703064
0.70337
0.703273
0.70275
0.701858
0.700766
0.699598
0.698518
0.697826
0.697358
0.686871
0.687285
0.688145
0.689347
0.690665
0.692059
0.69349
0.69488
0.696169
0.697351
0.69822
0.698592
0.698484
0.697987
0.697251
0.696398
0.695499
0.69469
0.694182
0.693826
0.682135
0.68246
0.683169
0.684221
0.685444
0.68677
0.688188
0.689677
0.691173
0.692593
0.69366
0.69416
0.69417
0.693845
0.693317
0.692666
0.691978
0.69138
0.691
0.690716
0.67743
0.677694
0.678295
0.679246
0.680407
0.681698
0.683127
0.684694
0.686364
0.688045
0.689371
0.690094
0.690325
0.690223
0.689906
0.68946
0.688964
0.688533
0.688248
0.688014
0.672667
0.672886
0.673414
0.674303
0.675425
0.676715
0.678193
0.679868
0.681726
0.683695
0.685355
0.686392
0.686907
0.687054
0.686959
0.686725
0.686407
0.686121
0.685911
0.685713
0.667759
0.667946
0.668423
0.669279
0.6704
0.671731
0.673295
0.675123
0.677224
0.679538
0.681614
0.68304
0.683888
0.68432
0.68447
0.684443
0.684305
0.684147
0.683996
0.683824
0.662619
0.662781
0.66323
0.664084
0.665244
0.666659
0.668357
0.6704
0.672814
0.675567
0.678148
0.680035
0.68127
0.682024
0.682443
0.682622
0.682675
0.682635
0.682535
0.682381
0.657156
0.6573
0.657737
0.65862
0.659861
0.661407
0.6633
0.66563
0.668446
0.67175
0.674946
0.677379
0.679064
0.680184
0.680904
0.681338
0.681567
0.681633
0.681575
0.681434
0.651268
0.651398
0.651841
0.652781
0.654147
0.655877
0.658037
0.660738
0.664067
0.668053
0.671995
0.675083
0.6773
0.678844
0.679902
0.680609
0.681038
0.681211
0.68119
0.681057
0.644833
0.644954
0.645416
0.646445
0.647981
0.649959
0.652464
0.655637
0.659605
0.664427
0.669278
0.673156
0.676008
0.678053
0.679497
0.680515
0.681163
0.681448
0.681463
0.681334
0.637705
0.637818
0.638311
0.639463
0.641225
0.643526
0.646475
0.65025
0.655015
0.660864
0.666816
0.67164
0.675241
0.677877
0.67978
0.681155
0.682049
0.682449
0.682497
0.682369
0.629704
0.629815
0.630342
0.631657
0.633704
0.636415
0.639934
0.644469
0.650235
0.657351
0.664634
0.670582
0.675069
0.678397
0.680848
0.682643
0.683809
0.684333
0.684413
0.684282
0.620521
0.620643
0.621265
0.622777
0.625191
0.628438
0.632679
0.638174
0.645182
0.65385
0.662739
0.670028
0.675563
0.679708
0.682812
0.685094
0.686569
0.687225
0.687337
0.687201
0.609895
0.610014
0.610753
0.612531
0.615416
0.619345
0.624504
0.631207
0.639763
0.650335
0.661156
0.670035
0.676807
0.681921
0.685785
0.688639
0.690466
0.691267
0.691408
0.691264
0.597349
0.597486
0.598377
0.600511
0.60401
0.60883
0.615176
0.623427
0.633926
0.64682
0.659954
0.670705
0.678919
0.685159
0.689906
0.693421
0.69564
0.696592
0.69676
0.696602
0.582251
0.582426
0.583541
0.586158
0.590474
0.596479
0.604396
0.614658
0.62762
0.643367
0.659225
0.672135
0.681999
0.689538
0.695305
0.699568
0.702215
0.703319
0.703507
0.703332
0.563673
0.56392
0.565376
0.568682
0.574144
0.58179
0.591827
0.60472
0.620769
0.639954
0.659013
0.674409
0.686153
0.695166
0.702078
0.707189
0.710287
0.711534
0.71173
0.711535
0.54023
0.540617
0.542618
0.546974
0.554131
0.564139
0.577131
0.59353
0.613494
0.636812
0.659531
0.677678
0.691496
0.702135
0.710314
0.71635
0.719894
0.721256
0.721443
0.721225
0.509615
0.510298
0.513256
0.519418
0.52932
0.542899
0.5601
0.581147
0.605962
0.634113
0.660936
0.682084
0.698126
0.710519
0.720057
0.727034
0.730971
0.732392
0.732544
0.732302
0.46772
0.469115
0.474138
0.483855
0.49854
0.517643
0.540772
0.567828
0.598488
0.632141
0.663415
0.687718
0.706063
0.720265
0.731254
0.739101
0.743287
0.744671
0.744759
0.744497
0.406893
0.411311
0.42183
0.438597
0.461437
0.488828
0.51988
0.554312
0.591699
0.631342
0.667229
0.694709
0.715332
0.731298
0.743595
0.75215
0.756388
0.757549
0.757536
0.757272
0.334206
0.342214
0.361465
0.388742
0.422075
0.458804
0.498389
0.540715
0.585438
0.631917
0.67345
0.705083
0.728803
0.747062
0.761053
0.770383
0.774685
0.7758
0.775842
0.775722
0.261147
0.274445
0.302749
0.340373
0.383661
0.429629
0.477783
0.528104
0.580296
0.633782
0.681168
0.717108
0.744075
0.764922
0.780637
0.790479
0.794558
0.795405
0.795437
0.79542
0.200475
0.217603
0.251594
0.296961
0.348351
0.402442
0.458484
0.516364
0.575718
0.635939
0.688886
0.728852
0.758742
0.781708
0.798784
0.809122
0.813002
0.814078
0.814266
0.814314
0.150657
0.169834
0.208282
0.259436
0.317175
0.377968
0.440831
0.505507
0.571483
0.638044
0.696243
0.739972
0.772565
0.797506
0.815916
0.826932
0.831397
0.832786
0.833023
0.833114
0.108762
0.129199
0.170983
0.226752
0.289736
0.356143
0.424875
0.495568
0.567562
0.639997
0.703104
0.750354
0.785473
0.812359
0.832141
0.844094
0.849102
0.850708
0.850965
0.851067
0.0725215
0.0937777
0.138236
0.197732
0.265127
0.336374
0.410258
0.486327
0.563803
0.64167
0.709355
0.759873
0.79733
0.825876
0.846781
0.859684
0.865192
0.866974
0.867247
0.867326
0.0403036
0.0621506
0.108782
0.171406
0.242555
0.31802
0.3965
0.47744
0.559966
0.642908
0.714893
0.768455
0.808007
0.837992
0.859924
0.873399
0.87944
0.881389
0.88168
0.881752
0.010913
0.0332015
0.0816718
0.146988
0.221401
0.300578
0.38318
0.468572
0.555793
0.643538
0.719629
0.776058
0.817522
0.84881
0.871552
0.885455
0.891868
0.893921
0.894235
0.89428
-0.0165949
0.0061658
0.0562975
0.123893
0.201197
0.283672
0.369986
0.459461
0.551082
0.643424
0.7235
0.7827
0.82598
0.858453
0.881789
0.895957
0.902608
0.90472
0.905043
0.90505
-0.0427234
-0.0194437
0.0320022
0.10174
0.181605
0.267031
0.356705
0.449937
0.545696
0.64246
0.726458
0.788423
0.833506
0.867036
0.890828
0.905153
0.911846
0.914
0.914339
0.914315
-0.0678749
-0.0440452
0.00852722
0.080252
0.162394
0.25047
0.343195
0.439886
0.539526
0.640568
0.728481
0.793289
0.840223
0.874781
0.898942
0.913376
0.920088
0.922215
0.922493
0.922417
-0.0923116
-0.0679861
-0.0142074
0.0592414
0.143426
0.233883
0.329365
0.429236
0.532512
0.637684
0.729555
0.797357
0.846254
0.881845
0.906337
0.920829
0.927504
0.929564
0.92982
0.92971
-0.116181
-0.0912986
-0.0363817
0.0386113
0.124627
0.217213
0.315182
0.41796
0.524629
0.633774
0.72966
0.800659
0.851688
0.888364
0.91319
0.927696
0.934264
0.936211
0.9364
0.93626
-0.139531
-0.114075
-0.0580923
0.0183172
0.105972
0.200462
0.300661
0.406068
0.515864
0.62881
0.728764
0.803196
0.856595
0.89448
0.91965
0.934068
0.940428
0.942192
0.942294
0.942127
-0.162337
-0.136379
-0.0793571
-0.00165101
0.0874732
0.183649
0.285833
0.3936
0.506244
0.622786
0.726815
0.804937
0.861021
0.900341
0.925885
0.940065
0.946035
0.947535
0.94755
0.947363
-0.184659
-0.158145
-0.10014
-0.0212642
0.0691697
0.166827
0.270763
0.380618
0.495832
0.615709
0.723768
0.8058
0.86495
0.906095
0.932138
0.945867
0.95117
0.952292
0.952215
0.952019
-0.206382
-0.179331
-0.120401
-0.0404821
0.0511106
0.150071
0.255532
0.367209
0.484697
0.607609
0.719561
0.805668
0.868311
0.91184
0.938729
0.951832
0.956017
0.956508
0.956308
0.956124
-0.227521
-0.199893
-0.140124
-0.0592484
0.0333666
0.133452
0.240231
0.353478
0.472922
0.598547
0.714147
0.804401
0.87095
0.917555
0.946016
0.958637
0.961144
0.960367
0.959855
0.95976
-0.247981
-0.219825
-0.159256
-0.077517
0.0159935
0.117051
0.224941
0.339504
0.460623
0.588606
0.707501
0.801844
0.872627
0.922991
0.954127
0.967254
0.968042
0.964883
0.962988
0.96267
-0.267825
-0.239099
-0.177749
-0.0952306
-0.000932419
0.100955
0.209785
0.325428
0.447927
0.577883
0.699636
0.797839
0.873038
0.927619
0.962565
0.978256
0.979119
0.973533
0.96614
0.949097
-0.286988
-0.257704
-0.195742
-0.112593
-0.0177088
0.0848294
0.194342
0.310783
0.434316
0.565843
0.689997
0.791778
0.871758
0.930848
0.970286
0.990939
0.99514
0.989248
0.974236
0.988357
-0.305593
-0.275619
-0.213172
-0.129561
-0.0342643
0.0687342
0.17862
0.295598
0.419784
0.552388
0.678385
0.783058
0.868076
0.93151
0.973797
0.998121
1.00656
0.997962
0.936954
0.920703
-0.324252
-0.293428
-0.229778
-0.145765
-0.0500647
0.0531212
0.162828
0.280135
0.404617
0.537719
0.664815
0.771285
0.861129
0.928788
0.967996
0.991219
0.990812
0.955473
0.887707
0.846882
-0.343678
-0.312091
-0.245144
-0.160843
-0.0647381
0.0381441
0.147351
0.264568
0.3889
0.521854
0.649149
0.756296
0.848797
0.921745
0.972658
0.95634
0.931083
0.868488
0.796931
0.753502
0.076152
0.190109
0.310454
0.438325
0.569377
0.687334
0.783746
0.629521
-0.364528
-0.345654
-0.307066
-0.236217
-0.146616
-0.0481625
0.0578809
0.170771
0.290317
0.416984
0.546898
0.663865
0.758919
0.835473
0.887538
0.847473
0.706179
0.618499
0.549833
-0.382356
-0.369182
-0.324386
-0.251862
-0.161953
-0.0633495
0.0421906
0.154601
0.273283
0.398575
0.526241
0.639664
0.728546
0.792651
0.78994
0.686899
0.543867
0.438508
0.349639
-0.405771
-0.392934
-0.345112
-0.271443
-0.18141
-0.0825844
0.0230407
0.135127
0.252881
0.376569
0.501121
0.609464
0.689224
0.735397
0.696578
0.536823
0.372325
0.239819
0.122414
-0.429443
-0.416414
-0.366952
-0.292004
-0.201525
-0.102682
0.00270133
0.114086
0.23065
0.352308
0.473277
0.575908
0.64837
0.668048
0.583233
0.391712
0.195283
0.0175726
-0.148793
-0.452337
-0.439777
-0.389481
-0.313413
-0.222448
-0.123571
-0.0185674
0.0919818
0.207186
0.326482
0.443407
0.539482
0.602485
0.585268
0.456404
0.25734
0.0401528
-0.165795
-0.352172
-0.475824
-0.463539
-0.412923
-0.336103
-0.244744
-0.145771
-0.041066
0.0687142
0.182509
0.299302
0.411954
0.500936
0.550539
0.511122
0.340513
0.14498
-0.0642999
-0.26066
-0.381583
-0.419988
-0.500675
-0.488531
-0.437644
-0.360393
-0.268834
-0.169865
-0.0655213
0.0433806
0.155548
0.26945
0.377293
0.458607
0.493283
0.431386
0.23682
0.0501699
-0.127879
-0.261685
-0.306896
-0.330672
-0.527007
-0.515005
-0.463917
-0.386411
-0.294807
-0.196031
-0.0922254
0.0155404
0.125743
0.236255
0.338584
0.41186
0.426779
0.327595
0.14432
-0.0279765
-0.178019
-0.260131
-0.280037
-0.285495
-0.555165
-0.543177
-0.491871
-0.414174
-0.322647
-0.224225
-0.121195
-0.014838
0.0930482
0.199697
0.295773
0.360623
0.346796
0.226917
0.0582677
-0.103748
-0.221488
-0.265001
-0.264848
-0.266014
-0.585068
-0.573189
-0.521537
-0.443687
-0.352346
-0.254445
-0.152425
-0.0477509
0.0574594
0.159802
0.249052
0.303846
0.272678
0.131921
-0.02151
-0.172062
-0.23659
-0.254405
-0.255178
-0.254828
-0.61656
-0.604674
-0.552818
-0.474866
-0.383816
-0.286638
-0.185858
-0.0831704
0.0190054
0.116641
0.198691
0.241721
0.206552
0.0488084
-0.0939068
-0.20689
-0.255686
-0.248594
-0.248137
-0.248098
-0.649155
-0.637184
-0.585465
-0.507462
-0.416868
-0.320622
-0.22135
-0.120958
-0.0221662
0.0705098
0.144902
0.17857
0.128094
-0.0249336
-0.152916
-0.229646
-0.245244
-0.243954
-0.244188
-0.243884
-0.682325
-0.670314
-0.61885
-0.541066
-0.45113
-0.356067
-0.258609
-0.160826
-0.0657863
0.0217904
0.0885043
0.111312
0.0409143
-0.0903386
-0.198892
-0.214615
-0.231978
-0.239298
-0.240666
-0.240604
-0.715049
-0.70315
-0.652131
-0.575016
-0.486035
-0.392482
-0.29718
-0.202324
-0.111333
-0.0290922
0.0312526
0.038636
-0.0365123
-0.154382
-0.221171
-0.264038
-0.247672
-0.241256
-0.238234
-0.23756
-0.745651
-0.734514
-0.684424
-0.60828
-0.520773
-0.429145
-0.336401
-0.244824
-0.158042
-0.0814159
-0.0253596
-0.0272834
-0.103778
-0.219526
-0.272654
-0.266295
-0.255224
-0.243056
-0.236226
-0.233848
-0.773254
-0.762451
-0.714323
-0.639654
-0.554268
-0.465081
-0.375396
-0.287506
-0.20501
-0.133853
-0.0818401
-0.0824712
-0.153725
-0.277215
-0.357817
-0.318826
-0.278023
-0.251957
-0.238891
-0.234319
-0.795251
-0.785155
-0.739493
-0.667738
-0.585157
-0.499123
-0.413072
-0.329338
-0.251278
-0.184992
-0.137547
-0.127725
-0.172135
-0.276786
-0.468454
-0.375636
-0.303524
-0.269976
-0.257514
-0.250957
-0.809689
-0.800668
-0.758282
-0.690368
-0.611775
-0.529867
-0.448224
-0.369117
-0.295824
-0.234001
-0.188862
-0.160317
-0.145557
-0.0873527
-0.0952533
-0.210117
-0.270128
-0.298932
-0.30033
-0.296981
-0.813926
-0.806574
-0.768616
-0.705794
-0.63232
-0.55576
-0.479408
-0.405584
-0.337592
-0.279991
-0.23437
-0.194936
-0.111507
0.179806
0.174213
-0.0470782
-0.238178
-0.307795
-0.324107
-0.329669
-0.806304
-0.800367
-0.768192
-0.712092
-0.645258
-0.57523
-0.50519
-0.437441
-0.375417
-0.322812
-0.282808
-0.264296
-0.263944
-0.122539
-0.0812591
-0.275071
-0.404489
-0.438953
-0.445515
-0.449843
-0.783326
-0.779104
-0.754291
-0.707813
-0.649506
-0.587147
-0.524261
-0.463071
-0.407479
-0.362872
-0.337727
-0.400824
-0.719792
-1.34709
-1.65712
-1.39676
-0.962258
-0.739172
-0.678824
-0.665571
-0.747977
-0.745388
-0.728729
-0.692956
-0.644957
-0.591165
-0.535676
-0.481083
-0.431214
-0.394007
-0.383557
-0.497817
-0.862813
-1.38207
-1.59799
-1.35312
-0.89798
-0.691831
-0.626879
-0.603326
-0.706336
-0.704732
-0.696183
-0.671058
-0.633554
-0.587997
-0.539436
-0.489979
-0.443869
-0.408169
-0.398618
-0.397888
-0.367816
-0.151543
0.186707
0.30376
0.0875639
-0.180201
-0.275947
-0.287155
-0.667831
-0.666799
-0.662982
-0.648067
-0.618913
-0.579913
-0.536625
-0.490289
-0.44379
-0.403306
-0.378911
-0.340527
-0.251235
-0.151778
-0.21202
-0.47833
-0.743666
-0.781554
-0.650695
-0.519937
-0.638957
-0.638402
-0.636119
-0.628111
-0.605634
-0.57143
-0.530089
-0.483664
-0.434878
-0.387007
-0.352538
-0.364959
-0.351283
-0.392974
-0.483547
-0.57329
-0.64017
-0.622161
-0.525658
-0.436853
-0.61593
-0.615436
-0.614544
-0.611573
-0.596058
-0.564975
-0.522521
-0.473879
-0.419293
-0.36232
-0.312756
-0.281245
-0.208699
-0.0775037
0.0143588
0.0548166
0.121246
0.212593
0.302227
0.358089
-0.600403
-0.600149
-0.599616
-0.598262
-0.589497
-0.560577
-0.516192
-0.461813
-0.398526
-0.328752
-0.249239
-0.175343
-0.0247601
0.191818
0.424483
0.628127
0.809295
0.974259
1.09661
1.16013
-0.590159
-0.590066
-0.589736
-0.589504
-0.584979
-0.558863
-0.511833
-0.450735
-0.377583
-0.292137
-0.193615
-0.0950953
0.101905
0.40635
0.735923
1.06093
1.35069
1.56981
1.70443
1.7644
-0.582809
-0.582837
-0.582269
-0.581542
-0.579396
-0.55924
-0.511433
-0.443733
-0.360656
-0.263108
-0.156228
-0.0390557
0.122128
0.421469
0.806604
1.18651
1.51181
1.74286
1.87158
1.92206
-0.583654
-0.582846
-0.578725
-0.572624
-0.571984
-0.564936
-0.518083
-0.442107
-0.350014
-0.245012
-0.131009
-0.00283639
0.127353
0.404108
0.754199
1.09018
1.3781
1.57978
1.688
1.72867
-0.613388
-0.610787
-0.60517
-0.601342
-0.60435
-0.597231
-0.537038
-0.444879
-0.340627
-0.230403
-0.113879
0.00490343
0.125588
0.3041
0.596351
0.877209
1.11271
1.27373
1.35522
1.38388
-0.676813
-0.675098
-0.68221
-0.695999
-0.69793
-0.665931
-0.564569
-0.444297
-0.327533
-0.21614
-0.10514
-0.00143823
0.0969369
0.208983
0.41813
0.632183
0.81171
0.934582
0.994232
1.01621
-0.711679
-0.717518
-0.738828
-0.759242
-0.755805
-0.693148
-0.559412
-0.422821
-0.303811
-0.198708
-0.100867
-0.015581
0.0596032
0.12939
0.273392
0.427047
0.55033
0.634231
0.674415
0.683857
-0.606627
-0.613181
-0.634821
-0.652877
-0.645589
-0.583529
-0.471968
-0.360123
-0.259961
-0.172889
-0.0938994
-0.0291787
0.0243406
0.0669798
0.159471
0.263732
0.344558
0.398172
0.422048
0.429192
-0.365886
-0.372203
-0.385134
-0.398746
-0.399308
-0.369803
-0.316576
-0.256411
-0.196038
-0.136784
-0.0812058
-0.0364053
-0.00155098
0.0277703
0.0896658
0.148024
0.195769
0.225577
0.237882
0.241373
-0.117831
-0.120936
-0.127436
-0.139358
-0.153611
-0.161149
-0.160196
-0.147537
-0.125797
-0.0968668
-0.0661487
-0.0416352
-0.0221596
-0.00347402
0.0339912
0.0709508
0.0960053
0.108062
0.112454
0.112914
0.0462815
0.0445373
0.0402018
0.0279552
0.00543733
-0.0232771
-0.0469018
-0.0614068
-0.0652921
-0.0598091
-0.0499405
-0.0430718
-0.0385001
-0.028101
-0.00652764
0.0146829
0.0273406
0.0325336
0.0335697
0.0335681
0.122284
0.121054
0.117539
0.106127
0.0834458
0.0526871
0.0222438
-0.0027404
-0.019327
-0.0278406
-0.0326493
-0.0412787
-0.0527938
-0.0468802
-0.0273951
-0.013037
-0.00853895
-0.00794557
-0.00875423
-0.00913162
0.144208
0.143382
0.140639
0.131616
0.113352
0.0876957
0.0600301
0.034479
0.0138243
-0.00149738
-0.0144736
-0.0322234
-0.0525407
-0.0488256
-0.0313289
-0.0225754
-0.020251
-0.0220719
-0.0236075
-0.024005
0.141461
0.140951
0.139007
0.132618
0.119489
0.100472
0.0785692
0.0567068
0.0372838
0.0212344
0.00665709
-0.0116508
-0.0312122
-0.0277466
-0.0139241
-0.00898552
-0.0103089
-0.0131609
-0.0149067
-0.0152992
0.12985
0.129582
0.128334
0.124145
0.115307
0.102088
0.0861283
0.0694056
0.0540798
0.0412537
0.030804
0.0194688
0.00820579
0.0131916
0.0231352
0.023109
0.0178511
0.0132024
0.0109149
0.0104276
0.116006
0.115905
0.115189
0.112632
0.107019
0.0983435
0.0875496
0.076027
0.0656272
0.0580617
0.0552652
0.0565211
0.0587378
0.0644814
0.0697714
0.0650309
0.05715
0.0521359
0.0502335
0.0496629
0.102074
0.102088
0.101758
0.100365
0.0970757
0.0917912
0.0851343
0.0781958
0.0727049
0.0709719
0.077232
0.0927225
0.113538
0.12863
0.120194
0.109581
0.101045
0.0967615
0.0955439
0.0948336
0.0886177
0.0886688
0.0885844
0.0879659
0.0863109
0.0835097
0.0800013
0.0767019
0.0753071
0.0786288
0.092251
0.118603
0.150305
0.17043
0.156698
0.143426
0.137638
0.136447
0.135967
0.134996
0.0754598
0.0755436
0.0755833
0.0754823
0.0749439
0.0738776
0.0725948
0.0719158
0.0733971
0.0799998
0.0973587
0.127773
0.162497
0.180702
0.167787
0.158795
0.15618
0.157074
0.158047
0.157041
0.0625157
0.0625948
0.0627188
0.0628871
0.0630656
0.0631296
0.063284
0.0641987
0.0671951
0.0749415
0.0921634
0.12004
0.148534
0.161276
0.152617
0.149664
0.15215
0.15604
0.157294
0.156286
0.049813
0.0498722
0.0499951
0.0503372
0.0508665
0.0515423
0.0524639
0.0541049
0.0574527
0.0644523
0.0782577
0.098783
0.117963
0.124366
0.120315
0.124155
0.130974
0.136582
0.1381
0.137204
0.0374356
0.0374713
0.0375736
0.0379047
0.0385423
0.0394309
0.0405937
0.0423116
0.0451588
0.0503731
0.0585989
0.0681587
0.0735499
0.0730583
0.0732736
0.0858018
0.0967568
0.103673
0.105257
0.104666
0.0254515
0.0254575
0.0255127
0.025776
0.0263325
0.027141
0.0281891
0.0295315
0.0313914
0.0343368
0.0372349
0.0353827
0.0261124
0.016945
0.0258073
0.0432787
0.0570699
0.0633508
0.064911
0.0647278
0.0138401
0.0138249
0.0138343
0.0139883
0.0143527
0.0148951
0.0155382
0.0164261
0.0175102
0.0186118
0.018166
0.00944867
-0.0092488
-0.0179221
-0.00515069
0.0120897
0.0234179
0.0273151
0.0277715
0.0278221
0.00817827
0.00815871
0.00819796
0.00836585
0.00870101
0.00911285
0.0095355
0.0101226
0.0108683
0.0109217
0.00804424
-0.00411332
-0.0192798
-0.0157838
-0.00142461
0.00798782
0.0120387
0.013263
0.0139585
0.00198011
-0.32126
0.0217943
0.241109
0.430859
0.584217
0.706528
0.804348
0.88759
0.948082
0.943689
0.178107
0.330404
0.471694
0.593494
0.69761
0.784493
0.856039
0.911642
0.945431
0.957834
0.441613
0.538125
0.632028
0.716527
0.789943
0.852343
0.903497
0.942553
0.97025
0.989179
0.62168
0.686266
0.75386
0.816177
0.869807
0.916017
0.954648
0.985828
1.01086
1.02881
0.758717
0.80508
0.8571
0.903096
0.944537
0.980952
1.01247
1.03908
1.06123
1.07672
0.870125
0.907539
0.948161
0.985055
1.01936
1.05045
1.07799
1.10162
1.12132
1.13415
0.967429
0.999704
1.03442
1.06762
1.09879
1.12751
1.15311
1.17495
1.19272
1.20316
1.05827
1.08947
1.1236
1.15681
1.18773
1.21595
1.2408
1.26159
1.27777
1.28635
1.15291
1.18765
1.22437
1.25973
1.29157
1.31977
1.3439
1.36362
1.37839
1.38635
1.26564
1.30594
1.34513
1.38189
1.41364
1.44068
1.46322
1.48144
1.4951
1.50417
1.40942
1.45208
1.48971
1.52336
1.55135
1.57511
1.5957
1.61309
1.62693
1.63805
1.58724
1.62481
1.65281
1.67713
1.69814
1.71741
1.73565
1.75279
1.76868
1.78319
1.7849
1.80592
1.82081
1.8366
1.85286
1.86816
1.88187
1.89513
1.91062
1.92897
1.97549
1.98267
1.99321
2.00475
2.01466
2.02385
2.0341
2.04519
2.0568
2.06566
2.18853
2.1903
2.18237
2.16585
2.1547
2.15413
2.16628
2.19088
2.225
2.24953
2.60817
2.41428
2.31323
2.25535
2.22622
2.21959
2.23478
2.2756
2.35145
2.4944
-0.328042
-0.332491
-0.292639
-0.21975
-0.129999
-0.0308184
0.873281
0.940835
0.936531
0.855169
0.782728
0.710075
0.480928
0.257792
-0.0124202
-0.369015
-0.718624
)
;

boundaryField
{
    wall-4
    {
        type            zeroGradient;
    }
    pressure-outlet-7
    {
        type            fixedValue;
        value           uniform 0;
    }
    velocity-inlet-6
    {
        type            zeroGradient;
    }
    velocity-inlet-5
    {
        type            zeroGradient;
    }
    frontAndBackPlanes
    {
        type            empty;
    }
}


// ************************************************************************* //
