/*--------------------------------*- C++ -*----------------------------------*\
| =========                 |                                                 |
| \\      /  F ield         | OpenFOAM: The Open Source CFD Toolbox           |
|  \\    /   O peration     | Version:  4.0                                   |
|   \\  /    A nd           | Web:      www.OpenFOAM.org                      |
|    \\/     M anipulation  |                                                 |
\*---------------------------------------------------------------------------*/
FoamFile
{
    version     2.0;
    format      ascii;
    class       volVectorField;
    location    "51";
    object      U;
}
// * * * * * * * * * * * * * * * * * * * * * * * * * * * * * * * * * * * * * //

dimensions      [0 1 -1 0 0 0 0];

internalField   nonuniform List<vector> 
2200
(
(0.878834 -0.0304146 0)
(1.00578 -0.0512834 0)
(1.00327 -0.0354063 0)
(1.00023 -0.0244558 0)
(0.999812 -0.0166887 0)
(1 -0.0107567 0)
(1.00003 -0.00687925 0)
(1.00002 -0.00422691 0)
(1 -0.00224788 0)
(1.00018 -0.000722378 0)
(1.00001 0.00102254 0)
(0.99989 0.00254927 0)
(1 0.00450385 0)
(1.00002 0.00707465 0)
(1.00009 0.0108781 0)
(1.00004 0.0166995 0)
(1.00036 0.0244166 0)
(1.00348 0.0349391 0)
(1.00596 0.0513731 0)
(0.879017 0.0303142 0)
(0.712003 -0.0327632 0)
(0.99663 -0.0630177 0)
(1.0333 -0.0561591 0)
(1.02489 -0.0464073 0)
(1.01592 -0.0360948 0)
(1.00967 -0.0263659 0)
(1.0059 -0.0181287 0)
(1.00375 -0.0114424 0)
(1.00256 -0.00605724 0)
(1.00208 -0.00153408 0)
(1.00218 0.00260979 0)
(1.00266 0.0070402 0)
(1.00365 0.0123131 0)
(1.00576 0.0189268 0)
(1.00942 0.0271756 0)
(1.01544 0.0368757 0)
(1.02454 0.04734 0)
(1.03309 0.0578135 0)
(0.996676 0.0631407 0)
(0.711777 0.0330114 0)
(0.535519 -0.0238957 0)
(0.969884 -0.0569493 0)
(1.05642 -0.054735 0)
(1.05227 -0.0488144 0)
(1.03622 -0.0404939 0)
(1.02441 -0.0323025 0)
(1.0159 -0.0240292 0)
(1.01041 -0.0161438 0)
(1.00721 -0.00888314 0)
(1.00562 -0.00227843 0)
(1.00538 0.00402394 0)
(1.00683 0.0105597 0)
(1.01015 0.0175894 0)
(1.01565 0.0252667 0)
(1.02413 0.0332984 0)
(1.03621 0.0413474 0)
(1.05227 0.0493908 0)
(1.05634 0.0534073 0)
(0.969219 0.0576203 0)
(0.534434 0.0239302 0)
(0.392233 -0.0136588 0)
(0.911733 -0.0464039 0)
(1.05745 -0.0469712 0)
(1.06942 -0.0442722 0)
(1.05486 -0.0381557 0)
(1.03937 -0.0315186 0)
(1.02751 -0.0247178 0)
(1.019 -0.0174975 0)
(1.01363 -0.0100172 0)
(1.01103 -0.00242933 0)
(1.01105 0.00511513 0)
(1.01346 0.0125274 0)
(1.01846 0.0197744 0)
(1.02681 0.0266983 0)
(1.03856 0.0330633 0)
(1.05393 0.0394897 0)
(1.06816 0.0455568 0)
(1.05559 0.0482671 0)
(0.909958 0.0469629 0)
(0.390015 0.0137743 0)
(0.307602 -0.00451088 0)
(0.84668 -0.0323876 0)
(1.0495 -0.0399451 0)
(1.0796 -0.0382582 0)
(1.06819 -0.0335977 0)
(1.05162 -0.0279995 0)
(1.03832 -0.0226205 0)
(1.02811 -0.0165755 0)
(1.02106 -0.00966359 0)
(1.01717 -0.00207345 0)
(1.01679 0.00576191 0)
(1.02029 0.0130831 0)
(1.02729 0.0196306 0)
(1.03724 0.0252566 0)
(1.05031 0.0302444 0)
(1.06683 0.0355646 0)
(1.07791 0.0398972 0)
(1.04746 0.0416102 0)
(0.843191 0.03291 0)
(0.303953 0.00471736 0)
(0.264122 9.43738e-05 0)
(0.788738 -0.0201057 0)
(1.033 -0.0315057 0)
(1.08334 -0.0321306 0)
(1.07724 -0.0288781 0)
(1.06083 -0.0239869 0)
(1.0472 -0.019531 0)
(1.03635 -0.0144255 0)
(1.0285 -0.00842335 0)
(1.02406 -0.00139759 0)
(1.02381 0.00597992 0)
(1.02769 0.0128288 0)
(1.03475 0.0184288 0)
(1.04524 0.0230569 0)
(1.05866 0.0269871 0)
(1.07488 0.0314033 0)
(1.08038 0.0341662 0)
(1.02926 0.0332445 0)
(0.7829 0.0207161 0)
(0.259041 0.000108305 0)
(0.240177 0.00106725 0)
(0.738265 -0.0123123 0)
(1.01379 -0.025032 0)
(1.08412 -0.0268051 0)
(1.08293 -0.0245025 0)
(1.06767 -0.0203963 0)
(1.05414 -0.0164122 0)
(1.04331 -0.0119697 0)
(1.0352 -0.00655362 0)
(1.0303 -0.000170489 0)
(1.02981 0.00649369 0)
(1.03385 0.0123288 0)
(1.04152 0.01709 0)
(1.05173 0.0209804 0)
(1.06494 0.0244459 0)
(1.07973 0.0279288 0)
(1.08026 0.0295139 0)
(1.00801 0.0271257 0)
(0.729437 0.0131004 0)
(0.233494 -0.000848565 0)
(0.225709 0.000946786 0)
(0.694928 -0.00808046 0)
(0.992558 -0.0208707 0)
(1.08191 -0.0233009 0)
(1.08673 -0.0214776 0)
(1.07331 -0.0178668 0)
(1.05982 -0.0140673 0)
(1.04923 -0.00973986 0)
(1.04131 -0.00488937 0)
(1.03635 0.000677878 0)
(1.0356 0.00658659 0)
(1.03919 0.0119149 0)
(1.046 0.0161674 0)
(1.05606 0.0196715 0)
(1.06928 0.0227164 0)
(1.08205 0.0255778 0)
(1.07569 0.0265709 0)
(0.983556 0.0232866 0)
(0.682477 0.00907039 0)
(0.217137 -0.000723989 0)
(0.216125 0.000613587 0)
(0.659675 -0.00572069 0)
(0.972381 -0.0176938 0)
(1.07946 -0.0203381 0)
(1.09016 -0.0188025 0)
(1.07811 -0.0157643 0)
(1.06468 -0.0120969 0)
(1.05421 -0.00797734 0)
(1.04635 -0.00312564 0)
(1.0414 0.00226208 0)
(1.04069 0.00771088 0)
(1.0442 0.0122756 0)
(1.0509 0.0161 0)
(1.06033 0.0193796 0)
(1.07302 0.0221172 0)
(1.0839 0.0241957 0)
(1.07173 0.0247777 0)
(0.960212 0.0208173 0)
(0.64284 0.00699429 0)
(0.205207 -0.00035174 0)
(0.20878 0.000294672 0)
(0.630708 -0.00424314 0)
(0.952954 -0.0151271 0)
(1.07589 -0.0180977 0)
(1.09305 -0.0168255 0)
(1.08273 -0.0139225 0)
(1.06934 -0.0104287 0)
(1.05887 -0.00631334 0)
(1.05114 -0.00169742 0)
(1.04616 0.00325156 0)
(1.04465 0.00819378 0)
(1.04727 0.0127602 0)
(1.05345 0.016433 0)
(1.06288 0.0192951 0)
(1.07565 0.0217589 0)
(1.08462 0.0235496 0)
(1.06415 0.0235038 0)
(0.935136 0.0188554 0)
(0.608051 0.00582764 0)
(0.194887 2.10314e-05 0)
(0.202944 7.44906e-05 0)
(0.607421 -0.0031925 0)
(0.935141 -0.0126493 0)
(1.07288 -0.0157634 0)
(1.0963 -0.0146892 0)
(1.08721 -0.0120399 0)
(1.07378 -0.00851003 0)
(1.06312 -0.00459603 0)
(1.05502 2.0203e-06 0)
(1.04973 0.00507456 0)
(1.04857 0.0100821 0)
(1.05132 0.0140607 0)
(1.05723 0.0172395 0)
(1.06629 0.0198546 0)
(1.07842 0.0218435 0)
(1.08528 0.023028 0)
(1.05826 0.0225172 0)
(0.912422 0.0172456 0)
(0.57857 0.00512536 0)
(0.185582 0.000296499 0)
(0.198218 -5.63891e-06 0)
(0.588916 -0.002356 0)
(0.919301 -0.0104117 0)
(1.06953 -0.0136467 0)
(1.09944 -0.012622 0)
(1.092 -0.00991401 0)
(1.07841 -0.00647947 0)
(1.06751 -0.00258448 0)
(1.05931 0.00188136 0)
(1.05382 0.00658275 0)
(1.05142 0.0110556 0)
(1.05325 0.015101 0)
(1.0589 0.0180877 0)
(1.06798 0.0202491 0)
(1.08036 0.0220869 0)
(1.08509 0.0229891 0)
(1.0488 0.0218751 0)
(0.887693 0.0159396 0)
(0.551245 0.00470834 0)
(0.17637 0.000465099 0)
(0.194575 2.32836e-05 0)
(0.574093 -0.0015868 0)
(0.904795 -0.00820026 0)
(1.06694 -0.0112293 0)
(1.10309 -0.0102051 0)
(1.09694 -0.00756564 0)
(1.08329 -0.00404153 0)
(1.07192 -0.000295814 0)
(1.06306 0.0040618 0)
(1.05687 0.00893251 0)
(1.05481 0.0137342 0)
(1.05674 0.0170076 0)
(1.06217 0.0194065 0)
(1.07102 0.0212627 0)
(1.08246 0.0226437 0)
(1.08446 0.0231853 0)
(1.04082 0.0215101 0)
(0.865216 0.0150011 0)
(0.52732 0.0045013 0)
(0.167694 0.000556268 0)
(0.192364 4.93202e-05 0)
(0.563337 -0.000821666 0)
(0.893049 -0.00606405 0)
(1.0641 -0.00901171 0)
(1.10645 -0.00787781 0)
(1.10198 -0.00504801 0)
(1.08812 -0.0014503 0)
(1.07639 0.00244877 0)
(1.06716 0.00684253 0)
(1.06059 0.0114198 0)
(1.05698 0.0155349 0)
(1.05785 0.0190011 0)
(1.06303 0.0212087 0)
(1.07208 0.0224632 0)
(1.08331 0.0235782 0)
(1.08289 0.0236068 0)
(1.02899 0.0214097 0)
(0.84017 0.014259 0)
(0.503653 0.00435695 0)
(0.158818 0.000584907 0)
(0.191385 9.75575e-05 0)
(0.555725 -0.000251674 0)
(0.882615 -0.00400292 0)
(1.06243 -0.00620714 0)
(1.11028 -0.00488534 0)
(1.10712 -0.00207235 0)
(1.09338 0.00164588 0)
(1.08115 0.00565333 0)
(1.07119 0.010151 0)
(1.06351 0.0149134 0)
(1.06 0.0190664 0)
(1.06122 0.0218246 0)
(1.066 0.0233388 0)
(1.07452 0.0244726 0)
(1.08368 0.0248894 0)
(1.08043 0.0245483 0)
(1.01799 0.0217281 0)
(0.817032 0.0139445 0)
(0.4822 0.00438999 0)
(0.150382 0.000618907 0)
(0.191876 6.78959e-05 0)
(0.551278 0.000766609 0)
(0.876163 -0.00167935 0)
(1.06125 -0.00366982 0)
(1.11432 -0.00200009 0)
(1.11272 0.00123604 0)
(1.0989 0.00517934 0)
(1.08644 0.00940932 0)
(1.07611 0.0139902 0)
(1.06806 0.0185079 0)
(1.06298 0.022088 0)
(1.06197 0.0244598 0)
(1.06587 0.0259545 0)
(1.07434 0.0265099 0)
(1.0834 0.0266049 0)
(1.07662 0.025738 0)
(1.00342 0.0221285 0)
(0.791096 0.0138529 0)
(0.459805 0.00445197 0)
(0.141431 0.00063596 0)
(0.193793 0.000197731 0)
(0.551429 0.00148701 0)
(0.871109 0.000391213 0)
(1.062 -0.000187208 0)
(1.11923 0.00190124 0)
(1.11862 0.00520779 0)
(1.10484 0.00941316 0)
(1.09176 0.0140111 0)
(1.0804 0.018883 0)
(1.07063 0.0235874 0)
(1.06493 0.0271281 0)
(1.06472 0.0292303 0)
(1.06846 0.029765 0)
(1.07593 0.0299667 0)
(1.08202 0.0292862 0)
(1.07131 0.0276828 0)
(0.989399 0.0232571 0)
(0.766597 0.0141987 0)
(0.438658 0.0046807 0)
(0.132655 0.000673392 0)
(0.197778 0.000656224 0)
(0.553951 0.00227136 0)
(0.871202 0.00330878 0)
(1.06392 0.00299155 0)
(1.12467 0.00564388 0)
(1.12516 0.00963348 0)
(1.11098 0.0144312 0)
(1.09738 0.0193108 0)
(1.08541 0.0242746 0)
(1.07516 0.028829 0)
(1.06789 0.0319927 0)
(1.0646 0.0330872 0)
(1.06634 0.0335656 0)
(1.07369 0.0329262 0)
(1.08022 0.0322512 0)
(1.0648 0.0300866 0)
(0.971062 0.0246644 0)
(0.738186 0.0148048 0)
(0.415221 0.0050008 0)
(0.122873 0.000714402 0)
(0.204125 0.000863973 0)
(0.560597 0.00338351 0)
(0.87478 0.00572317 0)
(1.06852 0.00734651 0)
(1.13138 0.010715 0)
(1.13254 0.015051 0)
(1.11782 0.0202276 0)
(1.10307 0.0257495 0)
(1.08962 0.0312938 0)
(1.07727 0.0362598 0)
(1.06839 0.0392226 0)
(1.06571 0.0401608 0)
(1.06835 0.0397838 0)
(1.07437 0.038791 0)
(1.07666 0.0365271 0)
(1.0562 0.0332096 0)
(0.952772 0.0266718 0)
(0.710719 0.0157922 0)
(0.392194 0.00543263 0)
(0.11294 0.000761195 0)
(0.212356 0.00103533 0)
(0.571695 0.00470019 0)
(0.882801 0.00880027 0)
(1.07547 0.0117885 0)
(1.13921 0.0161716 0)
(1.14115 0.0213141 0)
(1.12565 0.0274044 0)
(1.10991 0.0332755 0)
(1.09534 0.0390534 0)
(1.08174 0.0438767 0)
(1.07103 0.0467518 0)
(1.06486 0.0469125 0)
(1.06376 0.0453848 0)
(1.06932 0.0427722 0)
(1.07253 0.0412011 0)
(1.04577 0.0369564 0)
(0.928982 0.02904 0)
(0.677942 0.0171212 0)
(0.36549 0.00593787 0)
(0.101534 0.000818343 0)
(0.224496 0.00135638 0)
(0.589563 0.00663964 0)
(0.897113 0.0131616 0)
(1.08592 0.018016 0)
(1.14885 0.0232872 0)
(1.15067 0.0290964 0)
(1.13392 0.0359161 0)
(1.11617 0.0428153 0)
(1.09894 0.0494698 0)
(1.08241 0.0548749 0)
(1.06925 0.0569554 0)
(1.06346 0.0561151 0)
(1.06412 0.053847 0)
(1.06883 0.0513 0)
(1.06595 0.0471544 0)
(1.03264 0.041433 0)
(0.905009 0.0320979 0)
(0.64548 0.0186892 0)
(0.338577 0.00649446 0)
(0.0898238 0.000862768 0)
(0.24008 0.00192328 0)
(0.613135 0.00848909 0)
(0.918145 0.0179096 0)
(1.10059 0.0250776 0)
(1.16034 0.0320133 0)
(1.16187 0.0389771 0)
(1.14353 0.0472159 0)
(1.12419 0.0548532 0)
(1.10521 0.0616924 0)
(1.08644 0.0661797 0)
(1.07084 0.0672794 0)
(1.06147 0.0657695 0)
(1.05796 0.0624492 0)
(1.05997 0.0580198 0)
(1.05863 0.0537905 0)
(1.01663 0.0469533 0)
(0.873711 0.0354748 0)
(0.605772 0.0205056 0)
(0.306792 0.00709594 0)
(0.0763733 0.000881741 0)
(0.26184 0.00277891 0)
(0.645855 0.012293 0)
(0.946575 0.0247746 0)
(1.11982 0.0348225 0)
(1.17485 0.0430876 0)
(1.17503 0.0521166 0)
(1.15435 0.0613021 0)
(1.13202 0.0699072 0)
(1.10921 0.0772299 0)
(1.08653 0.0817437 0)
(1.06803 0.0819978 0)
(1.05788 0.078175 0)
(1.05563 0.0736354 0)
(1.05768 0.0684754 0)
(1.04753 0.0620592 0)
(0.996834 0.0528985 0)
(0.841481 0.0396354 0)
(0.565979 0.0226325 0)
(0.274491 0.00770624 0)
(0.0627654 0.000852867 0)
(0.293267 0.00371149 0)
(0.691888 0.0155568 0)
(0.985809 0.033226 0)
(1.14562 0.0467496 0)
(1.19271 0.0576303 0)
(1.19054 0.0684683 0)
(1.16657 0.0792329 0)
(1.14149 0.0884241 0)
(1.11625 0.0954146 0)
(1.09097 0.098581 0)
(1.06883 0.096454 0)
(1.05478 0.0920999 0)
(1.04745 0.0854796 0)
(1.04528 0.0782614 0)
(1.03575 0.0710359 0)
(0.973316 0.0602241 0)
(0.799822 0.0440238 0)
(0.516408 0.0249026 0)
(0.235671 0.00813947 0)
(0.0473515 0.000755713 0)
(0.329612 0.00706958 0)
(0.749844 0.0246584 0)
(1.03456 0.046361 0)
(1.17711 0.0640431 0)
(1.21447 0.0767005 0)
(1.20781 0.0909002 0)
(1.17911 0.10264 0)
(1.14932 0.111971 0)
(1.11857 0.118337 0)
(1.08747 0.120057 0)
(1.06222 0.116893 0)
(1.04736 0.108899 0)
(1.04185 0.100732 0)
(1.04016 0.0923737 0)
(1.01884 0.0822577 0)
(0.943776 0.0684014 0)
(0.755915 0.0496626 0)
(0.466491 0.0275274 0)
(0.197009 0.00846909 0)
(0.0329051 0.000626195 0)
(0.409493 0.0106666 0)
(0.837129 0.0357557 0)
(1.09965 0.0672525 0)
(1.21636 0.0896202 0)
(1.24025 0.105221 6.46272e-34)
(1.22643 0.121023 -2.90654e-34)
(1.19109 0.132681 0)
(1.15627 0.140725 0)
(1.12139 0.144748 0)
(1.08779 0.143602 0)
(1.05916 0.13641 0)
(1.04051 0.126959 0)
(1.02964 0.116313 0)
(1.02172 0.105291 0)
(0.999684 0.0939415 0)
(0.909225 0.0777587 0)
(0.698691 0.0543185 0)
(0.401406 0.0291372 0)
(0.14816 0.00816542 0)
(0.0162081 0.000727733 0)
(0.480654 0.0259395 4.81651e-20)
(0.939304 0.0594956 -3.64484e-20)
(1.17036 0.101643 0)
(1.25694 0.128086 2.80505e-20)
(1.26768 0.143369 -2.27469e-20)
(1.2443 0.161271 3.06666e-34)
(1.202 0.17108 0)
(1.16194 0.177059 1.62716e-20)
(1.12158 0.17891 -5.33945e-20)
(1.0811 0.17505 1.08898e-20)
(1.04739 0.16477 0)
(1.02717 0.151305 -2.75473e-20)
(1.01848 0.138156 -3.30154e-20)
(1.01141 0.126575 5.77515e-20)
(0.969362 0.110946 -4.5612e-20)
(0.854009 0.0882229 0)
(0.622085 0.0601672 -1.64547e-20)
(0.324173 0.0296081 0)
(0.0971694 0.007927 -9.07108e-20)
(-0.000920157 0.000616688 1.06904e-19)
(0.516939 0.0534646 -6.29281e-21)
(1.00342 0.102625 1.09982e-19)
(1.2198 0.151537 -6.42077e-21)
(1.29018 0.175587 -6.98876e-20)
(1.29188 0.192798 -4.82227e-20)
(1.25947 0.208762 7.84317e-20)
(1.21075 0.21575 0)
(1.16492 0.219076 0)
(1.11874 0.217757 8.49817e-20)
(1.07371 0.209633 0)
(1.03724 0.196755 9.9608e-20)
(1.01277 0.1819 2.95577e-20)
(0.995939 0.167842 4.14677e-22)
(0.975822 0.150596 -6.2969e-20)
(0.930896 0.132563 0)
(0.80221 0.10679 0)
(0.55681 0.0693472 -2.6884e-19)
(0.267946 0.0318846 6.75468e-19)
(0.0693006 0.00774191 -3.99358e-19)
(-0.0107675 -0.000583605 -4.70885e-19)
(0.524832 0.0760802 -6.38706e-20)
(1.04155 0.159375 2.42629e-20)
(1.2568 0.212071 1.30757e-20)
(1.31648 0.23475 1.22032e-19)
(1.31081 0.250193 1.43813e-20)
(1.27097 0.261703 -2.0464e-19)
(1.21668 0.264759 6.96589e-20)
(1.16572 0.264677 0)
(1.11464 0.260267 -1.79865e-19)
(1.06555 0.250513 1.59437e-19)
(1.02305 0.234496 -2.68895e-19)
(0.99343 0.215636 1.2603e-19)
(0.975666 0.196805 -8.16502e-20)
(0.958134 0.181781 1.83939e-19)
(0.900667 0.160348 0)
(0.762654 0.125383 -6.72695e-20)
(0.52097 0.0804045 0)
(0.255557 0.0358146 3.7135e-19)
(0.0669635 0.00957575 -8.78044e-19)
(-0.0117081 -0.00187861 5.50486e-19)
(0.520233 0.10784 1.80443e-19)
(1.06103 0.215691 -7.88395e-20)
(1.27811 0.276655 -1.66634e-20)
(1.33342 0.298806 0)
(1.32276 0.312279 -9.02006e-20)
(1.27763 0.318668 1.11235e-19)
(1.2186 0.316894 -7.46209e-20)
(1.1625 0.312728 0)
(1.10586 0.30415 1.27852e-19)
(1.0499 0.289239 -1.12073e-19)
(1.00143 0.267154 2.33202e-19)
(0.970004 0.247085 0)
(0.950143 0.229789 -1.73639e-19)
(0.923002 0.208582 9.78336e-20)
(0.869004 0.184912 2.4677e-19)
(0.73621 0.149022 -2.17145e-19)
(0.5057 0.0970472 3.44719e-19)
(0.255523 0.0463893 -7.64296e-19)
(0.0750843 0.0130925 4.82478e-19)
(-0.0076881 -0.00177926 -6.03423e-19)
(0.509158 0.132121 -6.40645e-20)
(1.06959 0.26997 4.59101e-20)
(1.28938 0.342738 -5.53244e-20)
(1.34245 0.364498 1.09485e-19)
(1.32819 0.375588 -1.02975e-19)
(1.27927 0.376959 3.53266e-20)
(1.21657 0.370712 3.60311e-21)
(1.15643 0.362548 -1.45424e-19)
(1.0957 0.350053 -1.34235e-19)
(1.03634 0.33137 -2.40938e-19)
(0.987847 0.308517 -5.01517e-19)
(0.952206 0.285394 -1.54502e-19)
(0.925196 0.262669 2.28566e-21)
(0.904335 0.242507 -3.35329e-19)
(0.844083 0.217073 -5.88759e-21)
(0.711172 0.171876 3.16236e-19)
(0.494329 0.11368 -9.53705e-20)
(0.260559 0.0581748 -5.52542e-20)
(0.086821 0.0186117 0)
(-0.00133106 -0.000676142 1.28447e-18)
(0.492518 0.152874 0)
(1.0642 0.31943 -4.63007e-21)
(1.29156 0.405693 -9.83008e-21)
(1.3446 0.428311 -1.2798e-20)
(1.32778 0.438354 9.99016e-20)
(1.27634 0.435399 -8.21353e-20)
(1.21095 0.424756 8.15686e-20)
(1.14773 0.412221 2.38667e-19)
(1.08399 0.395285 -7.46607e-20)
(1.0208 0.371538 1.19188e-19)
(0.964048 0.342946 2.69629e-19)
(0.924068 0.316028 3.3679e-19)
(0.901282 0.29364 -2.02868e-19)
(0.868388 0.271729 3.63134e-19)
(0.814672 0.242041 -2.87788e-19)
(0.6925 0.199231 0)
(0.49072 0.135097 -7.24358e-19)
(0.272235 0.0736235 9.7489e-19)
(0.102241 0.0271516 7.2774e-20)
(0.00677091 0.00166591 -1.35875e-18)
(0.478276 0.173156 -5.10033e-21)
(1.05657 0.367805 8.3572e-21)
(1.28886 0.466795 7.18333e-20)
(1.34192 0.490405 -9.33167e-20)
(1.32302 0.499242 8.24913e-20)
(1.26975 0.492254 -7.97614e-20)
(1.20242 0.477848 1.61886e-19)
(1.13675 0.46156 -7.18485e-20)
(1.06928 0.440673 -3.01585e-19)
(1.00132 0.413567 -1.20433e-22)
(0.943679 0.382967 -2.9305e-19)
(0.904658 0.352791 -3.62239e-19)
(0.873906 0.328129 2.23919e-19)
(0.85134 0.304773 -1.30694e-19)
(0.791947 0.276005 3.12836e-19)
(0.672362 0.222659 0)
(0.482641 0.156267 -4.49766e-19)
(0.278493 0.0886701 6.64264e-19)
(0.113858 0.0362007 1.25743e-18)
(0.0136483 0.00436774 -1.47902e-18)
(0.464417 0.19096 -4.83635e-20)
(1.04444 0.412435 1.81131e-20)
(1.28198 0.524247 -4.961e-20)
(1.33539 0.549223 9.67523e-20)
(1.3148 0.55764 1.19422e-20)
(1.26016 0.547415 -1.56759e-19)
(1.19124 0.529613 -9.37266e-20)
(1.12337 0.509678 -9.15626e-20)
(1.05369 0.485072 -1.69997e-19)
(0.98482 0.453851 2.73663e-19)
(0.924013 0.417804 2.96354e-19)
(0.878241 0.385443 5.74851e-19)
(0.850664 0.360815 0)
(0.816116 0.333729 6.42862e-21)
(0.764336 0.299962 -8.59306e-19)
(0.653781 0.250566 2.00849e-19)
(0.477796 0.177626 9.73169e-19)
(0.284877 0.105313 -2.87162e-19)
(0.123888 0.0459148 5.97176e-19)
(0.0194828 0.00738021 -4.97978e-20)
(0.45475 0.209238 5.89407e-21)
(1.03339 0.455478 4.01811e-20)
(1.273 0.579414 -2.25386e-20)
(1.32627 0.605985 1.09165e-19)
(1.30408 0.613442 -1.68096e-19)
(1.24831 0.599995 1.55973e-19)
(1.17817 0.579258 9.70842e-20)
(1.10881 0.5563 2.73902e-19)
(1.03688 0.528166 3.41725e-19)
(0.963682 0.493366 -3.15505e-19)
(0.898799 0.454466 0)
(0.854595 0.421256 -2.17247e-19)
(0.82369 0.391565 2.49424e-19)
(0.798707 0.364586 3.14783e-19)
(0.742674 0.332074 -1.82013e-19)
(0.633908 0.271627 -4.44132e-19)
(0.467817 0.197989 -1.32537e-19)
(0.286307 0.120451 -1.71148e-21)
(0.129724 0.054631 0)
(0.0234138 0.00998651 0)
(0.446743 0.225553 -6.63527e-20)
(1.02155 0.495736 0)
(1.26211 0.630971 -8.26492e-21)
(1.31501 0.659384 -9.55303e-21)
(1.29161 0.666427 1.90307e-19)
(1.23496 0.650381 -4.84676e-20)
(1.16386 0.62697 9.86245e-20)
(1.09315 0.600963 -1.85522e-19)
(1.01958 0.570008 2.59141e-19)
(0.94497 0.532243 -1.03268e-19)
(0.87976 0.490132 1.69717e-19)
(0.832702 0.452864 6.88663e-19)
(0.800156 0.422387 1.42965e-20)
(0.76424 0.391036 -3.28106e-19)
(0.714299 0.351476 6.08022e-19)
(0.613894 0.297341 4.08907e-21)
(0.457791 0.216882 1.41794e-19)
(0.283036 0.134078 -6.7622e-19)
(0.13039 0.0615831 6.97276e-19)
(0.0252898 0.0118473 -8.21549e-19)
(0.440202 0.243606 3.2905e-23)
(1.01021 0.534099 0)
(1.25022 0.680004 0)
(1.30248 0.710479 -4.98795e-21)
(1.27793 0.716635 -5.70361e-20)
(1.22056 0.697966 7.34712e-20)
(1.14879 0.672184 -1.84449e-19)
(1.07707 0.643804 0)
(1.00152 0.610049 -3.81987e-19)
(0.923775 0.569029 4.56695e-19)
(0.85528 0.523998 4.82976e-19)
(0.806449 0.483747 -2.52748e-19)
(0.772554 0.449442 -3.05724e-19)
(0.74717 0.417526 7.16765e-19)
(0.691748 0.380194 -2.15996e-19)
(0.592389 0.313404 -2.57897e-19)
(0.442795 0.233605 -1.54335e-19)
(0.276874 0.144653 -7.29365e-19)
(0.127269 0.0667977 1.06633e-19)
(0.0253743 0.0128169 8.86773e-19)
(0.436088 0.261791 -3.38825e-20)
(0.999713 0.570654 -4.36986e-20)
(1.23759 0.725907 2.36173e-20)
(1.289 0.758194 -1.84989e-22)
(1.26363 0.763962 -5.65338e-20)
(1.2057 0.743228 1.20254e-19)
(1.13327 0.715373 0)
(1.06045 0.684588 1.11813e-19)
(0.983669 0.648708 -8.81649e-20)
(0.905224 0.605722 7.61043e-19)
(0.834821 0.558301 -1.10005e-19)
(0.784188 0.51384 1.25236e-19)
(0.750264 0.477032 0)
(0.71172 0.440252 -3.88049e-19)
(0.663601 0.393706 4.69939e-19)
(0.570921 0.334647 0)
(0.429873 0.246895 -3.32562e-19)
(0.26772 0.154019 9.7791e-19)
(0.122521 0.0694822 1.15427e-19)
(0.0238776 0.0134608 -1.09071e-18)
(0.433626 0.27873 -8.71507e-20)
(0.98971 0.605088 1.1193e-19)
(1.22475 0.769243 0)
(1.27521 0.803564 8.52963e-21)
(1.2489 0.808562 0)
(1.1904 0.785739 -1.54139e-19)
(1.11754 0.756002 0)
(1.04412 0.723406 0)
(0.96601 0.685406 -1.1617e-19)
(0.8847 0.639872 -7.23304e-19)
(0.810873 0.589033 -8.92314e-19)
(0.758138 0.541466 1.46347e-19)
(0.72116 0.500456 5.2783e-19)
(0.694352 0.461932 4.27156e-19)
(0.641359 0.418381 -1.50751e-18)
(0.549342 0.344606 -6.04756e-19)
(0.411739 0.257996 3.54177e-19)
(0.256278 0.159212 0)
(0.115754 0.0706871 9.91544e-19)
(0.0217601 0.0132677 -1.17472e-18)
(0.432072 0.294467 1.05551e-19)
(0.980574 0.638068 -1.31203e-19)
(1.21195 0.809785 0)
(1.26114 0.845746 -1.10334e-20)
(1.23415 0.850494 2.41304e-21)
(1.17524 0.826035 0)
(1.10197 0.794654 5.65466e-20)
(1.02777 0.760174 7.71204e-20)
(0.948502 0.720709 -2.18811e-19)
(0.865812 0.673928 9.59465e-20)
(0.78981 0.620916 0)
(0.734515 0.570158 6.05929e-19)
(0.697316 0.525525 5.07874e-21)
(0.658392 0.480505 2.30373e-19)
(0.612465 0.425444 2.73648e-19)
(0.526861 0.360967 0)
(0.396528 0.265104 -5.784e-19)
(0.243785 0.162549 1.1346e-18)
(0.108518 0.0705137 -1.19997e-18)
(0.0194036 0.0126681 2.52884e-18)
(0.430836 0.309515 0)
(0.971578 0.668998 0)
(1.19936 0.847843 -6.34499e-20)
(1.24728 0.88572 0)
(1.21944 0.889833 0)
(1.16008 0.863736 -1.28596e-19)
(1.08662 0.830877 5.78674e-20)
(1.01203 0.795051 1.76049e-20)
(0.93152 0.754038 -5.01112e-20)
(0.846434 0.70529 0)
(0.767933 0.649594 -1.3568e-19)
(0.708738 0.595626 -4.94221e-19)
(0.667083 0.545637 -5.95166e-19)
(0.639499 0.496903 -2.39254e-19)
(0.589566 0.445666 2.96325e-19)
(0.50473 0.363446 -6.98476e-19)
(0.376634 0.269849 1.24445e-18)
(0.231315 0.162579 2.19482e-21)
(0.10132 0.0693341 -1.14929e-18)
(0.0173877 0.0119123 -1.70477e-19)
(0.429797 0.324102 0)
(0.963559 0.699052 -1.07902e-19)
(1.18713 0.883599 7.83954e-20)
(1.23349 0.922821 0)
(1.20508 0.926783 0)
(1.14547 0.899405 2.58218e-19)
(1.07179 0.865281 0)
(0.996512 0.827982 0)
(0.914859 0.78595 -4.79431e-19)
(0.828141 0.736616 1.32203e-19)
(0.746136 0.679311 -1.20293e-18)
(0.684217 0.621764 0)
(0.643033 0.568371 -6.45615e-19)
(0.601523 0.512754 1.06135e-20)
(0.558559 0.445094 -9.52038e-19)
(0.481185 0.37316 3.75804e-19)
(0.362075 0.268834 1.51161e-21)
(0.220026 0.159911 -1.30959e-18)
(0.0955295 0.0666693 6.17705e-19)
(0.0148449 0.0103902 1.82365e-19)
(0.428774 0.338345 0)
(0.955538 0.726993 -1.51473e-19)
(1.17523 0.91707 8.2884e-20)
(1.22019 0.957935 1.03883e-19)
(1.19104 0.961299 -1.36329e-20)
(1.13108 0.932637 2.59771e-20)
(1.05731 0.897401 -3.50651e-20)
(0.981723 0.859157 4.61568e-19)
(0.898977 0.816075 5.12855e-19)
(0.810029 0.765321 1.00753e-18)
(0.726115 0.70671 9.99498e-19)
(0.659637 0.646948 1.75567e-19)
(0.610386 0.586798 9.28886e-19)
(0.580198 0.524792 5.73574e-19)
(0.533025 0.460722 6.83433e-19)
(0.458015 0.36531 -4.11204e-19)
(0.34249 0.262948 -4.77793e-19)
(0.212584 0.151226 5.60616e-19)
(0.095772 0.0689582 -3.3152e-19)
(0.0187941 0.0167147 5.90142e-19)
(0.427899 0.352121 2.14628e-19)
(0.948513 0.754268 2.37017e-19)
(1.16378 0.948636 4.85173e-20)
(1.20711 0.990469 1.61258e-20)
(1.17749 0.993721 1.04235e-20)
(1.1174 0.964056 -7.16822e-20)
(1.04353 0.927876 3.38345e-20)
(0.96742 0.888549 -2.01525e-20)
(0.883717 0.844832 -5.96381e-19)
(0.793377 0.794056 -1.09324e-18)
(0.705361 0.734594 6.9414e-20)
(0.635245 0.670741 0)
(0.586568 0.608648 0)
(0.538713 0.54051 -2.99031e-19)
(0.496801 0.452234 -1.11791e-18)
(0.431218 0.364641 8.85768e-19)
(0.334648 0.243084 5.22398e-19)
(0.220173 0.132577 0)
(0.109647 0.0427723 1.06186e-18)
(0.012466 -0.00877255 -6.30069e-19)
(0.427013 0.365355 -1.13783e-19)
(0.94129 0.779229 1.0075e-19)
(1.15265 0.978051 -1.1737e-19)
(1.19465 1.02124 -9.35596e-20)
(1.16441 1.02387 -1.22705e-20)
(1.10406 0.993187 -2.28301e-20)
(1.03022 0.95622 0)
(0.953985 0.916333 -5.79845e-19)
(0.869438 0.871997 7.31651e-20)
(0.77691 0.820338 0)
(0.686805 0.760402 0)
(0.611616 0.696725 1.11891e-19)
(0.551292 0.627914 1.50314e-19)
(0.513442 0.549966 -3.22807e-19)
(0.464847 0.466182 8.02459e-19)
(0.398705 0.341643 -9.65121e-19)
(0.308196 0.219999 -1.11773e-18)
(0.229534 0.114208 9.89851e-19)
(0.167344 0.085735 -3.77873e-19)
(0.113075 0.0794229 2.19911e-19)
(0.426173 0.377781 1.43612e-19)
(0.934977 0.803689 0)
(1.14199 1.00585 0)
(1.18245 1.04966 -2.54393e-20)
(1.15186 1.05221 2.05953e-20)
(1.09151 1.02074 -2.06415e-20)
(1.01774 0.983104 1.49924e-19)
(0.941147 0.942469 5.93874e-19)
(0.855772 0.897815 1.08164e-18)
(0.762098 0.8465 -8.21641e-20)
(0.668067 0.786616 1.69723e-19)
(0.58843 0.719656 -1.0006e-18)
(0.528573 0.650444 -9.96696e-19)
(0.467407 0.569636 -1.73198e-19)
(0.414816 0.453212 0)
(0.357485 0.339624 -6.70495e-21)
(0.28406 0.151289 6.15606e-19)
(0.259284 0.0128774 -1.0361e-18)
(0.222598 -0.0918317 7.87736e-19)
(0.0853321 -0.0968486 6.53011e-19)
(0.425155 0.38981 -3.17618e-19)
(0.92823 0.825764 -1.43522e-19)
(1.13155 1.03174 6.97064e-21)
(1.17084 1.07677 5.53446e-20)
(1.13971 1.07875 0)
(1.07915 1.04653 -7.48992e-20)
(1.00548 1.00846 -2.15365e-19)
(0.928851 0.967674 -1.56986e-21)
(0.842801 0.922854 -5.66779e-19)
(0.747035 0.871244 -8.06133e-20)
(0.650882 0.811775 7.48755e-20)
(0.566222 0.747579 8.78956e-19)
(0.490673 0.673821 9.72665e-19)
(0.436815 0.580317 1.68619e-19)
(0.375431 0.477227 8.61726e-19)
(0.288813 0.307142 0)
(0.168812 0.136921 0)
(0.0012397 0.200767 7.12744e-19)
(-0.077888 0.630012 -2.93783e-20)
(0.0073839 1.53759 -8.78107e-19)
(0.424228 0.40112 1.7567e-19)
(0.922452 0.847832 4.01489e-19)
(1.12156 1.05655 -5.48873e-19)
(1.15935 1.10212 2.73252e-19)
(1.12789 1.10426 -6.47443e-21)
(1.06735 1.07164 -2.83698e-20)
(0.993751 1.03334 0)
(0.916753 0.992329 -4.95089e-19)
(0.829877 0.947795 0)
(0.733126 0.897219 1.13603e-18)
(0.632939 0.83879 -9.10236e-20)
(0.542668 0.772821 1.02063e-19)
(0.468959 0.70184 1.11318e-18)
(0.383266 0.615901 -3.65581e-19)
(0.283992 0.470918 -4.38475e-19)
(0.195058 0.362223 0)
(0.0858158 0.497153 0)
(0.025859 1.33473 0)
(0.0723608 2.46404 -4.04846e-19)
(0.0996366 2.91115 -2.49264e-19)
(0.422874 0.411861 0)
(0.9161 0.867325 0)
(1.11176 1.07956 2.00454e-19)
(1.14851 1.12642 -2.21684e-19)
(1.11652 1.1282 9.63919e-20)
(1.05576 1.09519 3.50425e-20)
(0.982223 1.0569 2.7726e-20)
(0.905251 1.01633 -2.15867e-20)
(0.817945 0.972363 7.98486e-20)
(0.719156 0.922373 -1.30377e-18)
(0.616618 0.865407 1.65049e-19)
(0.52223 0.805303 8.77832e-19)
(0.428839 0.734442 -1.10904e-18)
(0.349679 0.629943 -1.21764e-18)
(0.266764 0.531401 4.09778e-19)
(0.189034 0.667471 0)
(0.120935 1.56189 5.66368e-19)
(0.122696 2.69436 6.20143e-19)
(0.130715 3.08832 -6.93266e-19)
(0.122492 3.22239 7.43738e-19)
(0.421655 0.422333 0)
(0.910795 0.887056 3.56566e-19)
(1.10245 1.10165 -5.02191e-20)
(1.13783 1.14901 3.12933e-19)
(1.10552 1.15119 -1.01179e-19)
(1.0448 1.11813 0)
(0.971375 1.07997 0)
(0.894108 1.03961 0)
(0.806088 0.996516 4.50291e-19)
(0.706566 0.948224 6.02223e-20)
(0.600578 0.893217 0)
(0.500156 0.832187 -8.7304e-19)
(0.414414 0.765992 0)
(0.298953 0.678842 8.71503e-19)
(0.204355 0.741987 -5.87567e-19)
(0.153259 1.4628 -4.72522e-19)
(0.155768 2.68205 -1.10325e-18)
(0.177816 3.12673 -5.81624e-19)
(0.168625 3.26707 -7.89453e-19)
(0.154843 3.30731 5.92781e-19)
(0.420121 0.431797 -1.24795e-19)
(0.904797 0.904026 1.53966e-20)
(1.09332 1.12198 -5.60099e-20)
(1.12785 1.17077 -2.41534e-19)
(1.09502 1.17274 0)
(1.0341 1.13956 0)
(0.960741 1.10176 0)
(0.883599 1.06228 3.45459e-20)
(0.795401 1.0203 -5.69155e-19)
(0.694128 0.973408 0)
(0.586152 0.920876 0)
(0.484452 0.867964 0)
(0.372939 0.801932 0)
(0.305813 0.770979 6.36984e-19)
(0.270351 1.16109 1.56569e-18)
(0.247013 2.38706 4.63133e-19)
(0.261191 3.08303 9.33045e-19)
(0.255789 3.28246 -7.15386e-19)
(0.207074 3.3481 2.64151e-19)
(0.174701 3.36087 0)
(0.418748 0.441022 1.28593e-19)
(0.899763 0.922094 -7.93172e-19)
(1.08448 1.14221 -2.12739e-19)
(1.11775 1.19144 -4.66439e-20)
(1.08464 1.19406 2.3471e-20)
(1.02383 1.16108 -7.76639e-20)
(0.95064 1.12365 -3.3071e-21)
(0.873287 1.08465 -3.86471e-19)
(0.784483 1.04393 0)
(0.682956 0.999349 -7.62166e-20)
(0.57294 0.949871 6.93336e-20)
(0.465644 0.895504 0)
(0.375087 0.843627 0)
(0.320117 0.959197 -7.97208e-19)
(0.272104 1.85512 9.8681e-20)
(0.268458 2.9438 -3.47901e-19)
(0.291377 3.28649 7.27019e-19)
(0.263582 3.38488 5.26749e-19)
(0.198188 3.40932 -7.16122e-19)
(0.173486 3.41895 3.54934e-19)
(0.416718 0.450468 2.53222e-19)
(0.893221 0.938468 7.74069e-19)
(1.07495 1.16226 2.55297e-19)
(1.10758 1.21307 0)
(1.07403 1.21545 0)
(1.01311 1.18236 6.06811e-20)
(0.940086 1.14537 7.12216e-20)
(0.863065 1.10742 3.4466e-19)
(0.774478 1.06801 2.2355e-20)
(0.671761 1.02525 9.75747e-19)
(0.560792 0.97861 -1.15136e-18)
(0.449219 0.929602 0)
(0.373457 0.922355 0)
(0.333592 1.32816 -5.43567e-19)
(0.334063 2.48995 -6.53258e-19)
(0.377442 3.19755 0)
(0.401924 3.36829 -7.35807e-19)
(0.331899 3.43098 4.88477e-20)
(0.262691 3.47584 3.461e-19)
(0.240261 3.50115 -1.14351e-19)
(0.414665 0.460258 -4.82186e-19)
(0.887318 0.958234 -3.71912e-19)
(1.06485 1.18414 0)
(1.09623 1.23505 0)
(1.06255 1.23813 0)
(1.00192 1.20516 0)
(0.929318 1.16841 -8.36631e-20)
(0.852328 1.13077 3.0354e-19)
(0.76345 1.09261 0)
(0.661381 1.05243 -8.88486e-19)
(0.550128 1.00937 2.06511e-18)
(0.440253 0.969955 8.42319e-20)
(0.391292 1.04393 1.12242e-19)
(0.386125 1.74869 8.86161e-19)
(0.399913 2.9013 -4.76694e-19)
(0.437997 3.31913 0)
(0.421303 3.44193 2.06264e-19)
(0.335796 3.53034 9.16714e-20)
(0.26056 3.59408 1.49098e-19)
(0.185218 3.57354 -1.19935e-20)
(0.411647 0.470547 2.29609e-19)
(0.879011 0.975884 -3.80856e-19)
(1.0535 1.20611 0)
(1.08446 1.25873 -6.81773e-20)
(1.05044 1.26121 2.33403e-19)
(0.989863 1.22782 0)
(0.91768 1.19133 0)
(0.84142 1.15469 -5.27185e-19)
(0.753396 1.11777 -5.70555e-20)
(0.650927 1.0793 8.71531e-19)
(0.536148 1.03799 -9.81626e-19)
(0.446324 1.01688 5.72178e-19)
(0.407677 1.22837 0)
(0.421814 2.18758 -4.69955e-19)
(0.464898 3.14541 3.08083e-19)
(0.528545 3.42229 1.93352e-19)
(0.520417 3.5184 0)
(0.45769 3.59974 -3.73541e-20)
(0.387851 3.64052 -4.11496e-19)
(0.30726 3.61213 -9.63583e-20)
(0.40861 0.480998 -4.58553e-19)
(0.871655 0.998269 5.45623e-19)
(1.04151 1.23043 3.76709e-19)
(1.07122 1.28254 -9.33714e-20)
(1.03721 1.2857 -3.56918e-19)
(0.977206 1.25227 0)
(0.905793 1.2158 9.19736e-21)
(0.829932 1.17919 1.91148e-19)
(0.742052 1.1433 3.05849e-20)
(0.641216 1.1073 -7.52943e-19)
(0.528402 1.07218 -5.21198e-20)
(0.448089 1.08061 -6.45757e-19)
(0.445869 1.46283 7.04953e-19)
(0.494283 2.55313 1.54582e-19)
(0.559782 3.30708 -2.71703e-19)
(0.611677 3.47376 1.40466e-19)
(0.571953 3.52454 0)
(0.514291 3.52829 0)
(0.420909 3.49255 -6.82372e-19)
(0.192624 3.2833 1.25991e-18)
(0.40395 0.491805 2.19868e-19)
(0.860951 1.01713 5.38556e-19)
(1.02796 1.25441 -3.85443e-19)
(1.0576 1.30839 3.4053e-19)
(1.02339 1.31045 3.74736e-19)
(0.963717 1.27622 0)
(0.893103 1.23975 -6.63865e-22)
(0.818472 1.204 1.56955e-19)
(0.732177 1.16908 0)
(0.631892 1.13431 0)
(0.523647 1.10396 0)
(0.458993 1.1554 0)
(0.485679 1.6986 -7.95573e-19)
(0.551669 2.8596 -2.05975e-19)
(0.627651 3.39435 0)
(0.671133 3.48627 -2.37483e-20)
(0.669298 3.49179 0)
(0.746725 3.33231 1.41732e-19)
(0.842467 2.96295 -1.78432e-18)
(0.448339 2.58246 1.8709e-18)
(0.399884 0.501902 -4.48654e-19)
(0.851598 1.04242 -3.45566e-19)
(1.01365 1.28144 -2.56445e-19)
(1.04213 1.33415 -3.1848e-19)
(1.00816 1.33684 -1.83018e-19)
(0.949443 1.30239 0)
(0.880065 1.2657 4.42406e-21)
(0.806291 1.2296 -4.25415e-20)
(0.720638 1.19536 -2.29818e-19)
(0.622839 1.16265 0)
(0.520111 1.14204 5.13213e-20)
(0.474776 1.25406 -5.83586e-20)
(0.534417 1.95751 0)
(0.627206 3.08268 2.68791e-19)
(0.718474 3.43647 0)
(0.748815 3.47273 -1.01431e-19)
(0.752643 3.38173 2.79045e-19)
(0.746019 3.00024 -1.39897e-19)
(0.501279 1.98901 2.75415e-19)
(-0.342967 0.496209 -6.70143e-19)
(0.392153 0.512406 -1.33829e-20)
(0.837441 1.0621 -1.76982e-19)
(0.997108 1.30762 3.53311e-19)
(1.02602 1.3628 -1.97676e-20)
(0.992027 1.36394 -5.85532e-20)
(0.933995 1.3284 0)
(0.865839 1.29156 6.57055e-20)
(0.793818 1.25641 -8.09293e-20)
(0.710566 1.22312 4.11992e-19)
(0.611264 1.19108 -5.07281e-19)
(0.522669 1.18031 -6.06596e-19)
(0.500556 1.36809 0)
(0.587666 2.25618 4.02536e-19)
(0.689734 3.21653 -5.56838e-20)
(0.763337 3.41682 2.87647e-20)
(0.771747 3.40727 0)
(0.701409 3.1763 -1.4655e-19)
(0.532076 2.39934 1.54535e-19)
(0.101613 0.62799 -1.83362e-19)
(-0.249755 -0.395914 -1.68756e-19)
(0.385586 0.523375 4.19698e-19)
(0.825191 1.0904 -1.7356e-19)
(0.979544 1.33782 2.49764e-19)
(1.00752 1.39109 1.9272e-19)
(0.974024 1.39309 1.17906e-19)
(0.917414 1.35744 2.23391e-19)
(0.85102 1.32046 -1.46889e-19)
(0.780367 1.28482 1.60021e-20)
(0.6982 1.25219 -3.01962e-19)
(0.601771 1.22329 3.31862e-20)
(0.525939 1.22907 9.72454e-20)
(0.528798 1.51878 -3.98456e-19)
(0.641131 2.52437 1.08982e-19)
(0.752304 3.29109 -2.13778e-19)
(0.816085 3.39192 3.43114e-20)
(0.79074 3.31192 7.92838e-20)
(0.664051 2.86254 -2.09204e-19)
(0.405554 1.62968 1.36165e-19)
(0.0595178 0.0498079 0)
(-0.0800371 -0.159891 -2.94673e-19)
(0.37481 0.530847 0)
(0.806394 1.1097 -6.58956e-19)
(0.95909 1.36589 2.40098e-20)
(0.98829 1.42277 -3.16636e-19)
(0.955019 1.4229 0)
(0.89961 1.38595 -1.65407e-19)
(0.834994 1.3487 1.49058e-19)
(0.766755 1.31422 -1.49696e-20)
(0.688139 1.28263 2.13239e-19)
(0.594627 1.25608 3.63705e-19)
(0.530591 1.28041 4.68741e-19)
(0.56388 1.67374 4.78644e-20)
(0.696685 2.76542 -2.95887e-19)
(0.802145 3.31851 1.36262e-20)
(0.835211 3.34832 5.62358e-21)
(0.761291 3.1302 7.75529e-20)
(0.526 2.32015 8.90602e-20)
(0.116584 0.442808 -1.05554e-19)
(-0.137211 -0.245997 0)
(-0.116053 -0.207759 0)
(0.364304 0.541113 -4.06602e-19)
(0.789791 1.13961 6.54115e-19)
(0.937457 1.39876 0)
(0.966126 1.45321 0)
(0.933683 1.45448 0)
(0.880393 1.4176 0)
(0.818205 1.38037 -7.90883e-20)
(0.752017 1.34519 -1.6002e-20)
(0.675192 1.31422 -3.49097e-20)
(0.588303 1.29172 3.80727e-20)
(0.537518 1.3457 -3.88307e-19)
(0.599076 1.85743 2.82694e-19)
(0.749296 2.95442 0)
(0.842374 3.32132 3.61959e-20)
(0.864116 3.28609 6.03525e-20)
(0.721823 2.86755 -2.34165e-20)
(0.393198 1.68271 1.0445e-19)
(0.0162629 -0.0410303 6.00957e-20)
(-0.156398 -0.20248 -2.45559e-19)
(-0.0574444 -0.137227 -2.87242e-19)
(0.348394 0.544882 2.05958e-19)
(0.764483 1.15594 3.05876e-19)
(0.912348 1.42747 -9.31988e-21)
(0.943049 1.48744 1.67768e-19)
(0.911104 1.48653 0)
(0.859866 1.44821 3.14454e-19)
(0.80011 1.41048 -6.45473e-20)
(0.737093 1.37657 1.83413e-20)
(0.663555 1.34633 -3.58339e-20)
(0.583595 1.32829 2.75357e-20)
(0.548655 1.41465 2.62163e-19)
(0.642212 2.06433 -1.30126e-19)
(0.797466 3.07278 -1.12464e-19)
(0.876891 3.30738 1.90768e-21)
(0.855578 3.18199 -3.1862e-20)
(0.625641 2.51026 1.42832e-19)
(0.188648 0.719621 -7.99392e-20)
(-0.0848457 -0.274168 1.18031e-19)
(-0.128632 -0.22284 -3.60636e-19)
(-0.0593278 -0.122564 2.52181e-19)
(0.331648 0.550536 -1.92653e-19)
(0.740999 1.18369 0)
(0.886054 1.46159 -2.24501e-19)
(0.916305 1.51916 -3.23639e-19)
(0.885667 1.51967 0)
(0.837627 1.48164 -2.45625e-19)
(0.78097 1.44416 0)
(0.720768 1.40923 -1.18058e-19)
(0.648203 1.37957 -2.09715e-20)
(0.579593 1.36788 6.96207e-20)
(0.561597 1.49879 -1.27872e-19)
(0.682321 2.26481 7.19193e-20)
(0.838785 3.14546 1.77826e-19)
(0.904068 3.28446 1.13501e-20)
(0.846136 3.03665 -3.22037e-20)
(0.528179 2.0803 -4.86804e-20)
(0.0758428 0.118207 1.25131e-19)
(-0.18432 -0.258963 -1.39249e-19)
(-0.10439 -0.209848 4.76201e-22)
(-0.0496987 -0.074228 -2.6376e-20)
(0.308933 0.547242 3.833e-19)
(0.708538 1.19411 -2.93321e-19)
(0.855529 1.48821 2.39165e-19)
(0.888141 1.55473 1.55928e-19)
(0.85875 1.55303 2.82792e-20)
(0.813988 1.51355 1.54801e-19)
(0.760304 1.47523 0)
(0.704188 1.44145 -3.81789e-20)
(0.63579 1.41302 0)
(0.575878 1.40808 -6.51144e-20)
(0.577398 1.58411 1.26842e-19)
(0.725946 2.44531 -3.37378e-21)
(0.876655 3.18657 -6.17252e-20)
(0.924088 3.24102 3.83583e-20)
(0.800025 2.84246 -1.26353e-20)
(0.378459 1.5153 6.32952e-20)
(-0.0524952 -0.130632 -1.88811e-19)
(-0.227475 -0.256528 -1.07987e-19)
(-0.123824 -0.247423 -4.16718e-20)
(-0.0694763 -0.0832086 1.96748e-19)
(0.285333 0.543974 4.29905e-21)
(0.678255 1.21737 1.50508e-19)
(0.823002 1.51999 0)
(0.855385 1.58569 2.93139e-19)
(0.828707 1.5863 -4.17583e-19)
(0.788289 1.54733 1.56513e-19)
(0.738295 1.50961 -1.04609e-19)
(0.686107 1.47449 9.88854e-20)
(0.62012 1.4473 -8.77505e-20)
(0.571257 1.45082 -2.06336e-21)
(0.592936 1.67783 2.78522e-20)
(0.765435 2.60034 5.06227e-20)
(0.904016 3.19455 3.59746e-20)
(0.928964 3.19198 -5.99149e-20)
(0.747455 2.60137 -5.88858e-20)
(0.284531 1.01726 1.13054e-19)
(-0.0525017 -0.248128 -1.11379e-19)
(-0.208101 -0.295707 7.62255e-20)
(-0.116894 -0.27489 1.64455e-21)
(-0.0768352 -0.102365 -1.69111e-19)
(0.255413 0.526969 7.13171e-19)
(0.636738 1.21513 -1.50015e-19)
(0.785218 1.54028 -4.09424e-19)
(0.821033 1.61954 3.32368e-19)
(0.797371 1.61946 -1.82585e-19)
(0.760917 1.57917 3.02541e-19)
(0.7144 1.5403 1.62892e-19)
(0.667509 1.50605 0)
(0.60775 1.48028 1.00892e-19)
(0.566227 1.49296 -1.45903e-20)
(0.609377 1.76456 -1.25436e-20)
(0.803314 2.72074 -6.9558e-21)
(0.927087 3.19667 1.92206e-20)
(0.931631 3.12291 8.90571e-21)
(0.678438 2.39447 -9.05289e-20)
(0.165023 0.466392 -3.43502e-20)
(-0.050329 -0.272452 1.12332e-19)
(-0.127349 -0.292961 5.08353e-20)
(-0.10055 -0.261527 1.65977e-20)
(-0.0530795 -0.108631 1.43243e-19)
(0.223844 0.505527 0)
(0.596956 1.22606 1.39659e-19)
(0.744365 1.56498 -1.85929e-19)
(0.781724 1.64599 3.22386e-19)
(0.762955 1.65046 -3.98778e-19)
(0.730804 1.61109 1.6622e-19)
(0.689019 1.57336 0)
(0.647007 1.53763 0)
(0.5935 1.51262 0)
(0.558676 1.53581 2.08723e-20)
(0.62171 1.84875 -1.95582e-20)
(0.831895 2.80868 1.73796e-20)
(0.940204 3.19265 4.80699e-20)
(0.921272 3.0539 4.86144e-20)
(0.611943 2.1455 -8.63327e-20)
(0.0646109 0.154986 6.03484e-20)
(-0.130515 -0.286273 2.85911e-21)
(-0.109072 -0.306525 -1.17696e-19)
(-0.0874278 -0.223313 1.39355e-20)
(-0.0284803 -0.0772102 0)
(0.186056 0.463719 6.53671e-19)
(0.543593 1.19888 -1.30595e-19)
(0.698041 1.57258 4.65188e-21)
(0.741414 1.67453 0)
(0.726768 1.68008 -1.9158e-19)
(0.699047 1.64124 1.84974e-20)
(0.661508 1.60185 0)
(0.625658 1.56668 5.02444e-20)
(0.579672 1.54196 -3.9648e-20)
(0.551906 1.57399 0)
(0.633523 1.91777 0)
(0.854022 2.87021 -3.19408e-20)
(0.950436 3.18841 -6.17085e-20)
(0.910339 2.97876 2.88219e-21)
(0.540975 1.92877 -2.13516e-20)
(0.0213698 0.00333224 3.18024e-20)
(-0.156373 -0.288123 0)
(-0.115136 -0.332998 -6.69361e-20)
(-0.0841435 -0.219377 -1.02496e-19)
(-0.0172396 -0.0635859 2.4848e-19)
(0.146267 0.410134 5.39303e-19)
(0.492417 1.18393 -1.25048e-19)
(0.647508 1.58112 1.77023e-19)
(0.69532 1.69164 -4.39498e-19)
(0.686912 1.70405 0)
(0.664539 1.66879 0)
(0.632546 1.63084 0)
(0.602661 1.59471 5.30315e-20)
(0.563702 1.56953 -4.18441e-20)
(0.541952 1.60799 0)
(0.637169 1.97839 0)
(0.866767 2.90532 1.0128e-19)
(0.952032 3.19093 -3.58594e-20)
(0.889983 2.9267 4.52048e-20)
(0.532736 1.78222 4.8385e-20)
(0.0284917 -0.0310766 0)
(-0.161808 -0.285076 -1.20768e-20)
(-0.136749 -0.37141 -2.17129e-20)
(-0.0828448 -0.236769 2.10837e-19)
(-0.00312259 -0.0483201 -2.57985e-19)
(0.102858 0.329168 -5.01281e-19)
(0.424606 1.10988 1.31265e-19)
(0.591748 1.56415 3.7218e-19)
(0.648867 1.7085 2.52846e-19)
(0.644677 1.72615 -2.04759e-19)
(0.628872 1.6949 -1.35642e-19)
(0.601199 1.65476 9.27013e-20)
(0.577932 1.61894 0)
(0.547543 1.59236 0)
(0.530454 1.6321 0)
(0.636568 2.00369 -7.55818e-20)
(0.876228 2.92659 -1.01499e-19)
(0.948568 3.19992 3.39138e-20)
(0.859405 2.92095 -1.84983e-20)
(0.476708 1.69757 1.55454e-20)
(-0.0771186 0.102139 0)
(-0.263423 -0.203491 3.71674e-20)
(-0.251505 -0.32448 -1.1281e-19)
(-0.141054 -0.229899 2.6888e-19)
(-0.00891728 0.027149 -1.53001e-19)
(0.0544047 0.228114 5.30313e-19)
(0.358787 1.04647 -4.35672e-19)
(0.528214 1.53772 0)
(0.594826 1.70673 1.25409e-19)
(0.599769 1.73809 9.06898e-20)
(0.590145 1.71383 1.91106e-19)
(0.568548 1.67632 -8.66529e-20)
(0.551592 1.63999 0)
(0.528576 1.61258 0)
(0.515903 1.64916 -1.50394e-19)
(0.623607 2.00324 -3.75332e-21)
(0.884117 2.9163 8.512e-20)
(0.957966 3.21169 5.45104e-20)
(0.824365 2.96871 1.22359e-19)
(0.417752 1.73621 -1.7245e-19)
(-0.171113 0.409106 3.35145e-19)
(-0.364248 -0.260599 -2.30744e-19)
(-0.422276 -0.681119 0)
(-0.367906 -0.774609 -2.60156e-20)
(-0.121114 -0.379389 4.72374e-19)
(0.0152475 0.137475 5.42772e-19)
(0.267113 0.888497 0)
(0.461056 1.4728 0)
(0.541273 1.70004 0)
(0.552721 1.74817 7.60153e-20)
(0.550504 1.73263 -1.89378e-19)
(0.533041 1.69316 -8.45831e-20)
(0.522095 1.65617 0)
(0.508091 1.62539 0)
(0.499727 1.65639 9.32814e-20)
(0.61072 1.972 3.13146e-20)
(0.873656 2.88525 -4.16312e-20)
(1.00029 3.21457 3.67635e-20)
(0.949502 3.08809 1.51432e-19)
(0.635208 2.05426 -2.74589e-19)
(0.141562 0.538159 4.40771e-19)
(-0.231847 -0.327698 -4.47894e-19)
(-0.440031 -0.929186 0)
(-0.402633 -1.26073 2.37984e-20)
(-0.253688 -1.00432 6.42582e-19)
(-0.00429481 0.0754042 -5.05223e-19)
(0.182724 0.742901 1.74013e-19)
(0.382122 1.37032 2.70108e-19)
(0.479846 1.65893 -1.47975e-20)
(0.504521 1.74017 -1.63854e-19)
(0.507182 1.73689 -1.05518e-19)
(0.49692 1.70535 2.37508e-19)
(0.490545 1.66732 -5.4454e-21)
(0.48294 1.63279 0)
(0.479244 1.65346 2.53459e-20)
(0.57883 1.91206 -1.40026e-20)
(0.88794 2.77043 3.87303e-20)
(1.09026 3.16011 0)
(1.15192 3.0339 -6.45627e-20)
(1.10727 2.50926 0)
(0.805774 1.48697 -8.77343e-20)
(0.366381 0.484216 -1.15822e-20)
(0.0839511 -0.464365 0)
(-0.221686 -1.41842 0)
(-0.207593 -1.39006 4.45658e-19)
(-0.00189148 0.011272 4.05985e-19)
(0.0822303 0.393611 -1.52198e-19)
(0.318583 1.20761 1.20911e-19)
(0.422195 1.60024 -1.90634e-19)
(0.453812 1.73078 7.47756e-20)
(0.462143 1.74112 -2.55143e-20)
(0.456409 1.71706 1.59664e-20)
(0.452044 1.67413 -3.15647e-20)
(0.452331 1.631 -2.03326e-20)
(0.455327 1.63684 -1.77201e-20)
(0.531468 1.81488 4.81173e-21)
(0.810471 2.57607 0)
(1.08608 3.01089 5.50197e-21)
(1.11862 2.94111 0)
(1.08375 2.60449 0)
(0.944646 1.89552 0)
(0.615822 0.985733 2.33387e-19)
(0.357794 0.0631522 -5.06125e-19)
(0.146729 -0.565108 -1.37764e-20)
(-0.0239856 -0.924641 4.13841e-19)
(0.00784392 -0.0441737 7.25172e-20)
(0.0212288 0.147657 6.80011e-20)
(0.209566 0.912415 -5.5407e-20)
(0.352446 1.46784 -4.19553e-20)
(0.403286 1.68423 3.39147e-20)
(0.415935 1.72665 2.38099e-20)
(0.414383 1.7183 1.66973e-20)
(0.409328 1.67812 0)
(0.41122 1.62443 -8.41773e-21)
(0.417176 1.60988 -4.7146e-21)
(0.449189 1.70547 1.10703e-20)
(0.619021 2.27299 0)
(0.890528 2.85103 1.66466e-20)
(0.9416 2.83291 -2.46356e-20)
(0.918715 2.65087 0)
(0.835903 2.2382 0)
(0.613612 1.53914 -2.11903e-20)
(0.377754 0.783515 0)
(0.174797 0.0503064 -1.71558e-20)
(0.0393919 -0.296555 0)
(0.00342521 -0.0775771 0)
(0.00251775 -0.00108022 0)
(0.0885007 0.497638 0)
(0.265369 1.25941 0)
(0.33829 1.6202 -8.41113e-34)
(0.361431 1.71623 6.29151e-34)
(0.362692 1.71399 0)
(0.358842 1.68348 0)
(0.356676 1.61729 0)
(0.362293 1.58304 0)
(0.370143 1.63046 0)
(0.436121 2.01095 0)
(0.682408 2.69261 0)
(0.718447 2.77744 0)
(0.695298 2.70774 0)
(0.65494 2.47812 0)
(0.531626 2.01399 0)
(0.351271 1.38936 0)
(0.178196 0.777583 0)
(0.0440763 0.29646 0)
(-0.00452383 -0.0782001 0)
(0.00475748 -0.0826679 0)
(0.0254875 0.165687 0)
(0.18116 0.962807 0)
(0.272602 1.48121 0)
(0.306787 1.67466 0)
(0.311884 1.70365 0)
(0.308697 1.68397 0)
(0.301946 1.61512 0)
(0.30352 1.5658 0)
(0.302782 1.59336 0)
(0.311159 1.88764 0)
(0.51903 2.57903 0)
(0.549233 2.77706 0)
(0.526073 2.76274 0)
(0.494468 2.6368 0)
(0.418804 2.32153 0)
(0.276909 1.7765 0)
(0.135654 1.22996 0)
(0.0293861 0.679501 0)
(-0.00646259 -0.0718978 0)
(0.00775215 -0.112485 0)
(0.00897924 0.0358543 0)
(0.10113 0.733808 0)
(0.203807 1.37589 0)
(0.24408 1.63791 0)
(0.252883 1.69258 0)
(0.252651 1.68107 0)
(0.24506 1.61698 0)
(0.243879 1.55843 0)
(0.246247 1.57959 0)
(0.21758 1.8255 0)
(0.381389 2.49922 0)
(0.412179 2.79142 0)
(0.378209 2.82317 0)
(0.348182 2.7604 0)
(0.296999 2.5405 0)
(0.193562 2.08808 0)
(0.0875123 1.57607 0)
(0.0152716 0.946433 0)
(-0.00263888 -0.0702403 0)
(0.0086725 -0.145318 0)
(0.0182074 -0.0424651 0)
(0.0594818 0.480085 0)
(0.158137 1.23724 0)
(0.189876 1.59091 0)
(0.194587 1.68041 0)
(0.19488 1.67674 0)
(0.188028 1.62133 0)
(0.186785 1.56142 0)
(0.198674 1.58002 0)
(0.148981 1.79457 0)
(0.27003 2.44353 0)
(0.300489 2.80303 0)
(0.260126 2.87808 0)
(0.233627 2.85354 0)
(0.195839 2.69547 0)
(0.125429 2.31133 0)
(0.0495079 1.82084 0)
(0.00528471 1.11506 0)
(0.00568141 -0.0986722 0)
(0.0269793 -0.204906 0)
(0.0548511 -0.0940581 0)
(0.0397474 0.34952 0)
(0.11228 1.14983 0)
(0.130509 1.55255 0)
(0.134576 1.66891 0)
(0.138087 1.67204 0)
(0.135726 1.62456 0)
(0.134825 1.56743 0)
(0.155511 1.58461 0)
(0.0987719 1.77555 0)
(0.182406 2.40937 0)
(0.208336 2.81793 0)
(0.17282 2.92796 0)
(0.148493 2.92563 0)
(0.123931 2.8108 0)
(0.0738165 2.47747 0)
(0.0221538 2.00082 0)
(-0.00567848 1.1987 0)
(0.0128704 -0.193873 0)
(0.0381505 -0.307327 0)
(0.0591898 -0.134939 0)
(0.0214494 0.358346 0)
(0.0469241 1.09899 0)
(0.0598341 1.52836 0)
(0.0693082 1.65765 0)
(0.0799981 1.66459 0)
(0.0864433 1.62295 0)
(0.0877675 1.57179 0)
(0.116278 1.59029 0)
(0.0604845 1.76612 0)
(0.119112 2.38457 0)
(0.137882 2.82964 0)
(0.107666 2.96746 0)
(0.0869027 2.98184 0)
(0.0690473 2.8888 0)
(0.0339805 2.58025 0)
(-0.000155277 2.09374 0)
(-0.00981953 1.19373 0)
(0.0117659 -0.290207 0)
(0.029857 -0.361653 0)
(0.0235418 -0.0913208 0)
(-0.0229518 0.417763 0)
(-0.0384757 1.11255 0)
(-0.0267066 1.51989 0)
(-0.00281181 1.64634 0)
(0.0220124 1.65364 0)
(0.0415059 1.61469 0)
(0.0456782 1.57041 0)
(0.0795809 1.59365 0)
(0.0340231 1.75995 0)
(0.072121 2.37537 0)
(0.0814925 2.84364 0)
(0.0578155 3.00011 0)
(0.0416999 3.02594 0)
(0.0299691 2.9456 0)
(0.00697778 2.65162 0)
(-0.0122156 2.15703 0)
(-0.0144022 1.1645 0)
(0.00672093 -0.329803 0)
(-0.00697108 -0.338367 0)
(-0.03848 0.0185976 0)
(-0.0939181 0.558193 0)
(-0.119142 1.16433 0)
(-0.106244 1.49887 0)
(-0.0712767 1.61558 0)
(-0.0352286 1.63247 0)
(-0.00139085 1.59825 0)
(0.0084458 1.56234 0)
(0.0466666 1.59315 0)
(0.0119719 1.75665 0)
(0.0412654 2.36431 0)
(0.0414251 2.85126 0)
(0.021967 3.02181 0)
(0.00960111 3.05625 0)
(0.000955435 2.97987 0)
(-0.0149368 2.68634 0)
(-0.0270508 2.15974 0)
(-0.0160583 1.09619 0)
(-0.00606246 -0.283726 0)
(-0.0369006 -0.22175 0)
(-0.0864117 0.149926 0)
(-0.136755 0.663112 0)
(-0.16121 1.17031 0)
(-0.146006 1.44977 0)
(-0.110799 1.56315 0)
(-0.0740673 1.59452 0)
(-0.0328572 1.57172 0)
(-0.0207634 1.5446 0)
(0.0203392 1.58868 0)
(-0.00434801 1.75638 0)
(0.0155923 2.36346 0)
(0.0116615 2.85728 0)
(-0.00223405 3.03693 0)
(-0.0125818 3.07706 0)
(-0.0193511 3.00226 0)
(-0.0289768 2.70467 0)
(-0.0324684 2.14589 0)
(-0.0173165 1.00456 0)
(-0.0104042 -0.192561 0)
(-0.0451639 -0.0840478 0)
(-0.098018 0.276605 0)
(-0.147615 0.747844 0)
(-0.16077 1.16735 0)
(-0.154393 1.39743 0)
(-0.121873 1.50653 0)
(-0.0916767 1.54744 0)
(-0.0513616 1.53865 0)
(-0.039781 1.52299 0)
(0.00174321 1.58082 0)
(-0.0162703 1.7531 0)
(-0.00110665 2.36183 0)
(-0.00921134 2.86294 0)
(-0.0186364 3.04742 0)
(-0.026886 3.0895 0)
(-0.0318701 3.01129 0)
(-0.0382939 2.70518 0)
(-0.0357237 2.11136 0)
(-0.0163451 0.903999 0)
(-0.0102118 -0.0904994 0)
(-0.0432473 0.063362 0)
(-0.0924028 0.401395 0)
(-0.136556 0.820644 0)
(-0.151312 1.16864 0)
(-0.142688 1.3627 0)
(-0.116502 1.46219 0)
(-0.0943376 1.50545 0)
(-0.0589913 1.50598 0)
(-0.0505811 1.50105 0)
(-0.00912653 1.57125 0)
(-0.0275391 1.75443 0)
(-0.0154261 2.36293 0)
(-0.0239133 2.86778 0)
(-0.0302135 3.05545 0)
(-0.0360294 3.09839 0)
(-0.038788 3.01746 0)
(-0.041407 2.69826 0)
(-0.0350571 2.06651 0)
(-0.0124657 0.812149 0)
(-0.00800914 -0.000374385 0)
(-0.0353562 0.190032 0)
(-0.0766379 0.506655 0)
(-0.112272 0.881467 0)
(-0.128542 1.17562 0)
(-0.121713 1.34298 0)
(-0.104288 1.43225 0)
(-0.0886391 1.47443 0)
(-0.058593 1.47963 0)
(-0.053358 1.48188 0)
(-0.0152997 1.56141 0)
(-0.033904 1.75312 0)
(-0.0247343 2.36615 0)
(-0.0329215 2.87469 0)
(-0.0367763 3.06236 0)
(-0.0400883 3.10415 0)
(-0.0412409 3.0167 0)
(-0.0407426 2.68233 0)
(-0.031936 2.00911 0)
(-0.00816943 0.731072 0)
(-0.00532286 0.0696636 0)
(-0.0257413 0.295759 0)
(-0.0585807 0.59664 0)
(-0.0869474 0.933774 0)
(-0.100169 1.1886 0)
(-0.0982833 1.33558 0)
(-0.0879046 1.41617 0)
(-0.0788692 1.45445 0)
(-0.0545121 1.46044 0)
(-0.0524653 1.46732 0)
(-0.0179562 1.55296 0)
(-0.0381499 1.75511 0)
(-0.0297121 2.36835 0)
(-0.0374919 2.87975 0)
(-0.0396841 3.06767 0)
(-0.0414556 3.1086 0)
(-0.0413161 3.01401 0)
(-0.0391534 2.66853 0)
(-0.0276155 1.95523 0)
(-0.00475254 0.667728 0)
(-0.00309165 0.116686 0)
(-0.0171219 0.373097 0)
(-0.0419124 0.666226 0)
(-0.0644119 0.977647 0)
(-0.0755397 1.20418 0)
(-0.0774081 1.33517 0)
(-0.0717108 1.40813 0)
(-0.0663453 1.44257 0)
(-0.0467105 1.44771 0)
(-0.048178 1.4568 0)
(-0.0187493 1.54696 0)
(-0.0377535 1.75692 0)
(-0.0319395 2.37466 0)
(-0.0388057 2.88544 0)
(-0.040132 3.07101 0)
(-0.0408385 3.10868 0)
(-0.0394611 3.00754 0)
(-0.0356268 2.64076 0)
(-0.0231877 1.89386 0)
(-0.00221174 0.61652 0)
(-0.00159729 0.147043 0)
(-0.010637 0.429692 0)
(-0.0288252 0.720036 0)
(-0.0461147 1.01222 0)
(-0.0551588 1.21961 0)
(-0.0593861 1.3391 0)
(-0.0573611 1.40528 0)
(-0.0557605 1.43528 0)
(-0.0404611 1.43974 0)
(-0.0449798 1.45073 0)
(-0.0184012 1.54344 0)
(-0.0365756 1.75963 0)
(-0.03124 2.37762 0)
(-0.0384825 2.88863 0)
(-0.0396031 3.07257 0)
(-0.0399486 3.10765 0)
(-0.0383321 3.00124 0)
(-0.0334646 2.62201 0)
(-0.0192593 1.84152 0)
(-0.000616449 0.578995 0)
(-0.000699994 0.164397 0)
(-0.00612889 0.467448 0)
(-0.0190245 0.759914 0)
(-0.0326673 1.03976 0)
(-0.0399616 1.234 0)
(-0.0450438 1.34452 0)
(-0.0451082 1.40461 0)
(-0.0455358 1.43093 0)
(-0.0336484 1.43422 0)
(-0.0413082 1.44562 0)
(-0.0166373 1.54124 0)
(-0.0352862 1.76574 0)
(-0.0296744 2.3835 0)
(-0.037211 2.8914 0)
(-0.0380922 3.07252 0)
(-0.0381748 3.10495 0)
(-0.0359057 2.98813 0)
(-0.0305681 2.58745 0)
(-0.0156872 1.77952 0)
(0.000274141 0.54788 0)
(-0.000252358 0.174171 0)
(-0.00332951 0.493087 0)
(-0.01231 0.79023 0)
(-0.0227952 1.06179 0)
(-0.0289845 1.24654 0)
(-0.0339628 1.35118 0)
(-0.0354803 1.40625 0)
(-0.0381586 1.42824 0)
(-0.0287545 1.43013 0)
(-0.0377245 1.44181 0)
(-0.0146935 1.53935 0)
(-0.0315005 1.76824 0)
(-0.0287209 2.38657 0)
(-0.0365471 2.89379 0)
(-0.0370107 3.07299 0)
(-0.0371935 3.10323 0)
(-0.0350372 2.98073 0)
(-0.0290526 2.56712 0)
(-0.0132198 1.7324 0)
(0.000678096 0.52658 0)
(-1.28683e-05 0.178701 0)
(-0.00158493 0.508502 0)
(-0.00770245 0.81117 0)
(-0.0158913 1.07861 0)
(-0.0213005 1.25716 0)
(-0.0259497 1.35732 0)
(-0.0271596 1.40879 0)
(-0.0304945 1.42806 0)
(-0.0224691 1.42771 0)
(-0.032933 1.43899 0)
(-0.0125705 1.53795 0)
(-0.0303485 1.77367 0)
(-0.0270081 2.39266 0)
(-0.0357427 2.89711 0)
(-0.0358377 3.07326 0)
(-0.0360166 3.09973 0)
(-0.0330734 2.96597 0)
(-0.0271604 2.52982 0)
(-0.0112171 1.673 0)
(0.000794183 0.505739 0)
(6.80081e-05 0.181031 0)
(-0.000784668 0.519388 0)
(-0.00503082 0.828392 0)
(-0.0114676 1.09351 0)
(-0.0159853 1.26737 0)
(-0.0207126 1.36347 0)
(-0.0223519 1.41165 0)
(-0.0260808 1.42851 0)
(-0.0183895 1.42672 0)
(-0.029195 1.43706 0)
(-0.0106205 1.53762 0)
(-0.0284139 1.7768 0)
(-0.0258987 2.39626 0)
(-0.0347264 2.89914 0)
(-0.0345142 3.07359 0)
(-0.0350541 3.09788 0)
(-0.0326235 2.95807 0)
(-0.0262946 2.50951 0)
(-0.009732 1.63304 0)
(0.000668485 0.492534 0)
(9.68875e-05 0.18161 0)
(-0.000318992 0.525328 0)
(-0.00319569 0.839337 0)
(-0.00793092 1.10366 0)
(-0.0116919 1.27576 0)
(-0.0161632 1.36963 0)
(-0.0174256 1.41538 0)
(-0.0217995 1.43002 0)
(-0.0150923 1.42688 0)
(-0.0269076 1.43636 0)
(-0.00984926 1.53794 0)
(-0.0271438 1.78387 0)
(-0.0262923 2.40391 0)
(-0.034884 2.90344 0)
(-0.0343968 3.07387 0)
(-0.0345725 3.09407 0)
(-0.0316414 2.94204 0)
(-0.0251483 2.46945 0)
(-0.00886383 1.57638 0)
(0.000530741 0.475487 0)
(0.000105644 0.181971 0)
(-0.000184493 0.53024 0)
(-0.00256833 0.848577 0)
(-0.00671838 1.11231 0)
(-0.0096884 1.28271 0)
(-0.013721 1.3742 0)
(-0.0150978 1.41734 0)
(-0.0192968 1.43038 0)
(-0.0133288 1.42746 0)
(-0.0253534 1.43585 0)
(-0.00941149 1.53855 0)
(-0.0269958 1.788 0)
(-0.0257971 2.40882 0)
(-0.0353942 2.90636 0)
(-0.0347949 3.07418 0)
(-0.0350895 3.09205 0)
(-0.0318138 2.93338 0)
(-0.0247817 2.44867 0)
(-0.00824994 1.54334 0)
(0.000230622 0.46571 0)
(1.39867e-05 0.182243 0)
(-0.0003157 0.534489 0)
(-0.00227015 0.857487 0)
(-0.00585249 1.12089 0)
(-0.00897027 1.29 0)
(-0.0121715 1.38005 0)
(-0.013574 1.4209 0)
(-0.0179647 1.43226 0)
(-0.0134165 1.4286 0)
(-0.0249556 1.4361 0)
(-0.00966942 1.53955 0)
(-0.0274155 1.79656 0)
(-0.0265311 2.41887 0)
(-0.0365593 2.91129 0)
(-0.0353452 3.07393 0)
(-0.0352174 3.08764 0)
(-0.0316064 2.91551 0)
(-0.0243236 2.40691 0)
(-0.00809232 1.48829 0)
(0.000188585 0.448706 0)
(5.72229e-07 0.182718 0)
(-0.000487139 0.537236 0)
(-0.00229455 0.862506 0)
(-0.00527832 1.12603 0)
(-0.00810561 1.29355 0)
(-0.010985 1.38267 0)
(-0.0123859 1.42265 0)
(-0.0166405 1.43343 0)
(-0.0130766 1.4298 0)
(-0.0240646 1.43612 0)
(-0.0105576 1.54029 0)
(-0.0274924 1.80108 0)
(-0.0275237 2.42425 0)
(-0.038216 2.91401 0)
(-0.0366138 3.07399 0)
(-0.0364227 3.0849 0)
(-0.0322282 2.90545 0)
(-0.0240237 2.38503 0)
(-0.00741565 1.45963 0)
(5.85826e-05 0.440561 0)
(2.34519e-05 0.183747 0)
(-0.000442259 0.54206 0)
(-0.0022929 0.8708 0)
(-0.00490672 1.13448 0)
(-0.00794648 1.30102 0)
(-0.0106048 1.3881 0)
(-0.0120845 1.4264 0)
(-0.0162673 1.43646 0)
(-0.0135499 1.43223 0)
(-0.0238096 1.4367 0)
(-0.0122303 1.54246 0)
(-0.0285676 1.80984 0)
(-0.0287595 2.43487 0)
(-0.0392581 2.91881 0)
(-0.0374665 3.07268 0)
(-0.0369632 3.07885 0)
(-0.032243 2.88467 0)
(-0.0237354 2.34079 0)
(-0.00768143 1.40597 0)
(0.000308668 0.42405 0)
(-5.17269e-05 0.184114 0)
(-0.000608981 0.544375 0)
(-0.00253494 0.874566 0)
(-0.0047839 1.13803 0)
(-0.0075 1.3044 0)
(-0.0102805 1.39059 0)
(-0.0121592 1.42824 0)
(-0.0158162 1.43792 0)
(-0.0138689 1.43359 0)
(-0.0235815 1.4374 0)
(-0.0146514 1.54356 0)
(-0.0302798 1.81413 0)
(-0.0304929 2.44004 0)
(-0.0410229 2.92112 0)
(-0.0393027 3.07205 0)
(-0.0387568 3.07555 0)
(-0.0337049 2.8735 0)
(-0.02422 2.31784 0)
(-0.00714407 1.37972 0)
(0.000574028 0.418383 0)
(-0.00022093 0.186893 0)
(-0.00102863 0.551417 0)
(-0.00293257 0.884019 0)
(-0.00503986 1.14608 0)
(-0.00704007 1.31235 0)
(-0.00970426 1.39691 0)
(-0.0115697 1.43282 0)
(-0.0147556 1.44153 0)
(-0.0137527 1.43773 0)
(-0.0232053 1.44068 0)
(-0.0167396 1.54849 0)
(-0.0313375 1.82513 0)
(-0.0326913 2.45277 0)
(-0.0419147 2.92713 0)
(-0.0399205 3.06936 0)
(-0.0390672 3.06619 0)
(-0.0337744 2.84391 0)
(-0.0244865 2.25835 0)
(-0.00850126 1.31139 0)
(-0.000943745 0.395624 0)
(-0.2363 1.5676 1.26351e-22)
(0.394809 3.23341 1.87602e-20)
(0.0907027 3.46459 6.27111e-20)
(0.197479 3.43385 0)
(0.156448 3.38849 0)
(0.150703 3.34175 -3.80395e-19)
(0.153034 3.31533 3.94739e-19)
(0.12581 3.27281 -4.15067e-19)
(0.112939 3.18002 7.65682e-21)
(0.0958327 2.56862 5.68934e-19)
(-0.105287 2.32189 1.02845e-23)
(0.130472 3.28872 1.66455e-19)
(0.00959985 3.43723 0)
(0.0963074 3.39045 0)
(0.0719255 3.34465 1.12927e-20)
(0.0770501 3.30744 7.88956e-19)
(0.0733719 3.2767 -4.3999e-19)
(0.0497747 3.24142 -7.3931e-21)
(0.0501121 3.08402 7.0526e-21)
(0.000656599 2.08702 0)
(-0.0279244 2.07202 1.80937e-19)
(0.0850833 3.14029 -1.9144e-19)
(0.0232178 3.34514 0)
(0.0714215 3.32463 3.63137e-19)
(0.0510792 3.303 -1.35724e-21)
(0.0519406 3.28155 -4.10285e-19)
(0.045537 3.26643 -5.0955e-19)
(0.0301643 3.24598 -2.12346e-22)
(0.0406952 3.11951 7.27679e-21)
(-0.0167945 2.21179 0)
(-0.040834 2.01712 -4.60965e-20)
(0.0275033 3.11748 0)
(-0.0142083 3.30876 -1.91963e-19)
(0.0206395 3.30728 -1.57797e-19)
(0.0158302 3.28364 1.4334e-20)
(0.0218836 3.26151 -2.6574e-19)
(0.0268173 3.24646 2.3676e-19)
(0.0213002 3.23365 -8.50065e-21)
(0.0418769 3.12561 1.12202e-20)
(0.0072049 2.25059 2.92135e-19)
(-0.0529151 2.02442 -1.48668e-19)
(0.0129954 3.08968 0)
(-0.00792351 3.26674 4.14432e-19)
(0.0108415 3.26211 -2.28902e-19)
(0.0138384 3.24826 -7.00231e-22)
(0.0166654 3.23775 -2.07156e-21)
(0.0212331 3.23327 -1.55465e-20)
(0.0218303 3.22431 -3.01974e-19)
(0.0429138 3.12775 8.29698e-21)
(-0.00312453 2.31225 -6.11908e-19)
(-0.050015 2.08419 0)
(-0.0104079 3.08584 -2.28116e-19)
(-0.0287158 3.24273 1.89502e-20)
(-0.015264 3.2469 -1.58696e-20)
(-0.00582227 3.23223 1.62608e-20)
(0.00317768 3.2197 2.70013e-19)
(0.0155625 3.21135 2.8245e-19)
(0.0209128 3.20544 5.94129e-19)
(0.0427055 3.12403 3.29268e-19)
(0.0105859 2.35427 -1.66746e-20)
(-0.0512887 2.14094 0)
(-0.0199648 3.08189 2.36008e-19)
(-0.0192229 3.21383 -2.47739e-19)
(-0.0116957 3.21274 -1.71452e-20)
(-0.000445038 3.20247 3.54542e-20)
(0.00747488 3.196 3.65331e-22)
(0.0165632 3.19536 -1.90702e-20)
(0.0218389 3.1911 -3.10636e-19)
(0.0423294 3.12163 -3.20294e-19)
(0.00384538 2.41981 -1.72737e-20)
(-0.0477118 2.22823 2.72295e-19)
(-0.0286595 3.08543 -1.26507e-20)
(-0.0322045 3.19389 8.72936e-21)
(-0.0237295 3.19535 0)
(-0.0134681 3.18549 0)
(-0.00134365 3.17776 0)
(0.0131845 3.17191 0)
(0.0206463 3.16933 3.46493e-19)
(0.0412029 3.11263 -3.57106e-19)
(0.015335 2.46392 3.52911e-19)
(-0.0464097 2.30632 2.63848e-20)
(-0.0329881 3.08466 2.90003e-19)
(-0.0211295 3.16956 0)
(-0.0146314 3.16539 -1.95372e-20)
(-0.00401713 3.15768 1.99808e-20)
(0.00526872 3.15334 0)
(0.0149474 3.15404 -1.08335e-20)
(0.0207439 3.15284 -3.36291e-19)
(0.0401594 3.10932 3.58464e-19)
(0.0104178 2.53308 0)
(-0.0437454 2.40356 1.60003e-20)
(-0.0358551 3.0862 -4.44756e-19)
(-0.0300801 3.14975 0)
(-0.022493 3.14685 0)
(-0.0136627 3.1391 2.14345e-20)
(-0.00208608 3.13351 -1.8089e-19)
(0.0115667 3.12914 -2.26182e-20)
(0.0191715 3.12932 1.92814e-19)
(0.0385816 3.09616 0)
(0.0192183 2.58107 0)
(-0.0400579 2.49046 -4.70178e-19)
(-0.038565 3.08226 1.59359e-19)
(-0.0205941 3.1243 0)
(-0.0128434 3.11629 0)
(-0.00336761 3.10961 0)
(0.00556416 3.10672 3.72588e-19)
(0.0144457 3.1087 0)
(0.0201699 3.11067 -2.0571e-19)
(0.037863 3.09052 1.27125e-20)
(0.0149475 2.65384 2.15347e-19)
(-0.037733 2.58967 1.67722e-19)
(-0.0398076 3.07582 -1.63052e-20)
(-0.0296457 3.10135 1.95398e-19)
(-0.0210484 3.09504 1.89937e-19)
(-0.0124309 3.0884 0)
(-0.000763437 3.08411 -1.91471e-19)
(0.0124497 3.08141 0)
(0.0209968 3.08448 0)
(0.0385244 3.07216 0)
(0.0222902 2.70643 -2.16347e-19)
(-0.0351132 2.67829 -1.77551e-19)
(-0.0429689 3.06238 1.83342e-19)
(-0.0235473 3.07218 -1.84188e-19)
(-0.013069 3.06222 -2.9041e-19)
(-0.00281658 3.05703 0)
(0.00711844 3.0556 2.59794e-20)
(0.0167987 3.05871 -1.32616e-20)
(0.0247894 3.06316 9.88843e-20)
(0.0417169 3.06164 1.22779e-19)
(0.0208429 2.78045 -1.26341e-19)
(-0.0343672 2.77314 1.82176e-19)
(-0.0460694 3.04533 -1.75636e-19)
(-0.0329457 3.04591 1.2519e-20)
(-0.0209177 3.04034 7.39659e-20)
(-0.0111832 3.03622 -1.06188e-19)
(0.000301441 3.03369 0)
(0.0138168 3.03206 1.14119e-19)
(0.0256207 3.03559 4.95089e-21)
(0.044613 3.03659 -2.37659e-19)
(0.0286847 2.83262 -6.55243e-21)
(-0.0295651 2.85506 -5.20392e-20)
(-0.0442712 3.02149 1.27249e-20)
(-0.023164 3.01776 -6.60439e-20)
(-0.0111884 3.01443 2.70378e-20)
(-0.00221866 3.01411 1.29416e-19)
(0.00627084 3.01344 -5.5025e-20)
(0.0144606 3.01425 -5.477e-20)
(0.0233496 3.01705 -5.68824e-20)
(0.0418176 3.02184 1.22075e-19)
(0.0248329 2.90032 5.96823e-20)
(-0.0176497 2.94064 4.18331e-20)
(-0.0259737 3.00088 1.84943e-20)
(-0.0161519 3.00086 3.63946e-20)
(-0.00937542 3.00161 -7.45992e-20)
(-0.00416038 3.00264 2.521e-20)
(0.000681315 3.00215 5.12451e-20)
(0.00544788 3.00064 -5.34912e-20)
(0.0107303 2.999 -5.5874e-20)
(0.0217969 2.99714 7.56582e-21)
(0.0165223 2.94914 5.36649e-20)
)
;

boundaryField
{
    wall-4
    {
        type            noSlip;
    }
    pressure-outlet-7
    {
        type            zeroGradient;
    }
    velocity-inlet-6
    {
        type            fixedValue;
        value           uniform (0 3 0);
    }
    velocity-inlet-5
    {
        type            fixedValue;
        value           uniform (1 0 0);
    }
    frontAndBackPlanes
    {
        type            empty;
    }
}


// ************************************************************************* //
