/*--------------------------------*- C++ -*----------------------------------*\
| =========                 |                                                 |
| \\      /  F ield         | OpenFOAM: The Open Source CFD Toolbox           |
|  \\    /   O peration     | Version:  4.0                                   |
|   \\  /    A nd           | Web:      www.OpenFOAM.org                      |
|    \\/     M anipulation  |                                                 |
\*---------------------------------------------------------------------------*/
FoamFile
{
    version     2.0;
    format      ascii;
    class       volVectorField;
    location    "12";
    object      U;
}
// * * * * * * * * * * * * * * * * * * * * * * * * * * * * * * * * * * * * * //

dimensions      [0 1 -1 0 0 0 0];

internalField   nonuniform List<vector> 
2200
(
(0.879074 -0.030091 0)
(1.00588 -0.0512173 0)
(1.00292 -0.0348689 0)
(1.00019 -0.0243044 0)
(1.00023 -0.0168546 0)
(0.999712 -0.0107673 0)
(0.999448 -0.00696163 0)
(0.999787 -0.00434322 0)
(1.00001 -0.00243257 0)
(1.00018 -0.000749965 0)
(1.0001 0.000919881 0)
(0.999991 0.00262034 0)
(0.999735 0.00445805 0)
(0.999374 0.00702748 0)
(0.999685 0.0108152 0)
(1.00024 0.016886 0)
(1.00021 0.0243436 0)
(1.00294 0.0349078 0)
(1.00589 0.0512296 0)
(0.879074 0.0301061 0)
(0.713663 -0.0331304 0)
(0.997299 -0.0624335 0)
(1.03338 -0.0558453 0)
(1.02436 -0.0457908 0)
(1.01579 -0.0352339 0)
(1.01036 -0.0257876 0)
(1.00655 -0.0177524 0)
(1.00392 -0.0110392 0)
(1.00255 -0.00569676 0)
(1.00199 -0.00149562 0)
(1.002 0.00196748 0)
(1.00251 0.00611635 0)
(1.00387 0.0114579 0)
(1.00657 0.0181848 0)
(1.01035 0.0261987 0)
(1.01576 0.0355873 0)
(1.0243 0.0460401 0)
(1.03327 0.0559977 0)
(0.997187 0.0625662 0)
(0.713526 0.0331597 0)
(0.534797 -0.023383 0)
(0.971454 -0.0563196 0)
(1.05692 -0.0532466 0)
(1.05186 -0.0466586 0)
(1.03476 -0.0376087 0)
(1.02343 -0.0299308 0)
(1.01558 -0.0217879 0)
(1.01047 -0.0143491 0)
(1.00734 -0.00790698 0)
(1.00592 -0.00230666 0)
(1.00582 0.00319435 0)
(1.00724 0.00882619 0)
(1.01034 0.0151666 0)
(1.01538 0.0224749 0)
(1.02318 0.0304315 0)
(1.03448 0.0379983 0)
(1.05159 0.0469779 0)
(1.05667 0.0535523 0)
(0.971058 0.0564842 0)
(0.534226 0.0234332 0)
(0.399542 -0.0117523 0)
(0.91585 -0.0436934 0)
(1.06097 -0.0439558 0)
(1.07188 -0.0410956 0)
(1.0556 -0.0344803 0)
(1.03903 -0.0282993 0)
(1.02641 -0.0222017 0)
(1.01757 -0.0161707 0)
(1.01208 -0.00960669 0)
(1.00977 -0.00291866 0)
(1.00961 0.00435858 0)
(1.01183 0.0108004 0)
(1.01724 0.0171622 0)
(1.02597 0.0230081 0)
(1.03857 0.0290255 0)
(1.05514 0.0351045 0)
(1.07139 0.0416269 0)
(1.06024 0.0442978 0)
(0.914932 0.0439226 0)
(0.398503 0.0117998 0)
(0.325875 -0.00330337 0)
(0.856581 -0.0276597 0)
(1.05367 -0.0347542 0)
(1.08211 -0.0332133 0)
(1.07043 -0.0292634 0)
(1.05296 -0.0239494 0)
(1.03916 -0.0190966 0)
(1.02861 -0.0141197 0)
(1.02105 -0.00867377 0)
(1.01741 -0.00253512 0)
(1.01728 0.00444883 0)
(1.02073 0.0103295 0)
(1.02812 0.0155705 0)
(1.03863 0.0204801 0)
(1.05236 0.0250881 0)
(1.06979 0.0302087 0)
(1.08136 0.0339594 0)
(1.05264 0.0353124 0)
(0.854937 0.0279291 0)
(0.32432 0.00337085 0)
(0.291949 0.000874956 0)
(0.809916 -0.0139498 0)
(1.03844 -0.0218845 0)
(1.08361 -0.0234333 0)
(1.0765 -0.021848 0)
(1.0599 -0.0183916 0)
(1.04665 -0.0153446 0)
(1.03635 -0.0117226 0)
(1.02879 -0.00704205 0)
(1.02481 -0.00165328 0)
(1.02455 0.00406207 0)
(1.02813 0.00937638 0)
(1.03545 0.0138266 0)
(1.04546 0.0169605 0)
(1.05865 0.0197682 0)
(1.07517 0.0228949 0)
(1.08209 0.0242172 0)
(1.03653 0.0224641 0)
(0.807307 0.0142306 0)
(0.289824 -0.000781194 0)
(0.281471 0.00177388 0)
(0.779916 -0.00452899 0)
(1.02266 -0.0107134 0)
(1.07807 -0.0136587 0)
(1.07428 -0.0144395 0)
(1.05953 -0.0140856 0)
(1.04702 -0.0128963 0)
(1.03759 -0.00997713 0)
(1.03103 -0.00598237 0)
(1.02748 -0.000952377 0)
(1.0272 0.00396271 0)
(1.03025 0.00881508 0)
(1.03634 0.0123628 0)
(1.0454 0.0147923 0)
(1.05781 0.0155237 0)
(1.07243 0.0155679 0)
(1.07594 0.0145266 0)
(1.01999 0.0113143 0)
(0.776497 0.00483175 0)
(0.278522 -0.00168706 0)
(0.28179 0.00141288 0)
(0.765113 3.36077e-05 0)
(1.00969 -0.00348412 0)
(1.06971 -0.00680446 0)
(1.0689 -0.0088253 0)
(1.05689 -0.0103871 0)
(1.04647 -0.0101104 0)
(1.03849 -0.00811875 0)
(1.03264 -0.00493201 0)
(1.02926 -0.000359814 0)
(1.0289 0.00426854 0)
(1.03168 0.00851501 0)
(1.03707 0.0112498 0)
(1.04467 0.0127078 0)
(1.05474 0.0125853 0)
(1.06654 0.0105526 0)
(1.06701 0.00815687 0)
(1.00623 0.00436393 0)
(0.760623 0.000397775 0)
(0.278242 -0.00128704 0)
(0.285197 0.000639701 0)
(0.761043 0.000701528 0)
(1.00221 -0.00105754 0)
(1.06361 -0.00411779 0)
(1.06572 -0.00620476 0)
(1.05721 -0.00788293 0)
(1.04874 -0.00796046 0)
(1.04174 -0.00650274 0)
(1.03645 -0.00378177 0)
(1.03314 0.000312409 0)
(1.03251 0.00463898 0)
(1.03484 0.0084963 0)
(1.03936 0.0108271 0)
(1.04592 0.011842 0)
(1.05394 0.0109431 0)
(1.06218 0.00864185 0)
(1.05966 0.00591839 0)
(0.997292 0.00222599 0)
(0.754931 -0.000196882 0)
(0.280436 -0.000476791 0)
(0.287048 6.60162e-05 0)
(0.760137 0.000324032 0)
(0.998092 -0.000755 0)
(1.05915 -0.00332777 0)
(1.06336 -0.00511058 0)
(1.0577 -0.00629375 0)
(1.05168 -0.00609687 0)
(1.04631 -0.00465622 0)
(1.04193 -0.00214228 0)
(1.03884 0.00145777 0)
(1.0379 0.00513208 0)
(1.03937 0.0082808 0)
(1.04268 0.00994399 0)
(1.04718 0.0103146 0)
(1.05305 0.00982313 0)
(1.05839 0.0078509 0)
(1.05358 0.00534036 0)
(0.991166 0.00210569 0)
(0.752356 0.000362424 0)
(0.280964 3.15371e-05 0)
(0.287752 6.81838e-05 0)
(0.760021 0.00041563 0)
(0.994071 -0.000149816 0)
(1.05448 -0.0020306 0)
(1.06002 -0.00348224 0)
(1.05638 -0.0045007 0)
(1.05186 -0.00421589 0)
(1.04768 -0.00291253 0)
(1.04407 -0.000586921 0)
(1.0413 0.00256054 0)
(1.04031 0.0057987 0)
(1.04101 0.00815485 0)
(1.04318 0.00933071 0)
(1.0466 0.00955579 0)
(1.05043 0.00871113 0)
(1.05346 0.00675932 0)
(1.04718 0.00445128 0)
(0.98545 0.00178681 0)
(0.749541 0.000473305 0)
(0.280161 8.57981e-05 0)
(0.288951 0.00026801 0)
(0.760426 0.000647711 0)
(0.99159 0.000830152 0)
(1.05081 -0.000292639 0)
(1.05729 -0.00119668 0)
(1.05497 -0.00195487 0)
(1.05161 -0.00177225 0)
(1.04819 -0.000751568 0)
(1.04499 0.00118784 0)
(1.04231 0.00376778 0)
(1.04106 0.00650998 0)
(1.04139 0.00823471 0)
(1.04273 0.00881038 0)
(1.04476 0.00855575 0)
(1.04708 0.00735631 0)
(1.04864 0.00548081 0)
(1.04137 0.00342213 0)
(0.98046 0.00132835 0)
(0.747005 0.000342648 0)
(0.279102 6.73755e-05 0)
(0.290762 0.00026807 0)
(0.761818 0.000836917 0)
(0.991476 0.00135355 0)
(1.04936 0.00102889 0)
(1.05617 0.000664263 0)
(1.05485 0.000428869 0)
(1.05248 0.00078593 0)
(1.04977 0.00170538 0)
(1.0469 0.00331334 0)
(1.04418 0.00537317 0)
(1.04238 0.00743626 0)
(1.04195 0.008539 0)
(1.04239 0.00857221 0)
(1.04347 0.00779685 0)
(1.04466 0.00647155 0)
(1.0451 0.0047534 0)
(1.03712 0.0030076 0)
(0.976759 0.0013589 0)
(0.744968 0.000472862 0)
(0.278258 0.000128655 0)
(0.292806 0.000231798 0)
(0.764351 0.00096704 0)
(0.992097 0.00158187 0)
(1.04953 0.00174398 0)
(1.05651 0.00192115 0)
(1.05575 0.00227015 0)
(1.05398 0.00300891 0)
(1.05173 0.00411259 0)
(1.04906 0.00562882 0)
(1.04621 0.00736859 0)
(1.04384 0.00876172 0)
(1.04245 0.00931981 0)
(1.04201 0.00883399 0)
(1.04226 0.00771461 0)
(1.04256 0.00628573 0)
(1.0422 0.0046722 0)
(1.0338 0.00313595 0)
(0.973685 0.00173098 0)
(0.742703 0.000766958 0)
(0.276893 0.000214587 0)
(0.295113 0.000292638 0)
(0.767382 0.00114638 0)
(0.993696 0.00203797 0)
(1.0505 0.00267201 0)
(1.05752 0.00336497 0)
(1.05696 0.00420094 0)
(1.0554 0.00528876 0)
(1.05327 0.00662207 0)
(1.05055 0.00815328 0)
(1.04736 0.00967229 0)
(1.04436 0.0105228 0)
(1.04212 0.0104368 0)
(1.041 0.00950123 0)
(1.04031 0.00824212 0)
(1.04001 0.00665294 0)
(1.03921 0.0050397 0)
(1.03057 0.00352798 0)
(0.97045 0.00214968 0)
(0.739709 0.00101919 0)
(0.274881 0.000271883 0)
(0.297894 0.000393061 0)
(0.770985 0.001433 0)
(0.99651 0.00267346 0)
(1.05273 0.00366014 0)
(1.05962 0.00478765 0)
(1.05902 0.00607786 0)
(1.05736 0.0076283 0)
(1.05503 0.00933559 0)
(1.05196 0.0110674 0)
(1.04815 0.0125189 0)
(1.04433 0.0130063 0)
(1.04128 0.0123357 0)
(1.03931 0.0109996 0)
(1.03805 0.00925664 0)
(1.03722 0.00740427 0)
(1.03603 0.00562646 0)
(1.02715 0.00400351 0)
(0.966846 0.00254354 0)
(0.7361 0.00122977 0)
(0.272404 0.000319155 0)
(0.301789 0.000536551 0)
(0.776178 0.00194229 0)
(1.0002 0.00365665 0)
(1.05553 0.00524734 0)
(1.06226 0.00680561 0)
(1.0616 0.00857528 0)
(1.05976 0.0104927 0)
(1.05709 0.0125329 0)
(1.05345 0.0144809 0)
(1.04878 0.0159191 0)
(1.04384 0.0161228 0)
(1.03981 0.0149402 0)
(1.03705 0.0131128 0)
(1.03518 0.0109371 0)
(1.03393 0.00879377 0)
(1.03246 0.00677816 0)
(1.02333 0.00492972 0)
(0.962608 0.00321416 0)
(0.731537 0.00156087 0)
(0.269283 0.00040451 0)
(0.306371 0.000674613 0)
(0.782112 0.00234414 0)
(1.00531 0.00443883 0)
(1.06 0.00633124 0)
(1.06634 0.00850221 0)
(1.06533 0.0109473 0)
(1.06306 0.0136253 0)
(1.05979 0.0163389 0)
(1.05532 0.0187813 0)
(1.04953 0.0203805 0)
(1.04331 0.0203313 0)
(1.03821 0.0185951 0)
(1.03458 0.0161041 0)
(1.03206 0.0133058 0)
(1.03033 0.0105897 0)
(1.02847 0.00808171 0)
(1.01894 0.00583821 0)
(0.957609 0.00381335 0)
(0.72614 0.00188573 0)
(0.265548 0.000490638 0)
(0.313109 0.000896093 0)
(0.790983 0.00329954 0)
(1.01186 0.00617926 0)
(1.0653 0.00889232 0)
(1.07136 0.0115273 0)
(1.07004 0.0145528 0)
(1.06722 0.0177249 0)
(1.06311 0.0209965 0)
(1.05746 0.0238938 0)
(1.05014 0.0256648 0)
(1.0422 0.0253576 0)
(1.03564 0.0230359 0)
(1.03095 0.019834 0)
(1.02768 0.016419 0)
(1.02545 0.0131895 0)
(1.02329 0.0102545 0)
(1.01344 0.0075997 0)
(0.951416 0.00507005 0)
(0.719201 0.00246914 0)
(0.260682 0.000624755 0)
(0.320642 0.00119984 0)
(0.800925 0.00386344 0)
(1.0203 0.0073682 0)
(1.07265 0.0106556 0)
(1.07801 0.01442 0)
(1.07597 0.018547 0)
(1.07228 0.0228943 0)
(1.06702 0.0271181 0)
(1.05985 0.0307009 0)
(1.05066 0.0326891 0)
(1.04078 0.0320009 0)
(1.03265 0.0289036 0)
(1.02682 0.0247723 0)
(1.0228 0.0204001 0)
(1.02006 0.0161988 0)
(1.01746 0.0123667 0)
(1.00692 0.00892029 0)
(0.94355 0.00581841 0)
(0.710498 0.00287911 0)
(0.254881 0.000752844 0)
(0.332347 0.00157116 0)
(0.815269 0.00576694 0)
(1.03145 0.0104443 0)
(1.08183 0.0148013 0)
(1.08669 0.0191192 0)
(1.08381 0.0241835 0)
(1.07896 0.0293969 0)
(1.07208 0.0346242 0)
(1.06287 0.0389484 0)
(1.05123 0.0411564 0)
(1.03885 0.0400086 0)
(1.02866 0.0359754 0)
(1.02133 0.0307517 0)
(1.01619 0.0253558 0)
(1.01266 0.0203124 0)
(1.00951 0.0157738 0)
(0.998524 0.0117468 0)
(0.934467 0.00787816 0)
(0.700418 0.00383448 0)
(0.247538 0.000935515 0)
(0.345795 0.00222238 0)
(0.833227 0.00670919 0)
(1.04545 0.0128684 0)
(1.09384 0.0183876 0)
(1.09756 0.0249337 0)
(1.09343 0.0315546 0)
(1.08684 0.0384136 0)
(1.07778 0.0448145 0)
(1.0659 0.0498153 0)
(1.05126 0.0520378 0)
(1.03598 0.0501205 0)
(1.02351 0.0448487 0)
(1.01459 0.0382952 0)
(1.00839 0.0315544 0)
(1.00416 0.025125 0)
(1.00043 0.0192863 0)
(0.988271 0.0139109 0)
(0.921536 0.00904683 0)
(0.685841 0.00439161 0)
(0.238413 0.00114233 0)
(0.366452 0.0031833 0)
(0.856447 0.0107674 0)
(1.06421 0.0185566 0)
(1.10921 0.0257873 0)
(1.11163 0.0333294 0)
(1.10549 0.0415808 0)
(1.09659 0.050003 0)
(1.08467 0.0576204 0)
(1.06952 0.063299 0)
(1.05131 0.065315 0)
(1.03266 0.0623686 0)
(1.01751 0.0556032 0)
(1.0066 0.0474206 0)
(0.9989 0.0390985 0)
(0.993517 0.0312769 0)
(0.988865 0.0242104 0)
(0.975937 0.0180583 0)
(0.908354 0.0121077 0)
(0.671629 0.00592859 0)
(0.227743 0.00141216 0)
(0.394496 0.00443415 0)
(0.890936 0.0127178 0)
(1.08883 0.0242407 0)
(1.12966 0.0337464 0)
(1.12945 0.0449748 0)
(1.1204 0.0556731 0)
(1.10806 0.0658449 0)
(1.09216 0.074714 0)
(1.07281 0.0806373 0)
(1.05024 0.0819878 0)
(1.02762 0.0775046 0)
(1.00939 0.0688295 0)
(0.996231 0.0588184 0)
(0.98685 0.0487572 0)
(0.9802 0.0392542 0)
(0.974499 0.0304548 0)
(0.959555 0.0220433 0)
(0.887532 0.0143332 0)
(0.647362 0.00672416 0)
(0.213084 0.00161706 0)
(0.429806 0.00876714 0)
(0.930022 0.0232063 0)
(1.12094 0.0365195 0)
(1.15534 0.0494081 0)
(1.15097 0.062716 0)
(1.13776 0.0753901 0)
(1.12069 0.0871994 0)
(1.10004 0.0964168 0)
(1.07576 0.101795 0)
(1.04839 0.101729 0)
(1.02157 0.095131 0)
(1.00014 0.0841493 0)
(0.984628 0.0719449 0)
(0.973446 0.0598502 0)
(0.96529 0.0483671 0)
(0.958067 0.038004 0)
(0.941458 0.0287735 0)
(0.867645 0.0194343 0)
(0.627427 0.00950729 0)
(0.19973 0.0018889 0)
(0.515846 0.0124362 0)
(0.999889 0.0318406 0)
(1.16306 0.0553609 0)
(1.18726 0.0712147 0)
(1.17683 0.0893185 1.17596e-34)
(1.15711 0.103661 -6.7354e-35)
(1.13417 0.115744 0)
(1.10763 0.124312 0)
(1.07766 0.128301 0)
(1.04497 0.125879 0)
(1.01357 0.116459 0)
(0.98859 0.102817 0)
(0.970298 0.0883828 0)
(0.956787 0.0744002 0)
(0.946687 0.0613875 0)
(0.937533 0.0489183 0)
(0.917272 0.036763 0)
(0.834778 0.025019 0)
(0.580659 0.0112496 0)
(0.172242 0.00183728 0)
(0.574963 0.0279504 -3.71623e-21)
(1.07865 0.0573751 2.16695e-21)
(1.21078 0.0867783 0)
(1.22336 0.108284 2.98606e-21)
(1.20301 0.128517 -2.4162e-21)
(1.17639 0.141654 7.10604e-35)
(1.14679 0.152608 0)
(1.11357 0.159755 5.59847e-21)
(1.07743 0.161425 -1.96714e-20)
(1.03874 0.156151 4.2839e-21)
(1.00206 0.143655 0)
(0.97284 0.127199 -1.34515e-20)
(0.951058 0.11041 -1.67606e-20)
(0.93449 0.0942219 2.94646e-20)
(0.921478 0.0789508 -2.36435e-20)
(0.909041 0.0653004 0)
(0.883355 0.0515175 -9.06098e-21)
(0.789944 0.0353558 0)
(0.539566 0.0218836 -4.92093e-20)
(0.155227 0.00415862 5.85648e-20)
(0.59331 0.0544655 -1.02644e-21)
(1.12055 0.104825 -3.568e-20)
(1.25159 0.139759 1.12375e-20)
(1.25607 0.159194 1.09707e-20)
(1.22708 0.175828 -4.27198e-21)
(1.19362 0.187151 7.53787e-21)
(1.15692 0.196734 0)
(1.11715 0.201908 0)
(1.07472 0.201164 3.07221e-20)
(1.02967 0.193422 0)
(0.987059 0.178441 4.63475e-20)
(0.952616 0.1601 1.44307e-20)
(0.926206 0.142185 4.2603e-22)
(0.905294 0.125582 -3.28981e-20)
(0.888059 0.110416 0)
(0.871545 0.0961918 0)
(0.843907 0.0840533 -1.53327e-19)
(0.75946 0.0685007 3.87402e-19)
(0.526877 0.0426335 -2.29824e-19)
(0.157632 0.0151847 -2.75406e-19)
(0.593217 0.08876 7.19961e-20)
(1.14675 0.166719 -2.03706e-20)
(1.28217 0.207184 -4.74079e-21)
(1.28256 0.220382 -2.20463e-20)
(1.24692 0.231739 1.35263e-20)
(1.20692 0.239496 -1.44937e-20)
(1.16374 0.245961 8.62513e-21)
(1.11812 0.24776 0)
(1.06965 0.244042 -6.34916e-20)
(1.01855 0.233437 6.80883e-20)
(0.970219 0.215996 -1.26379e-19)
(0.930842 0.196265 6.13112e-20)
(0.900293 0.17798 -4.46368e-20)
(0.875781 0.161694 9.81062e-20)
(0.855488 0.14777 0)
(0.836936 0.135155 -3.82376e-20)
(0.80941 0.122097 0)
(0.733229 0.10717 2.21061e-19)
(0.522602 0.0721314 -5.24478e-19)
(0.170499 0.0261127 3.29677e-19)
(0.577416 0.119356 -3.42282e-19)
(1.15811 0.229062 1.36122e-19)
(1.30065 0.27838 2.11099e-20)
(1.30002 0.285604 0)
(1.25996 0.292613 1.06626e-20)
(1.21489 0.296398 -1.06266e-20)
(1.16674 0.298529 -8.88051e-21)
(1.11601 0.296258 0)
(1.06208 0.289164 4.47631e-20)
(1.0057 0.275338 -4.6866e-20)
(0.952559 0.255292 1.10053e-19)
(0.909413 0.233983 0)
(0.876083 0.215054 -9.36811e-20)
(0.849628 0.198686 5.19386e-20)
(0.82819 0.184824 1.39576e-19)
(0.809495 0.173753 -1.22639e-19)
(0.784186 0.15974 2.03584e-19)
(0.715588 0.143967 -4.53671e-19)
(0.519832 0.101151 2.88546e-19)
(0.177077 0.0367196 -3.63597e-19)
(0.556255 0.144683 2.12484e-19)
(1.15533 0.285714 -1.56563e-19)
(1.30913 0.34679 6.56653e-20)
(1.309 0.351007 -8.80656e-20)
(1.26582 0.355166 5.72543e-20)
(1.21737 0.354907 -8.34384e-21)
(1.16576 0.352457 3.80456e-21)
(1.11079 0.346122 -3.23772e-20)
(1.05247 0.335335 -4.44639e-20)
(0.991749 0.317855 -9.96487e-20)
(0.93473 0.294733 -2.3672e-19)
(0.888965 0.271456 -7.86838e-20)
(0.854359 0.251533 2.8566e-21)
(0.82751 0.234667 -1.83831e-19)
(0.806012 0.220327 -6.18827e-21)
(0.787516 0.209857 1.78865e-19)
(0.764502 0.19566 -5.54505e-20)
(0.700431 0.179103 -3.27577e-20)
(0.514275 0.127187 0)
(0.177297 0.0465161 7.69092e-19)
(0.535684 0.168415 0)
(1.14619 0.339181 4.86259e-20)
(1.30989 0.411697 3.28688e-20)
(1.31084 0.414338 -1.19597e-20)
(1.26541 0.41699 -7.11318e-20)
(1.21516 0.412888 1.1281e-20)
(1.16121 0.406226 6.09557e-21)
(1.10302 0.396106 5.68992e-20)
(1.04152 0.381483 -2.61547e-20)
(0.977548 0.360292 4.49021e-20)
(0.917955 0.334062 1.27291e-19)
(0.870667 0.308338 1.73748e-19)
(0.834889 0.286522 -1.07762e-19)
(0.807188 0.268617 1.98822e-19)
(0.785597 0.253687 -1.5943e-19)
(0.767182 0.242817 0)
(0.745524 0.228638 -4.24145e-19)
(0.684336 0.209438 5.70374e-19)
(0.504848 0.150764 4.33625e-20)
(0.174464 0.0540761 -8.07245e-19)
(0.51783 0.190379 -6.36718e-21)
(1.13428 0.390292 -3.33861e-19)
(1.30505 0.473652 -2.47241e-19)
(1.30705 0.474739 2.03751e-19)
(1.26013 0.476216 -4.0553e-20)
(1.20912 0.468721 1.98598e-20)
(1.15357 0.458609 -8.15022e-23)
(1.09304 0.445127 -7.10876e-21)
(1.02904 0.426797 -9.32457e-20)
(0.96193 0.401935 1.22752e-21)
(0.89909 0.372072 -1.37713e-19)
(0.849328 0.343587 -1.84589e-19)
(0.813054 0.320199 1.21161e-19)
(0.785957 0.301032 -7.12754e-20)
(0.764605 0.285204 1.73265e-19)
(0.746653 0.273163 0)
(0.726319 0.258885 -2.62535e-19)
(0.667465 0.236379 3.88416e-19)
(0.492375 0.171089 7.48208e-19)
(0.169864 0.0606558 -8.74506e-19)
(0.503583 0.210595 -6.39408e-19)
(1.11995 0.438544 3.22026e-19)
(1.29679 0.532771 2.41772e-19)
(1.29948 0.532248 -2.20746e-19)
(1.25155 0.532188 1.09659e-20)
(1.20015 0.521628 5.70744e-20)
(1.14327 0.508818 -6.17305e-21)
(1.08101 0.492464 -2.06817e-20)
(1.01505 0.470766 -5.63831e-20)
(0.945598 0.442493 9.8417e-20)
(0.881292 0.409387 1.30846e-19)
(0.831321 0.377959 2.89655e-19)
(0.793619 0.351683 0)
(0.76468 0.330674 5.41417e-21)
(0.743254 0.313517 -4.81351e-19)
(0.725677 0.300374 1.10593e-19)
(0.705536 0.285245 5.63718e-19)
(0.648683 0.259936 -1.64573e-19)
(0.478295 0.188474 3.56946e-19)
(0.164238 0.0661243 -2.87299e-20)
(0.493258 0.229765 7.19929e-21)
(1.10651 0.484372 2.99266e-19)
(1.2865 0.589106 1.84559e-19)
(1.28984 0.587319 -3.97941e-19)
(1.24107 0.585318 2.47104e-19)
(1.18922 0.571673 -7.28727e-20)
(1.13102 0.556543 3.13789e-21)
(1.06742 0.537682 4.75029e-20)
(0.999765 0.513097 1.01792e-19)
(0.927839 0.481809 -1.24695e-19)
(0.860075 0.445045 0)
(0.80628 0.410344 -1.13966e-19)
(0.768908 0.382122 1.30842e-19)
(0.742268 0.358984 1.75346e-19)
(0.721386 0.340756 -1.00674e-19)
(0.704466 0.32538 -2.53714e-19)
(0.685512 0.309582 -7.71424e-20)
(0.630051 0.281339 -1.3235e-21)
(0.463085 0.203593 0)
(0.157612 0.0705138 0)
(0.485102 0.249195 -3.17876e-19)
(1.09293 0.527201 0)
(1.27466 0.641698 2.12957e-19)
(1.27856 0.639838 -9.91419e-20)
(1.22937 0.635975 -2.57233e-19)
(1.17714 0.61931 7.11038e-20)
(1.11762 0.60202 -2.83548e-21)
(1.05297 0.580811 -2.4204e-20)
(0.983659 0.55368 6.47993e-20)
(0.909664 0.519509 -5.01243e-20)
(0.840786 0.479742 7.33259e-20)
(0.788479 0.442235 3.55919e-19)
(0.749085 0.410552 1.33105e-20)
(0.719514 0.385268 -1.79295e-19)
(0.698696 0.363833 3.45813e-19)
(0.682455 0.348041 4.47806e-21)
(0.663737 0.330752 8.25335e-20)
(0.610319 0.299442 -4.03335e-19)
(0.446928 0.216055 4.11619e-19)
(0.150148 0.0737428 -4.88101e-19)
(0.479548 0.269984 2.28369e-23)
(1.08013 0.567525 0)
(1.26159 0.690499 0)
(1.2661 0.689159 9.14201e-20)
(1.2168 0.683875 1.02069e-19)
(1.16433 0.66462 -5.81699e-20)
(1.1038 0.645382 2.98782e-20)
(1.03833 0.621913 0)
(0.967649 0.592537 -1.04512e-19)
(0.892051 0.556082 1.81694e-19)
(0.820499 0.513399 2.21943e-19)
(0.763085 0.471626 -1.34082e-19)
(0.723765 0.437286 -1.67997e-19)
(0.696415 0.408994 3.9725e-19)
(0.675965 0.38791 -1.22409e-19)
(0.65976 0.368349 -1.48577e-19)
(0.641148 0.348997 -9.10907e-20)
(0.588113 0.315725 -4.37999e-19)
(0.429597 0.226025 6.08014e-20)
(0.141541 0.0759195 5.30503e-19)
(0.47592 0.289156 -1.27508e-19)
(1.06792 0.605311 -1.98577e-19)
(1.24749 0.735742 2.38866e-20)
(1.25272 0.735083 3.54762e-22)
(1.20354 0.728739 3.20363e-20)
(1.15104 0.707454 -1.60294e-19)
(1.08981 0.686578 0)
(1.02369 0.661063 1.78111e-20)
(0.951509 0.629852 -1.40446e-20)
(0.873423 0.591276 2.86016e-19)
(0.798707 0.545171 -5.65094e-20)
(0.741577 0.501941 6.1557e-20)
(0.70053 0.464344 0)
(0.671254 0.432977 -2.16855e-19)
(0.650721 0.405753 2.7056e-19)
(0.636273 0.3861 0)
(0.61995 0.366417 -2.00096e-19)
(0.568552 0.328902 5.84971e-19)
(0.41132 0.233713 7.03103e-20)
(0.13242 0.076582 -6.58625e-19)
(0.473234 0.306456 -2.83415e-19)
(1.05612 0.640636 3.61574e-19)
(1.23327 0.777742 0)
(1.23902 0.777717 2.28848e-19)
(1.18987 0.770505 0)
(1.13739 0.747627 1.4805e-19)
(1.07576 0.725472 0)
(1.0091 0.698253 0)
(0.935653 0.665539 -3.53216e-20)
(0.856072 0.625096 -2.78356e-19)
(0.780228 0.578126 -4.11911e-19)
(0.719702 0.53035 7.76445e-20)
(0.676343 0.48858 2.90414e-19)
(0.647195 0.454171 2.44421e-19)
(0.627467 0.427333 -8.68914e-19)
(0.611408 0.403709 -3.59506e-19)
(0.592629 0.378789 2.08912e-19)
(0.541692 0.339045 0)
(0.391736 0.23886 6.08882e-19)
(0.122163 0.076118 -7.15801e-19)
(0.470853 0.322505 3.14105e-19)
(1.04476 0.674013 -3.97745e-19)
(1.21913 0.816805 0)
(1.22525 0.817523 -9.668e-21)
(1.17611 0.809467 -9.39764e-20)
(1.12368 0.785235 0)
(1.06181 0.762001 -1.0538e-20)
(0.994767 0.733365 2.17702e-20)
(0.920301 0.699457 -4.62001e-20)
(0.839063 0.65787 2.78858e-20)
(0.759273 0.60766 0)
(0.695077 0.557533 3.09907e-19)
(0.649595 0.513688 3.80462e-21)
(0.616821 0.474113 1.32859e-19)
(0.596481 0.441498 1.60192e-19)
(0.584986 0.415113 0)
(0.57162 0.390202 -3.54869e-19)
(0.52193 0.347951 6.96032e-19)
(0.371367 0.241594 -7.44687e-19)
(0.111633 0.0741786 1.5587e-18)
(0.468432 0.337812 0)
(1.03399 0.70562 0)
(1.20545 0.853222 -2.15789e-19)
(1.21158 0.85466 0)
(1.16243 0.845781 0)
(1.11007 0.820384 2.18867e-19)
(1.0481 0.79623 -1.41257e-20)
(0.980752 0.766487 1.64194e-20)
(0.90532 0.731767 -4.10308e-21)
(0.821973 0.689089 0)
(0.739573 0.637766 -6.58045e-20)
(0.673453 0.586412 -2.5685e-19)
(0.626636 0.538115 -3.22537e-19)
(0.597271 0.496737 -1.34203e-19)
(0.574878 0.460112 1.76882e-19)
(0.558287 0.428764 -4.20574e-19)
(0.539653 0.401951 7.70082e-19)
(0.491193 0.35257 9.99047e-21)
(0.349243 0.241708 -7.20957e-19)
(0.100211 0.0707412 -1.07095e-19)
(0.465903 0.352476 0)
(1.02373 0.735486 -3.08504e-19)
(1.19202 0.887215 2.42393e-19)
(1.19817 0.889437 0)
(1.14912 0.879751 0)
(1.09685 0.853292 -4.85415e-19)
(1.03486 0.828304 0)
(0.967239 0.797665 0)
(0.890998 0.762282 -7.87731e-20)
(0.806263 0.71908 5.24118e-20)
(0.721875 0.667544 -5.24565e-19)
(0.650428 0.613163 0)
(0.596111 0.562594 -3.49432e-19)
(0.555806 0.513568 1.22177e-20)
(0.535991 0.470227 -5.649e-19)
(0.526314 0.440506 2.28173e-19)
(0.517704 0.402059 5.0374e-21)
(0.469811 0.352477 -8.29187e-19)
(0.328363 0.238241 3.94059e-19)
(0.0912629 0.0665456 1.14578e-19)
(0.463264 0.36642 0)
(1.01397 0.763576 -3.6628e-19)
(1.17902 0.91896 2.56834e-19)
(1.18499 0.921846 5.36517e-19)
(1.1361 0.911367 1.07789e-19)
(1.084 0.884052 -7.5061e-20)
(1.02213 0.858341 4.55071e-20)
(0.954391 0.826963 -7.25634e-20)
(0.877614 0.79129 8.42641e-20)
(0.7916 0.747957 3.21923e-19)
(0.703005 0.696187 4.3502e-19)
(0.62841 0.642081 8.34634e-20)
(0.573797 0.589731 5.07823e-19)
(0.538796 0.539134 3.30195e-19)
(0.512029 0.49608 4.07712e-19)
(0.496621 0.444018 -2.56058e-19)
(0.478942 0.409043 -3.06726e-19)
(0.436542 0.351997 3.61891e-19)
(0.303475 0.232874 -2.16294e-19)
(0.0837788 0.0611504 3.76167e-19)
(0.460518 0.379562 4.93774e-19)
(1.00443 0.789744 5.80914e-19)
(1.16629 0.948512 1.40509e-19)
(1.17226 0.952108 1.56959e-20)
(1.12364 0.940888 -3.75305e-19)
(1.07174 0.912791 1.40589e-19)
(1.01005 0.886421 -5.24236e-20)
(0.942219 0.854514 -2.16489e-20)
(0.864868 0.818626 -7.58124e-20)
(0.777207 0.775599 -3.59144e-19)
(0.686711 0.723294 2.60713e-20)
(0.608278 0.667039 0)
(0.546024 0.610335 0)
(0.494784 0.557621 -1.67578e-19)
(0.465523 0.497161 -6.68448e-19)
(0.453854 0.452208 5.55151e-19)
(0.45098 0.398285 3.42369e-19)
(0.415143 0.335171 0)
(0.291343 0.211664 6.87919e-19)
(0.0774898 0.0469032 -4.11169e-19)
(0.457714 0.391789 -2.63836e-19)
(0.995283 0.814274 2.23562e-19)
(1.15398 0.976068 -3.15419e-19)
(1.15981 0.980208 -3.38374e-19)
(1.11147 0.968245 -1.48908e-19)
(1.05989 0.939549 3.30496e-20)
(0.998502 0.912644 0)
(0.930781 0.880349 1.10299e-19)
(0.853102 0.844407 1.37717e-20)
(0.764269 0.801764 0)
(0.671091 0.750727 0)
(0.58703 0.696753 5.80285e-20)
(0.520733 0.642948 8.90499e-20)
(0.476199 0.582896 -1.80109e-19)
(0.440688 0.526862 4.83538e-19)
(0.414901 0.461118 -6.0943e-19)
(0.400836 0.398548 -7.39879e-19)
(0.380344 0.317451 6.61038e-19)
(0.297634 0.210096 -2.48642e-19)
(0.143958 0.108657 1.42535e-19)
(0.4546 0.403241 3.05134e-19)
(0.986223 0.836886 0)
(1.14203 1.00162 0)
(1.14792 1.00636 -1.13982e-19)
(1.09996 0.993721 9.22274e-20)
(1.0487 0.96445 -2.03736e-20)
(0.987659 0.937065 -2.00363e-19)
(0.920003 0.904464 -1.8537e-19)
(0.842069 0.868749 8.62874e-20)
(0.752395 0.82649 -2.87378e-20)
(0.656816 0.776354 6.88073e-20)
(0.569576 0.722327 -4.76575e-19)
(0.495342 0.666877 -5.23669e-19)
(0.428575 0.608974 -9.57482e-20)
(0.382088 0.541608 0)
(0.356781 0.475693 -1.41251e-20)
(0.349535 0.370821 4.01965e-19)
(0.328655 0.230649 -7.00694e-19)
(0.306377 0.0620394 5.17765e-19)
(0.09684 -0.0608108 4.17222e-19)
(0.451434 0.414455 -6.60794e-19)
(0.977606 0.858269 -2.81336e-19)
(1.13041 1.0256 5.04804e-21)
(1.13622 1.03079 1.45785e-19)
(1.08856 1.01752 0)
(1.03769 0.987887 4.2787e-19)
(0.977031 0.960184 2.48532e-19)
(0.909641 0.927557 -4.3287e-20)
(0.831573 0.892111 -3.13358e-20)
(0.740954 0.850902 -2.69904e-20)
(0.642867 0.802951 2.50699e-20)
(0.551489 0.752425 4.21198e-19)
(0.471971 0.699411 5.12152e-19)
(0.411678 0.637946 9.20192e-20)
(0.356912 0.582569 5.0747e-19)
(0.302331 0.491385 0)
(0.213154 0.385365 0)
(0.0859529 0.359872 5.1541e-19)
(-0.0417108 0.63661 -3.10512e-20)
(-0.00440352 1.4459 -6.63553e-19)
(0.448171 0.424584 3.56716e-19)
(0.969039 0.877954 8.39643e-19)
(1.11912 1.04802 -1.2538e-18)
(1.12502 1.05385 7.53313e-19)
(1.0777 1.04014 -8.75279e-20)
(1.02714 1.01025 5.61408e-19)
(0.966893 0.982435 0)
(0.899727 0.94999 1.97662e-19)
(0.821601 0.915222 0)
(0.729951 0.875668 2.59548e-19)
(0.629324 0.829894 -3.89395e-20)
(0.533383 0.780947 4.36609e-20)
(0.448852 0.730326 5.64576e-19)
(0.36358 0.682177 -2.07939e-19)
(0.278172 0.613658 -2.67453e-19)
(0.203868 0.560374 0)
(0.114709 0.64167 0)
(0.0580093 1.17302 0)
(0.0906468 2.3845 -2.91407e-19)
(0.122248 2.87228 -1.79946e-19)
(0.444965 0.433946 0)
(0.960858 0.896544 0)
(1.10816 1.06911 4.48391e-19)
(1.11402 1.07547 -6.27759e-19)
(1.06693 1.06137 4.29946e-19)
(1.01682 1.03143 -5.14359e-19)
(0.957011 1.00364 -2.88371e-20)
(0.890206 0.971611 2.24537e-20)
(0.812167 0.937965 7.64277e-21)
(0.720249 0.900092 -2.95291e-19)
(0.618837 0.857232 5.94671e-20)
(0.520375 0.814567 3.92626e-19)
(0.424202 0.771695 -5.56485e-19)
(0.343132 0.714769 -6.49984e-19)
(0.283463 0.676521 2.26966e-19)
(0.217786 0.783184 0)
(0.165674 1.42731 3.24485e-19)
(0.169365 2.63916 3.73398e-19)
(0.170022 3.06955 -4.17673e-19)
(0.160987 3.215 4.721e-19)
(0.441633 0.442445 0)
(0.952704 0.913479 6.83231e-19)
(1.09762 1.08872 -1.16136e-19)
(1.10362 1.0958 7.91084e-19)
(1.05682 1.08149 -4.51286e-19)
(1.00706 1.05153 0)
(0.947691 1.02392 0)
(0.881273 0.992498 0)
(0.803454 0.959911 -6.22564e-20)
(0.711169 0.924032 3.63835e-21)
(0.607942 0.884367 0)
(0.505182 0.842856 -3.83324e-19)
(0.419473 0.804825 0)
(0.310367 0.773293 4.62915e-19)
(0.233042 0.843561 -3.0062e-19)
(0.183193 1.39663 -2.51037e-19)
(0.204849 2.62775 -6.13694e-19)
(0.22317 3.12025 -3.04499e-19)
(0.211937 3.27605 -3.46977e-19)
(0.195645 3.31928 3.08589e-19)
(0.438354 0.450326 -2.31561e-19)
(0.945018 0.929633 1.40042e-20)
(1.08741 1.10722 -1.25178e-19)
(1.09341 1.11489 -6.32958e-19)
(1.04678 1.10039 0)
(0.997511 1.07061 0)
(0.93867 1.04327 0)
(0.872803 1.01254 -1.38194e-20)
(0.795467 0.981275 6.94916e-20)
(0.702804 0.948093 0)
(0.598239 0.912821 0)
(0.494624 0.879811 0)
(0.386831 0.852365 0)
(0.32414 0.848514 3.03794e-19)
(0.303268 1.16333 7.88893e-19)
(0.307209 2.2637 2.44093e-19)
(0.319443 3.07057 4.38422e-19)
(0.31014 3.29795 -2.71603e-19)
(0.25475 3.37155 1.00259e-19)
(0.218835 3.38546 0)
(0.434863 0.45763 2.34588e-19)
(0.937108 0.944645 -1.47295e-18)
(1.07739 1.1249 -4.14017e-19)
(1.0836 1.13333 -1.00999e-19)
(1.03723 1.11878 1.15274e-19)
(0.988375 1.08912 -8.1246e-19)
(0.930012 1.0621 5.49186e-20)
(0.864619 1.03217 3.71711e-19)
(0.787681 1.00273 0)
(0.695857 0.972113 -1.65723e-20)
(0.591908 0.940866 1.50765e-20)
(0.484287 0.910044 0)
(0.395863 0.888238 0)
(0.349291 0.999211 -3.75876e-19)
(0.327867 1.76242 -4.54592e-21)
(0.32584 2.8872 -1.24167e-19)
(0.344272 3.29527 1.9104e-19)
(0.314644 3.41135 4.88845e-20)
(0.243664 3.44272 1.42269e-19)
(0.215456 3.45157 -7.25077e-20)
(0.431016 0.464925 4.51762e-19)
(0.928928 0.960402 1.40867e-18)
(1.06673 1.1431 5.08993e-19)
(1.07305 1.15203 0)
(1.02692 1.13731 0)
(0.978715 1.10781 6.22581e-19)
(0.921093 1.08111 -3.83476e-19)
(0.856642 1.05204 -3.42025e-19)
(0.780795 1.02389 -1.34108e-20)
(0.68895 0.995925 5.83953e-20)
(0.583928 0.969262 -2.82151e-19)
(0.478323 0.945322 0)
(0.397954 0.962465 0)
(0.379001 1.30728 -2.07798e-19)
(0.402757 2.34197 -2.67721e-19)
(0.443631 3.18927 0)
(0.471752 3.40346 1.21948e-19)
(0.400975 3.47627 2.40047e-19)
(0.317064 3.52068 -5.38702e-19)
(0.287471 3.54723 3.10785e-19)
(0.426437 0.472187 -8.56739e-19)
(0.919481 0.976117 -6.70165e-19)
(1.05521 1.16187 0)
(1.06196 1.17142 0)
(1.01628 1.15654 0)
(0.968745 1.12696 0)
(0.911928 1.1004 4.09455e-19)
(0.848393 1.07194 -4.45188e-19)
(0.773448 1.04551 0)
(0.682991 1.02038 -4.77292e-20)
(0.580169 0.99805 4.69215e-19)
(0.475717 0.981036 2.4003e-20)
(0.420539 1.0498 4.01686e-20)
(0.438542 1.63813 3.04021e-19)
(0.47899 2.81385 -6.70751e-20)
(0.515103 3.33486 0)
(0.5015 3.48046 -9.44848e-20)
(0.401301 3.57374 1.15678e-19)
(0.297504 3.65752 3.95444e-19)
(0.21689 3.6447 -3.42094e-19)
(0.421294 0.479783 4.05977e-19)
(0.909351 0.993333 -6.58275e-19)
(1.04243 1.18171 0)
(1.04955 1.19146 -1.61988e-19)
(1.00433 1.17618 6.14235e-19)
(0.957742 1.14647 0)
(0.902069 1.12005 0)
(0.839807 1.09231 8.33655e-19)
(0.766397 1.06747 1.24949e-20)
(0.677523 1.04527 -5.42671e-20)
(0.573394 1.02748 -2.0065e-19)
(0.480482 1.02425 1.51631e-19)
(0.451301 1.19948 0)
(0.502201 2.02523 -1.41191e-19)
(0.56582 3.09295 1.19025e-19)
(0.620466 3.44729 -6.12698e-20)
(0.612424 3.57139 0)
(0.524282 3.69707 -2.33725e-19)
(0.4395 3.75002 -8.57136e-19)
(0.348509 3.72212 -2.12787e-19)
(0.415125 0.487173 -7.86135e-19)
(0.897477 1.0102 9.37087e-19)
(1.02855 1.20203 6.91212e-19)
(1.03652 1.21219 -1.79104e-19)
(0.991912 1.19647 -9.36613e-19)
(0.946392 1.16639 0)
(0.892009 1.13986 3.5699e-19)
(0.831465 1.11263 -3.41736e-19)
(0.759988 1.08917 -3.44902e-20)
(0.672762 1.06993 4.56421e-20)
(0.570982 1.05724 -1.87408e-21)
(0.485095 1.07466 -1.68934e-19)
(0.497856 1.37548 1.44347e-19)
(0.584618 2.37899 -2.46947e-20)
(0.659814 3.28053 1.59541e-19)
(0.720168 3.53022 -4.30425e-19)
(0.683794 3.61608 0)
(0.6018 3.64412 0)
(0.481858 3.62689 -9.80693e-19)
(0.208482 3.4354 1.95617e-18)
(0.408251 0.494851 3.72846e-19)
(0.884731 1.02892 9.01338e-19)
(1.01313 1.22348 -6.81728e-19)
(1.02194 1.23352 6.67746e-19)
(0.978003 1.21698 9.25579e-19)
(0.933931 1.18643 0)
(0.881297 1.15974 -3.87996e-19)
(0.822551 1.13283 -4.78659e-19)
(0.753251 1.11084 0)
(0.669106 1.09493 0)
(0.571165 1.08802 0)
(0.500001 1.13552 0)
(0.552928 1.57559 -1.47748e-19)
(0.670863 2.67077 7.94084e-20)
(0.764346 3.40975 0)
(0.813208 3.56483 2.61875e-19)
(0.800039 3.5841 0)
(0.853624 3.46529 4.27749e-19)
(0.946462 3.1204 -2.9718e-18)
(0.493526 2.79679 2.85996e-18)
(0.400068 0.502066 -7.2646e-19)
(0.869629 1.04676 -5.71959e-19)
(0.99628 1.24522 -4.37186e-19)
(1.00659 1.25557 -6.24562e-19)
(0.963353 1.23815 -4.39377e-19)
(0.921003 1.20688 0)
(0.87019 1.17979 -8.66211e-20)
(0.813798 1.15339 3.45085e-20)
(0.747285 1.13271 2.51577e-19)
(0.665867 1.11994 0)
(0.572229 1.11885 3.2182e-21)
(0.523167 1.20404 -3.65193e-21)
(0.610864 1.7744 0)
(0.758929 2.92564 -7.29923e-20)
(0.855096 3.46956 0)
(0.900331 3.55115 -4.47627e-19)
(0.914836 3.5048 1.16071e-18)
(0.902005 3.15683 -4.22185e-19)
(0.64987 2.22127 6.43176e-19)
(-0.373909 0.638575 -1.61188e-18)
(0.390952 0.509562 -1.16949e-20)
(0.853115 1.06668 -2.80992e-19)
(0.977518 1.26833 6.07886e-19)
(0.98909 1.27838 -1.74567e-20)
(0.946618 1.25974 -1.16495e-19)
(0.90655 1.22776 0)
(0.858283 1.2003 3.95694e-19)
(0.804759 1.17411 4.00307e-19)
(0.741533 1.15501 -4.85872e-19)
(0.663913 1.14593 2.53443e-19)
(0.573967 1.15426 8.30414e-20)
(0.547451 1.29188 0)
(0.681283 1.97799 -9.69611e-20)
(0.857088 3.10627 1.28789e-19)
(0.958855 3.47894 2.75273e-19)
(0.978692 3.51063 0)
(0.902244 3.34921 -5.77135e-19)
(0.717632 2.65519 7.19046e-19)
(0.213298 0.969314 -8.50124e-19)
(-0.292375 -0.478856 -7.6431e-19)
(0.379857 0.516193 6.55748e-19)
(0.833445 1.08495 -2.69341e-19)
(0.956861 1.29148 4.03644e-19)
(0.970283 1.30195 3.19366e-19)
(0.928641 1.28213 2.24866e-19)
(0.891355 1.24915 5.88506e-19)
(0.845465 1.22108 -7.60362e-19)
(0.795192 1.19529 -4.87566e-19)
(0.736046 1.17797 5.26283e-19)
(0.663183 1.17383 6.40706e-20)
(0.581449 1.1934 4.66737e-20)
(0.572838 1.39167 7.1338e-20)
(0.761051 2.22965 -1.45492e-19)
(0.935103 3.22658 2.50259e-19)
(1.00942 3.44906 -4.05801e-19)
(0.996095 3.41533 4.3015e-19)
(0.878327 3.08407 -1.07272e-18)
(0.580825 1.98056 6.66444e-19)
(0.0910693 0.181452 0)
(-0.119458 -0.234046 -1.2273e-18)
(0.367524 0.522721 0)
(0.811825 1.10488 -1.00707e-18)
(0.934181 1.31581 2.29591e-20)
(0.948623 1.3258 -5.58989e-19)
(0.908091 1.30441 0)
(0.874445 1.27059 -4.20625e-19)
(0.831797 1.24183 6.45385e-19)
(0.785535 1.21658 4.56097e-19)
(0.732069 1.20102 -5.49735e-19)
(0.663875 1.20195 -2.54202e-19)
(0.594461 1.23588 -1.26171e-19)
(0.613456 1.4886 3.11965e-20)
(0.829384 2.42566 1.47353e-19)
(1.01876 3.28027 1.88489e-19)
(1.09369 3.41106 -4.36898e-19)
(1.05176 3.30613 6.8897e-19)
(0.80829 2.70815 5.16949e-19)
(0.34741 1.16135 -6.09903e-19)
(-0.119488 -0.245573 0)
(-0.21491 -0.275062 0)
(0.352897 0.528135 -6.01887e-19)
(0.787111 1.12268 9.76501e-19)
(0.908666 1.33955 0)
(0.924669 1.34998 0)
(0.886055 1.32726 0)
(0.856404 1.29179 0)
(0.817251 1.26217 -2.75239e-19)
(0.776429 1.23647 -1.40614e-20)
(0.728624 1.22364 -7.01668e-20)
(0.667716 1.22973 -3.25436e-20)
(0.599356 1.28968 2.71285e-19)
(0.656404 1.6038 -9.92604e-20)
(0.919348 2.61299 0)
(1.08728 3.30228 4.37295e-20)
(1.12953 3.35682 7.30637e-19)
(1.02203 3.1125 -2.81032e-19)
(0.699237 2.25174 5.01874e-19)
(0.158235 0.325569 2.85512e-19)
(-0.151953 -0.292219 -1.3363e-18)
(-0.144472 -0.22935 -1.56897e-18)
(0.337022 0.533033 2.93683e-19)
(0.760034 1.14157 4.51795e-19)
(0.880363 1.3632 -1.08812e-20)
(0.896923 1.37326 2.65913e-19)
(0.860822 1.34889 0)
(0.836154 1.31209 6.67788e-19)
(0.800577 1.28092 -1.82993e-19)
(0.76633 1.25586 6.63787e-20)
(0.725313 1.24516 -2.72252e-20)
(0.673775 1.26203 -3.61978e-20)
(0.598432 1.35366 -1.70706e-19)
(0.684016 1.70199 1.07973e-19)
(1.00111 2.74232 1.71194e-19)
(1.16356 3.29864 1.43659e-19)
(1.19979 3.3084 -4.42401e-19)
(1.04459 2.93564 1.03737e-18)
(0.6076 1.7775 -6.15199e-19)
(-0.0289259 -0.050275 7.61187e-19)
(-0.221131 -0.256682 -2.27437e-18)
(-0.125282 -0.225436 1.60335e-18)
(0.318855 0.536347 -2.7471e-19)
(0.729052 1.1577 0)
(0.847478 1.38544 -3.345e-19)
(0.865917 1.39613 -5.03353e-19)
(0.834066 1.37059 0)
(0.813628 1.33104 -5.08275e-19)
(0.783318 1.29842 0)
(0.756107 1.27433 -3.81789e-19)
(0.725013 1.26472 2.01747e-19)
(0.682078 1.29815 -3.74507e-19)
(0.615601 1.41402 2.34605e-19)
(0.720382 1.79072 -2.82481e-20)
(1.06507 2.84104 -4.84337e-19)
(1.21825 3.27215 3.15291e-19)
(1.2299 3.23134 -4.21897e-19)
(0.989668 2.69994 -3.18267e-19)
(0.400824 1.20785 7.65302e-19)
(-0.16624 -0.14262 -8.93035e-19)
(-0.275306 -0.307298 5.77111e-21)
(-0.167394 -0.271702 -1.67216e-19)
(0.299179 0.538256 5.28929e-19)
(0.695032 1.17395 -4.12262e-19)
(0.810738 1.40631 3.36196e-19)
(0.830488 1.41614 2.38126e-19)
(0.803164 1.38959 2.18173e-20)
(0.787309 1.34678 2.67685e-19)
(0.764868 1.31308 0)
(0.747277 1.28743 -2.85311e-20)
(0.733025 1.27892 0)
(0.706066 1.32426 3.49075e-19)
(0.669765 1.44604 -2.16792e-19)
(0.785986 1.84034 3.29834e-21)
(1.14974 2.84636 3.42706e-19)
(1.31944 3.23613 3.64868e-19)
(1.27906 3.18547 -1.62761e-19)
(0.906906 2.52869 2.96443e-19)
(0.1919 0.793785 -1.23695e-18)
(-0.33329 -0.1966 -6.72087e-19)
(-0.402356 -0.453962 -3.03404e-19)
(-0.266871 -0.437575 1.35673e-18)
(0.277054 0.538084 4.69291e-21)
(0.655865 1.18587 2.05614e-19)
(0.768354 1.42496 0)
(0.791626 1.43512 4.39361e-19)
(0.769144 1.40658 -6.67493e-19)
(0.758145 1.35972 2.57098e-19)
(0.743778 1.32127 -1.85135e-19)
(0.738456 1.29102 3.27249e-19)
(0.744715 1.28038 -3.17159e-19)
(0.760163 1.32374 4.25243e-20)
(0.77224 1.44847 -2.4903e-19)
(0.843003 1.8986 -2.55552e-19)
(1.23716 2.85107 5.27328e-20)
(1.3857 3.17198 -5.17907e-19)
(1.34672 3.08499 -6.03129e-19)
(0.971713 2.39302 1.08855e-18)
(0.238621 0.732259 -1.09812e-18)
(-0.438037 -0.320543 6.31286e-19)
(-0.550811 -0.759599 -3.12089e-20)
(-0.417521 -0.727931 -1.57936e-18)
(0.253758 0.536538 9.45463e-19)
(0.613701 1.19896 -1.96582e-19)
(0.720327 1.4407 -5.6262e-19)
(0.745617 1.44941 4.56444e-19)
(0.727511 1.4178 -3.00114e-19)
(0.722411 1.36744 4.7838e-19)
(0.717282 1.32246 3.22333e-19)
(0.72507 1.28544 0)
(0.752087 1.26588 3.62688e-19)
(0.834268 1.28776 -5.76406e-20)
(0.92351 1.4485 7.303e-20)
(0.913012 1.95033 2.79226e-19)
(1.28589 2.79449 9.07061e-20)
(1.53 3.15392 6.17709e-20)
(1.53292 3.06165 -8.79391e-19)
(1.20092 2.39087 -5.61896e-19)
(0.474137 0.897611 1.35668e-18)
(-0.254509 -0.288426 5.96532e-19)
(-0.559902 -0.939366 1.69842e-19)
(-0.49258 -0.963778 1.60707e-18)
(0.228524 0.531269 0)
(0.564869 1.20324 1.7976e-19)
(0.666318 1.45202 -2.55556e-19)
(0.695076 1.46097 4.30088e-19)
(0.681442 1.42585 -5.89406e-19)
(0.681322 1.36973 2.35412e-19)
(0.684474 1.31739 0)
(0.704601 1.26505 0)
(0.758064 1.211 0)
(0.899943 1.22095 1.02874e-19)
(1.06006 1.45102 -9.65634e-20)
(1.08763 1.95366 1.14944e-19)
(1.37576 2.70145 2.34271e-19)
(1.65452 3.03725 2.8422e-19)
(1.68182 2.90343 -4.60614e-19)
(1.46424 2.37474 7.52086e-19)
(0.882678 1.21657 2.92009e-20)
(0.123944 -0.132182 -1.21588e-18)
(-0.324594 -0.928145 7.67454e-20)
(-0.464516 -1.06417 0)
(0.202881 0.525881 8.33803e-19)
(0.514161 1.21313 -1.68108e-19)
(0.605126 1.46085 -1.13195e-21)
(0.634513 1.46712 0)
(0.624174 1.42812 -2.71645e-19)
(0.630251 1.36566 1.25284e-20)
(0.640228 1.30273 0)
(0.675929 1.22347 1.07318e-19)
(0.747235 1.12976 -8.45797e-20)
(0.92637 1.14514 0)
(1.10908 1.44696 0)
(1.27635 1.98971 -1.9874e-19)
(1.36548 2.6508 -2.23203e-19)
(1.63063 2.96602 3.49001e-20)
(1.63666 2.82547 -2.01522e-20)
(1.4504 2.3697 1.64615e-19)
(1.00666 1.40394 0)
(0.367099 0.113453 -2.03697e-19)
(-0.0664655 -0.650407 -2.2847e-19)
(-0.272056 -0.826431 4.06133e-19)
(0.175228 0.516259 6.76312e-19)
(0.456879 1.21146 -1.54096e-19)
(0.538873 1.46424 2.208e-19)
(0.569453 1.47069 -5.49886e-19)
(0.560612 1.42648 0)
(0.569429 1.35611 0)
(0.580628 1.27746 0)
(0.622519 1.16742 1.0734e-19)
(0.691712 1.05491 -8.45263e-20)
(0.874825 1.07685 0)
(1.09116 1.44046 0)
(1.32992 2.09109 4.6631e-19)
(1.3168 2.65234 -9.20132e-20)
(1.51677 2.93444 1.74787e-19)
(1.50701 2.79945 -8.83299e-20)
(1.37341 2.38768 0)
(0.983514 1.62016 1.16761e-19)
(0.492904 0.4317 2.57932e-20)
(0.117544 -0.227748 -1.08571e-18)
(-0.112084 -0.457295 1.24765e-18)
(0.149369 0.508244 -6.11542e-19)
(0.400087 1.22172 1.65511e-19)
(0.466175 1.46838 4.52391e-19)
(0.493153 1.47092 3.1896e-19)
(0.482536 1.4214 -2.54503e-19)
(0.491309 1.34595 -1.7557e-19)
(0.496575 1.2516 1.30346e-19)
(0.525236 1.12231 0)
(0.565676 1.0061 0)
(0.713732 1.02108 0)
(0.935102 1.45289 -4.43339e-19)
(1.26466 2.20734 -4.46324e-19)
(1.20589 2.70263 8.08782e-20)
(1.33211 2.93553 -6.27302e-20)
(1.29194 2.84615 -5.73273e-20)
(1.18297 2.52567 0)
(0.849501 1.79854 -2.70646e-19)
(0.520408 0.735196 1.49067e-18)
(0.23528 0.243964 -3.46225e-18)
(0.0184557 -0.0440198 1.97881e-18)
(0.120018 0.489482 6.33931e-19)
(0.340671 1.21845 -5.21142e-19)
(0.392364 1.47176 0)
(0.412387 1.47472 1.50842e-19)
(0.398946 1.42245 1.06983e-19)
(0.399607 1.34427 2.43042e-19)
(0.38808 1.24377 -1.21902e-19)
(0.383935 1.11419 0)
(0.366825 1.00547 0)
(0.444182 1.02536 -5.63401e-19)
(0.515253 1.51509 -6.53787e-20)
(0.964554 2.37911 4.63957e-19)
(0.900369 2.87415 1.6107e-19)
(0.947451 3.09248 -1.3817e-19)
(0.911946 3.01295 5.90087e-19)
(0.856436 2.66214 -1.04648e-18)
(0.689756 1.79631 8.46574e-19)
(0.465417 1.01808 0)
(0.280934 0.67816 5.95528e-20)
(0.0900711 0.298489 -2.23509e-18)
(0.0921779 0.472489 6.36642e-19)
(0.281045 1.23093 0)
(0.313518 1.48055 0)
(0.327148 1.48343 0)
(0.308059 1.43425 8.74805e-20)
(0.294991 1.36079 -2.24658e-19)
(0.263331 1.26902 -1.01971e-19)
(0.219012 1.1569 0)
(0.141441 1.06765 0)
(0.0985187 1.12444 3.80557e-19)
(0.0291939 1.61816 2.63105e-19)
(0.371486 2.59012 -2.08148e-19)
(0.338214 3.06484 -9.02514e-20)
(0.455424 3.20385 -2.03331e-19)
(0.495484 2.96159 2.67338e-19)
(0.561101 2.48973 -4.61385e-19)
(0.491374 1.7277 4.77526e-19)
(0.380281 1.2811 0)
(0.260156 1.01218 -5.56047e-20)
(0.102757 0.511992 -1.03089e-18)
(0.061774 0.430398 -5.87627e-19)
(0.225229 1.22528 2.02321e-19)
(0.244092 1.49924 2.97085e-19)
(0.249666 1.50867 -1.98818e-20)
(0.220881 1.46502 -1.78985e-19)
(0.192911 1.40116 -1.19409e-19)
(0.144891 1.32818 2.80152e-19)
(0.0680567 1.24523 -7.35993e-21)
(-0.0555715 1.18441 0)
(-0.200196 1.2637 6.33835e-20)
(-0.335988 1.73735 -5.56761e-20)
(-0.0677652 2.64255 1.34787e-19)
(-0.0396684 2.99229 0)
(0.186294 3.02766 5.20562e-20)
(0.272368 2.64284 0)
(0.377402 2.20755 9.61219e-20)
(0.352524 1.73672 5.46679e-20)
(0.285338 1.48631 0)
(0.207041 1.22106 0)
(0.0829883 0.604969 -8.21291e-19)
(0.0333844 0.365178 4.63616e-19)
(0.175144 1.21993 -1.73531e-19)
(0.177688 1.52122 1.27125e-19)
(0.17392 1.54377 -1.97462e-19)
(0.138852 1.51008 7.62091e-20)
(0.105599 1.46466 -2.43532e-20)
(0.0471738 1.41299 1.84705e-20)
(-0.0425651 1.36214 -3.47574e-20)
(-0.176996 1.33404 -2.45359e-20)
(-0.354031 1.4104 -3.54141e-20)
(-0.488262 1.80145 1.18225e-20)
(-0.279238 2.52835 0)
(-0.151234 2.75277 1.59635e-20)
(0.0857622 2.66785 0)
(0.187792 2.33031 0)
(0.255344 2.04225 0)
(0.240047 1.79674 3.57252e-19)
(0.19371 1.63888 -9.31784e-19)
(0.144933 1.35574 4.37042e-21)
(0.0543944 0.656063 6.53965e-19)
(-0.00330326 0.218306 7.76467e-20)
(0.121571 1.16628 7.02882e-20)
(0.117509 1.54473 -5.73179e-20)
(0.11282 1.59227 -3.90271e-20)
(0.0781392 1.56945 3.15864e-20)
(0.0410768 1.53802 2.27674e-20)
(-0.0168543 1.50618 1.59728e-20)
(-0.100194 1.48166 0)
(-0.218102 1.47876 -1.03329e-20)
(-0.366773 1.54325 -4.56202e-21)
(-0.494039 1.81391 1.93421e-20)
(-0.330724 2.32917 0)
(-0.153448 2.46228 8.0387e-21)
(0.027242 2.35805 -2.68433e-20)
(0.110783 2.14874 0)
(0.139699 1.98961 0)
(0.129387 1.86454 -2.03928e-20)
(0.0969285 1.74403 0)
(0.0721981 1.44874 -1.54415e-20)
(0.0201096 0.709272 0)
(-0.0203047 0.12364 0)
(0.0539041 1.06044 0)
(0.0559221 1.53836 0)
(0.0546035 1.63697 0)
(0.0284144 1.63029 -7.18207e-34)
(-0.00422435 1.60842 5.24897e-34)
(-0.050405 1.58991 0)
(-0.117459 1.57982 0)
(-0.208583 1.59023 0)
(-0.312004 1.64826 0)
(-0.434102 1.81962 0)
(-0.304263 2.15808 0)
(-0.145238 2.24893 0)
(-0.016987 2.18104 0)
(0.0436973 2.06495 0)
(0.0591666 1.97742 0)
(0.0547735 1.90714 0)
(0.0343124 1.81075 0)
(0.0215181 1.52861 0)
(-0.00344094 0.77545 0)
(-0.0171492 0.108486 0)
(0.0129609 0.97668 0)
(0.00926134 1.53168 0)
(0.0104793 1.6717 0)
(-0.0102448 1.68039 0)
(-0.0337896 1.66795 0)
(-0.0684072 1.65772 0)
(-0.117599 1.6555 0)
(-0.182252 1.6705 0)
(-0.251727 1.72145 0)
(-0.322324 1.83312 0)
(-0.255681 2.04328 0)
(-0.133305 2.11385 0)
(-0.0452274 2.07955 0)
(-0.00118886 2.01815 0)
(0.0109447 1.96964 0)
(0.0135656 1.9271 0)
(0.000134569 1.84536 0)
(0.000581364 1.56247 0)
(-0.00684486 0.778195 0)
(-0.0148854 0.142632 0)
(-0.0144153 0.969408 0)
(-0.016424 1.53062 0)
(-0.0171092 1.69194 0)
(-0.0330379 1.71382 0)
(-0.049969 1.70986 0)
(-0.0748024 1.70585 0)
(-0.109397 1.70929 0)
(-0.153885 1.72459 0)
(-0.198679 1.76573 0)
(-0.238773 1.84326 0)
(-0.202745 1.97153 0)
(-0.119886 2.0227 0)
(-0.061451 2.01138 0)
(-0.0292462 1.98385 0)
(-0.0171521 1.95976 0)
(-0.010466 1.93483 0)
(-0.0127906 1.86099 0)
(-0.00958592 1.56372 0)
(-0.00719876 0.763487 0)
(-0.0145545 0.209366 0)
(-0.0214814 0.985348 0)
(-0.0289949 1.52758 0)
(-0.0294646 1.7003 0)
(-0.0438146 1.73246 0)
(-0.056093 1.73633 0)
(-0.0742784 1.73738 0)
(-0.0983134 1.74459 0)
(-0.128352 1.75922 0)
(-0.156736 1.79232 0)
(-0.178028 1.84869 0)
(-0.15701 1.92836 0)
(-0.104599 1.96492 0)
(-0.06603 1.96613 0)
(-0.0421164 1.95726 0)
(-0.0299463 1.94695 0)
(-0.0208131 1.93149 0)
(-0.0198996 1.85797 0)
(-0.0126389 1.5532 0)
(-0.00867245 0.725852 0)
(-0.0104376 0.274652 0)
(-0.0252003 1.02158 0)
(-0.0331736 1.53522 0)
(-0.0335118 1.70798 0)
(-0.0434564 1.74506 0)
(-0.0530707 1.75304 0)
(-0.0670059 1.75726 0)
(-0.0846226 1.7658 0)
(-0.105107 1.78005 0)
(-0.12386 1.80752 0)
(-0.134558 1.85016 0)
(-0.121076 1.90215 0)
(-0.08864 1.92872 0)
(-0.0629575 1.9354 0)
(-0.0453311 1.93507 0)
(-0.0344272 1.93147 0)
(-0.0262231 1.92036 0)
(-0.0235052 1.84682 0)
(-0.0157525 1.52812 0)
(-0.00821384 0.677697 0)
(-0.0061506 0.333324 0)
(-0.0236849 1.06912 0)
(-0.0329983 1.54912 0)
(-0.032871 1.71707 0)
(-0.0403946 1.75658 0)
(-0.0472163 1.76547 0)
(-0.0580682 1.77084 0)
(-0.0715698 1.78045 0)
(-0.0852293 1.79412 0)
(-0.0982834 1.81635 0)
(-0.103577 1.84941 0)
(-0.0939855 1.88501 0)
(-0.0736507 1.90467 0)
(-0.0560264 1.91276 0)
(-0.0431556 1.91593 0)
(-0.034227 1.91553 0)
(-0.0273015 1.90637 0)
(-0.0238047 1.82986 0)
(-0.0157819 1.49495 0)
(-0.0058437 0.634462 0)
(-0.00321959 0.380477 0)
(-0.0187266 1.11372 0)
(-0.0288513 1.56594 0)
(-0.0302144 1.72861 0)
(-0.0363653 1.76844 0)
(-0.0414557 1.77736 0)
(-0.0487016 1.7821 0)
(-0.0588654 1.79042 0)
(-0.0685523 1.80277 0)
(-0.0782431 1.82091 0)
(-0.0809651 1.84687 0)
(-0.0736515 1.87232 0)
(-0.0603013 1.8873 0)
(-0.0478658 1.8952 0)
(-0.0384229 1.89941 0)
(-0.0309437 1.90063 0)
(-0.0251632 1.89241 0)
(-0.0211786 1.81261 0)
(-0.0135092 1.46323 0)
(-0.00346144 0.599461 0)
(-0.00124047 0.413848 0)
(-0.0134072 1.15225 0)
(-0.0229983 1.58466 0)
(-0.0258945 1.74063 0)
(-0.0318808 1.77981 0)
(-0.0362824 1.78859 0)
(-0.0414074 1.79276 0)
(-0.0486668 1.79959 0)
(-0.0551057 1.80932 0)
(-0.0620861 1.82379 0)
(-0.0635724 1.84396 0)
(-0.0579526 1.8628 0)
(-0.0489042 1.87444 0)
(-0.0399059 1.88153 0)
(-0.0327266 1.88581 0)
(-0.026403 1.88771 0)
(-0.0212151 1.87955 0)
(-0.0171682 1.79641 0)
(-0.0103923 1.43491 0)
(-0.00183158 0.573519 0)
(-0.000222374 0.435436 0)
(-0.00925481 1.18476 0)
(-0.0177704 1.60401 0)
(-0.0214466 1.75283 0)
(-0.0268177 1.7904 0)
(-0.0309572 1.79856 0)
(-0.0352262 1.80207 0)
(-0.0405962 1.80802 0)
(-0.04484 1.81568 0)
(-0.0494999 1.82698 0)
(-0.0501877 1.84217 0)
(-0.0459202 1.85616 0)
(-0.0395259 1.86513 0)
(-0.0327615 1.87118 0)
(-0.0270108 1.87513 0)
(-0.0216829 1.87708 0)
(-0.0171489 1.86837 0)
(-0.013438 1.78187 0)
(-0.00770346 1.41088 0)
(-0.000994548 0.555178 0)
(-2.01442e-05 0.449545 0)
(-0.00672772 1.21164 0)
(-0.0142499 1.62231 0)
(-0.0183754 1.7641 0)
(-0.0221504 1.79916 0)
(-0.0258384 1.80592 0)
(-0.029573 1.80907 0)
(-0.0339098 1.81445 0)
(-0.0369106 1.8208 0)
(-0.0399597 1.82986 0)
(-0.040084 1.84127 0)
(-0.0367767 1.85168 0)
(-0.0319463 1.85868 0)
(-0.0266795 1.86376 0)
(-0.0219605 1.86718 0)
(-0.0175639 1.86874 0)
(-0.0139488 1.85922 0)
(-0.0106319 1.76969 0)
(-0.00583822 1.3914 0)
(-0.000674512 0.542041 0)
(-0.000172947 0.46019 0)
(-0.00553479 1.23376 0)
(-0.0121927 1.63805 0)
(-0.0166268 1.773 0)
(-0.0186329 1.80511 0)
(-0.0217178 1.8103 0)
(-0.0243077 1.81316 0)
(-0.0279321 1.81779 0)
(-0.0303234 1.82347 0)
(-0.0324936 1.8312 0)
(-0.0323286 1.84021 0)
(-0.0296699 1.84826 0)
(-0.0258575 1.85382 0)
(-0.0216335 1.85799 0)
(-0.017869 1.86078 0)
(-0.014272 1.86183 0)
(-0.0115195 1.85154 0)
(-0.00855883 1.75953 0)
(-0.00458241 1.3757 0)
(-0.000537263 0.53202 0)
(-0.000230047 0.469257 0)
(-0.00464392 1.25238 0)
(-0.0104297 1.65193 0)
(-0.0149786 1.7803 0)
(-0.0157534 1.80934 0)
(-0.0186237 1.81353 0)
(-0.0199343 1.81608 0)
(-0.0228936 1.81975 0)
(-0.0246719 1.82477 0)
(-0.0263755 1.83151 0)
(-0.0261298 1.83899 0)
(-0.0239533 1.84539 0)
(-0.020893 1.8499 0)
(-0.0175518 1.85326 0)
(-0.0146062 1.85548 0)
(-0.011598 1.85611 0)
(-0.00946065 1.84514 0)
(-0.00684893 1.75117 0)
(-0.0036015 1.36312 0)
(-0.000420318 0.524127 0)
(-0.000150911 0.476713 0)
(-0.00356919 1.26797 0)
(-0.00842415 1.66466 0)
(-0.0128174 1.78697 0)
(-0.0129145 1.8129 0)
(-0.0158312 1.81666 0)
(-0.0163204 1.81899 0)
(-0.0188518 1.82195 0)
(-0.0199582 1.82612 0)
(-0.0212638 1.8317 0)
(-0.0209316 1.83783 0)
(-0.0192382 1.84295 0)
(-0.01683 1.84653 0)
(-0.0141663 1.84916 0)
(-0.0118461 1.85091 0)
(-0.00928684 1.85121 0)
(-0.00759064 1.83962 0)
(-0.00536133 1.74414 0)
(-0.00275658 1.35309 0)
(-0.000305433 0.517986 0)
(-8.12431e-05 0.482241 0)
(-0.00253058 1.28038 0)
(-0.00646053 1.67597 0)
(-0.0104444 1.79296 0)
(-0.0102769 1.81588 0)
(-0.0131497 1.81942 0)
(-0.0132791 1.82151 0)
(-0.0156235 1.82414 0)
(-0.016291 1.82759 0)
(-0.0172857 1.83214 0)
(-0.0168219 1.837 0)
(-0.0154428 1.841 0)
(-0.0135116 1.84382 0)
(-0.0113583 1.84591 0)
(-0.00950371 1.84727 0)
(-0.007348 1.84729 0)
(-0.00600113 1.83517 0)
(-0.00416958 1.73847 0)
(-0.00209093 1.34524 0)
(-0.000224377 0.513329 0)
(-7.11538e-05 0.486136 0)
(-0.00178451 1.28973 0)
(-0.00487152 1.68542 0)
(-0.00824741 1.79811 0)
(-0.00807257 1.81841 0)
(-0.0106684 1.82173 0)
(-0.0106803 1.82344 0)
(-0.0128321 1.82585 0)
(-0.013298 1.82873 0)
(-0.0140994 1.8325 0)
(-0.0135576 1.83636 0)
(-0.0124068 1.83948 0)
(-0.0108073 1.8417 0)
(-0.00903395 1.84333 0)
(-0.007538 1.84435 0)
(-0.00578593 1.84412 0)
(-0.00471002 1.83157 0)
(-0.00325382 1.73391 0)
(-0.00159645 1.33914 0)
(-0.000173141 0.509798 0)
(-8.05955e-05 0.488969 0)
(-0.00131379 1.29664 0)
(-0.00370288 1.69286 0)
(-0.00640121 1.80219 0)
(-0.00636756 1.82046 0)
(-0.00854118 1.82351 0)
(-0.00856304 1.82484 0)
(-0.0104034 1.82698 0)
(-0.010768 1.82937 0)
(-0.011431 1.83255 0)
(-0.0108993 1.83567 0)
(-0.00992256 1.8382 0)
(-0.00860106 1.83998 0)
(-0.00714858 1.84128 0)
(-0.00593618 1.84204 0)
(-0.00454488 1.84162 0)
(-0.00368179 1.82877 0)
(-0.00255578 1.73033 0)
(-0.00123223 1.3344 0)
(-0.000135414 0.507086 0)
(-7.31761e-05 0.491101 0)
(-0.000972087 1.30171 0)
(-0.00279062 1.69866 0)
(-0.00485177 1.80558 0)
(-0.00501032 1.82239 0)
(-0.00675409 1.82515 0)
(-0.00688326 1.82618 0)
(-0.00837469 1.82801 0)
(-0.00868658 1.82992 0)
(-0.00921278 1.83255 0)
(-0.00872752 1.83509 0)
(-0.00790598 1.83714 0)
(-0.0068111 1.83858 0)
(-0.00563923 1.8396 0)
(-0.00466583 1.84016 0)
(-0.00358125 1.83962 0)
(-0.00288249 1.82656 0)
(-0.0020203 1.72749 0)
(-0.000956074 1.33067 0)
(-0.000105431 0.504977 0)
(-5.74979e-05 0.49273 0)
(-0.000719852 1.3055 0)
(-0.0021002 1.70309 0)
(-0.00362326 1.80828 0)
(-0.00392355 1.82409 0)
(-0.00526681 1.82653 0)
(-0.00551152 1.82734 0)
(-0.00667863 1.82888 0)
(-0.0069653 1.8304 0)
(-0.00736976 1.83255 0)
(-0.0069535 1.83459 0)
(-0.00628286 1.83626 0)
(-0.00539586 1.83742 0)
(-0.00445391 1.83824 0)
(-0.00365824 1.83869 0)
(-0.00280901 1.83805 0)
(-0.00223445 1.82484 0)
(-0.00157589 1.72527 0)
(-0.000731549 1.32778 0)
(-7.82641e-05 0.503357 0)
(-4.38715e-05 0.493924 0)
(-0.000529304 1.30829 0)
(-0.00156814 1.70643 0)
(-0.00267403 1.81044 0)
(-0.00305083 1.8256 0)
(-0.00406166 1.82772 0)
(-0.00438478 1.82837 0)
(-0.00528088 1.82961 0)
(-0.00556666 1.83082 0)
(-0.00586429 1.83254 0)
(-0.00553132 1.83417 0)
(-0.00498667 1.83553 0)
(-0.00426081 1.83646 0)
(-0.00350333 1.83713 0)
(-0.00285881 1.83748 0)
(-0.00220122 1.83676 0)
(-0.00173511 1.82346 0)
(-0.00123096 1.72349 0)
(-0.000559776 1.3255 0)
(-5.74992e-05 0.502111 0)
(-3.18736e-05 0.494828 0)
(-0.000392569 1.31037 0)
(-0.00117289 1.7089 0)
(-0.00196423 1.81209 0)
(-0.00234672 1.82682 0)
(-0.00309281 1.82866 0)
(-0.00344252 1.82919 0)
(-0.00411841 1.83018 0)
(-0.00439397 1.83116 0)
(-0.00462924 1.83256 0)
(-0.00437296 1.83388 0)
(-0.00393494 1.83498 0)
(-0.00335671 1.83575 0)
(-0.00276519 1.83629 0)
(-0.00224894 1.83657 0)
(-0.00173734 1.8358 0)
(-0.00135704 1.82241 0)
(-0.000966107 1.72213 0)
(-0.00043163 1.32374 0)
(-4.33935e-05 0.501165 0)
(-2.47329e-05 0.495494 0)
(-0.000297873 1.31194 0)
(-0.000891462 1.71074 0)
(-0.00146824 1.81341 0)
(-0.00182491 1.82785 0)
(-0.00237932 1.82947 0)
(-0.00272257 1.8299 0)
(-0.00323868 1.83066 0)
(-0.00350036 1.83144 0)
(-0.00368532 1.83255 0)
(-0.00349168 1.83361 0)
(-0.00314185 1.83451 0)
(-0.0026757 1.83513 0)
(-0.00219665 1.83557 0)
(-0.00177279 1.8358 0)
(-0.0013663 1.83498 0)
(-0.00105327 1.82154 0)
(-0.000745908 1.72102 0)
(-0.000326692 1.32236 0)
(-3.12184e-05 0.500438 0)
(-1.76771e-05 0.496001 0)
(-0.000224268 1.31309 0)
(-0.000664416 1.7121 0)
(-0.00107732 1.81438 0)
(-0.00137723 1.82863 0)
(-0.00178252 1.83008 0)
(-0.00208259 1.83044 0)
(-0.00246638 1.83102 0)
(-0.00269503 1.83165 0)
(-0.00283231 1.83253 0)
(-0.00269785 1.83341 0)
(-0.00242622 1.83416 0)
(-0.00206245 1.83467 0)
(-0.00169286 1.83503 0)
(-0.00136368 1.83522 0)
(-0.00105108 1.83436 0)
(-0.000803683 1.82087 0)
(-0.000567391 1.72018 0)
(-0.000245048 1.32132 0)
(-2.14581e-05 0.499899 0)
(-1.06031e-05 0.496387 0)
(-0.00017034 1.31399 0)
(-0.000518358 1.71312 0)
(-0.000830796 1.81515 0)
(-0.00108324 1.82927 0)
(-0.00139447 1.8306 0)
(-0.00165962 1.8309 0)
(-0.00195489 1.83135 0)
(-0.00215619 1.83186 0)
(-0.00226632 1.83257 0)
(-0.0021709 1.83327 0)
(-0.00195605 1.83388 0)
(-0.00166766 1.8343 0)
(-0.00137611 1.83459 0)
(-0.00110538 1.83474 0)
(-0.000849821 1.83386 0)
(-0.000644127 1.82033 0)
(-0.000452764 1.71951 0)
(-0.0001918 1.3205 0)
(-1.55322e-05 0.499479 0)
(-8.42501e-06 0.496655 0)
(-0.000117312 1.31467 0)
(-0.000357804 1.71393 0)
(-0.000573532 1.81576 0)
(-0.000758824 1.82976 0)
(-0.000974316 1.831 0)
(-0.00117075 1.83124 0)
(-0.00138861 1.83159 0)
(-0.00155229 1.832 0)
(-0.00163923 1.83257 0)
(-0.00157474 1.83316 0)
(-0.0014154 1.83366 0)
(-0.00119859 1.83401 0)
(-0.000981456 1.83425 0)
(-0.000784785 1.83437 0)
(-0.000601641 1.83346 0)
(-0.000452181 1.8199 0)
(-0.00031533 1.71898 0)
(-0.000131836 1.31987 0)
(-9.72722e-06 0.499183 0)
(-6.43178e-06 0.496867 0)
(-0.000101711 1.3151 0)
(-0.000305705 1.71439 0)
(-0.000484759 1.81612 0)
(-0.000646118 1.83007 0)
(-0.000829144 1.83127 0)
(-0.00100553 1.83148 0)
(-0.00117483 1.83177 0)
(-0.00130081 1.83211 0)
(-0.00136526 1.83258 0)
(-0.00131532 1.83308 0)
(-0.00119306 1.8335 0)
(-0.0010261 1.83381 0)
(-0.000849594 1.83402 0)
(-0.000678255 1.83411 0)
(-0.000517566 1.83319 0)
(-0.000385262 1.81961 0)
(-0.000265784 1.71864 0)
(-0.0001082 1.31947 0)
(-6.75995e-06 0.498965 0)
(-3.38718e-06 0.497055 0)
(-6.24714e-05 1.31564 0)
(-0.000190325 1.71503 0)
(-0.000298818 1.81661 0)
(-0.000392879 1.83046 0)
(-0.000492997 1.83159 0)
(-0.000588853 1.83176 0)
(-0.000680977 1.83196 0)
(-0.000756068 1.83222 0)
(-0.000791348 1.8326 0)
(-0.000761446 1.833 0)
(-0.000688262 1.83335 0)
(-0.000589873 1.83359 0)
(-0.000493749 1.83376 0)
(-0.000401666 1.83382 0)
(-0.000312052 1.83286 0)
(-0.000234921 1.81926 0)
(-0.000163484 1.71821 0)
(-6.6891e-05 1.31897 0)
(-4.25039e-06 0.498766 0)
(-0.308052 1.76163 1.96484e-22)
(0.441138 3.30089 -2.07108e-19)
(0.107773 3.51724 3.20924e-19)
(0.226517 3.47195 0)
(0.197409 3.41137 0)
(0.190473 3.35549 -1.86496e-19)
(0.192727 3.32781 2.48951e-19)
(0.16383 3.27111 -2.61525e-19)
(0.137741 3.15609 5.34818e-21)
(0.135824 2.56921 4.26163e-19)
(-0.0985491 2.4636 6.56005e-23)
(0.164256 3.35519 1.85508e-19)
(0.0231185 3.46482 0)
(0.120948 3.40894 0)
(0.0962935 3.35928 5.54161e-21)
(0.101637 3.31474 4.24193e-19)
(0.0961144 3.27357 -2.60615e-19)
(0.0685123 3.23187 -5.12249e-21)
(0.0623089 3.06575 4.88199e-21)
(0.00480687 2.06712 0)
(-0.0251856 2.14163 -5.31072e-21)
(0.104484 3.17833 7.53808e-21)
(0.0449997 3.36886 0)
(0.0921781 3.34179 1.87693e-19)
(0.0704329 3.30896 -1.6488e-21)
(0.0703622 3.28336 -2.35687e-19)
(0.0579659 3.26696 -3.34402e-19)
(0.0412988 3.2414 -2.78736e-22)
(0.0467997 3.11104 5.09239e-21)
(-0.0152741 2.20275 0)
(-0.03756 2.06782 5.63204e-20)
(0.0364762 3.14667 0)
(-0.00466199 3.32403 -1.01263e-19)
(0.0344086 3.31234 -6.35622e-20)
(0.0259682 3.28946 8.91153e-21)
(0.0326092 3.26339 -1.73739e-19)
(0.0359215 3.24356 1.50568e-19)
(0.0276095 3.2307 -5.77844e-21)
(0.045916 3.12001 7.87438e-21)
(0.00908386 2.24468 2.04673e-19)
(-0.0426283 2.05551 -5.30134e-20)
(0.0226339 3.10516 0)
(8.40858e-05 3.27575 2.37075e-19)
(0.0235199 3.2656 -1.37631e-19)
(0.0196411 3.24991 -7.75787e-22)
(0.023687 3.23691 -7.90762e-21)
(0.0246305 3.23326 -1.52653e-20)
(0.0248517 3.22195 -2.11738e-19)
(0.0453312 3.12374 5.78291e-21)
(-0.00313153 2.30894 -4.32442e-19)
(-0.0523827 2.09365 0)
(-0.00479806 3.09422 -1.48051e-19)
(-0.0252322 3.24963 2.37915e-20)
(-0.00874234 3.2498 -1.05991e-20)
(-0.000828114 3.23409 1.09253e-20)
(0.0064337 3.22064 1.83927e-19)
(0.0194289 3.2093 1.95812e-19)
(0.0231945 3.20432 4.20832e-19)
(0.0431443 3.12301 2.36811e-19)
(0.0115149 2.35271 -1.60099e-20)
(-0.0470257 2.15675 0)
(-0.0162396 3.08822 1.52788e-19)
(-0.0163618 3.21677 -1.63096e-19)
(-0.00870951 3.21366 -1.19474e-20)
(0.00217936 3.20262 2.48609e-20)
(0.0100173 3.19512 3.94245e-22)
(0.0171794 3.19587 -1.36064e-20)
(0.0225628 3.19022 -2.22111e-19)
(0.043407 3.11989 -2.30772e-19)
(0.00361067 2.41887 -1.69429e-20)
(-0.0506078 2.22668 1.91063e-19)
(-0.0269692 3.08678 -8.84529e-21)
(-0.0313367 3.19587 6.1415e-21)
(-0.0225567 3.19689 0)
(-0.0120102 3.18628 0)
(-0.000668469 3.17886 0)
(0.0152354 3.17095 0)
(0.0219732 3.16927 2.57325e-19)
(0.0410618 3.11289 -2.66722e-19)
(0.0158319 2.46368 2.60466e-19)
(-0.0443083 2.31495 2.60179e-20)
(-0.0323012 3.08824 2.15715e-19)
(-0.0196559 3.17058 0)
(-0.0139266 3.16588 -1.43499e-20)
(-0.00334144 3.15775 1.46845e-20)
(0.00639767 3.15253 0)
(0.0145937 3.15467 -8.09523e-21)
(0.0203241 3.15205 -2.49698e-19)
(0.0405343 3.10772 2.67673e-19)
(0.0102778 2.53203 0)
(-0.0454152 2.39965 1.78129e-20)
(-0.0359627 3.08579 -3.33517e-19)
(-0.0299718 3.15038 0)
(-0.0221207 3.14728 0)
(-0.0133001 3.13938 1.61662e-20)
(-0.00241692 3.13401 -1.37874e-19)
(0.0120254 3.12824 -1.71246e-20)
(0.0197283 3.12924 1.47904e-19)
(0.0385697 3.09664 0)
(0.0195248 2.58104 0)
(-0.0383686 2.49662 -3.5431e-19)
(-0.0380559 3.08418 1.1979e-19)
(-0.0200662 3.12426 0)
(-0.0129098 3.11581 0)
(-0.00352637 3.10894 0)
(0.00565653 3.10589 2.86578e-19)
(0.0136895 3.10949 0)
(0.0193732 3.11052 -1.57872e-19)
(0.0378521 3.08969 9.83005e-21)
(0.0147343 2.6537 1.68289e-19)
(-0.0391384 2.58424 1.28266e-19)
(-0.0401514 3.07372 -1.2629e-20)
(-0.0297108 3.10128 1.52922e-19)
(-0.0210378 3.09501 1.49028e-19)
(-0.0119879 3.0886 0)
(-0.00060559 3.08445 -1.4847e-19)
(0.013259 3.08048 0)
(0.0217487 3.0842 0)
(0.0386427 3.07248 0)
(0.0222717 2.70607 -1.6907e-19)
(-0.0336198 2.68488 -1.40762e-19)
(-0.0429468 3.06496 1.4557e-19)
(-0.0228015 3.07211 -1.44239e-19)
(-0.0129295 3.06163 -2.29024e-19)
(-0.00299119 3.05651 0)
(0.007156 3.05481 2.06047e-20)
(0.0161981 3.05909 -1.05055e-20)
(0.0240061 3.06283 7.91414e-20)
(0.0415363 3.06094 9.81792e-20)
(0.0207307 2.78023 -1.01099e-19)
(-0.0356644 2.76675 1.44394e-19)
(-0.04673 3.04211 -1.39729e-19)
(-0.0334424 3.04528 1.00659e-20)
(-0.021287 3.04002 5.86926e-20)
(-0.0110185 3.03633 -8.54826e-20)
(0.000350992 3.03418 0)
(0.0144637 3.03147 9.20164e-20)
(0.0263266 3.03547 4.93555e-21)
(0.0447926 3.03689 -1.91108e-19)
(0.0287187 2.83257 -6.54388e-21)
(-0.0285543 2.86116 -4.2594e-20)
(-0.0440742 3.0243 1.03105e-20)
(-0.0221794 3.01814 -5.36469e-20)
(-0.0107512 3.01467 2.19162e-20)
(-0.00210848 3.01413 1.0433e-19)
(0.00642946 3.01354 -4.45506e-20)
(0.0139508 3.01473 -4.37338e-20)
(0.0227587 3.0169 -4.55789e-20)
(0.0417103 3.02139 9.87111e-20)
(0.0247006 2.90012 4.76943e-20)
(-0.0179414 2.93505 3.4223e-20)
(-0.0259845 2.99806 1.5167e-20)
(-0.0163984 3.00037 2.95756e-20)
(-0.0094585 3.00183 -6.04044e-20)
(-0.0040966 3.00266 2.05196e-20)
(0.000634943 3.0022 4.15566e-20)
(0.00580952 3.00061 -4.33406e-20)
(0.0111028 2.99897 -4.5476e-20)
(0.0218601 2.99751 6.22495e-21)
(0.0166412 2.94922 4.40568e-20)
)
;

boundaryField
{
    wall-4
    {
        type            noSlip;
    }
    pressure-outlet-7
    {
        type            zeroGradient;
    }
    velocity-inlet-6
    {
        type            fixedValue;
        value           uniform (0 3 0);
    }
    velocity-inlet-5
    {
        type            fixedValue;
        value           uniform (1 0 0);
    }
    frontAndBackPlanes
    {
        type            empty;
    }
}


// ************************************************************************* //
