/*--------------------------------*- C++ -*----------------------------------*\
| =========                 |                                                 |
| \\      /  F ield         | OpenFOAM: The Open Source CFD Toolbox           |
|  \\    /   O peration     | Version:  4.0                                   |
|   \\  /    A nd           | Web:      www.OpenFOAM.org                      |
|    \\/     M anipulation  |                                                 |
\*---------------------------------------------------------------------------*/
FoamFile
{
    version     2.0;
    format      ascii;
    class       volVectorField;
    location    "74";
    object      U;
}
// * * * * * * * * * * * * * * * * * * * * * * * * * * * * * * * * * * * * * //

dimensions      [0 1 -1 0 0 0 0];

internalField   nonuniform List<vector> 
2200
(
(0.878836 -0.0304115 0)
(1.00578 -0.051277 0)
(1.00326 -0.0353981 0)
(1.00021 -0.0244271 0)
(0.999827 -0.0166433 0)
(1.00003 -0.0107051 0)
(1.00001 -0.00681603 0)
(0.999913 -0.00414 0)
(0.999752 -0.0021091 0)
(1.00019 -0.000610649 0)
(0.999981 0.00127435 0)
(1.00023 0.00275376 0)
(1.0004 0.00453093 0)
(1.00025 0.00714702 0)
(1.00004 0.0108611 0)
(0.999963 0.0166836 0)
(1.0003 0.0243898 0)
(1.00346 0.034872 0)
(1.00598 0.0513842 0)
(0.87904 0.0302969 0)
(0.712039 -0.0327599 0)
(0.996651 -0.0630021 0)
(1.03335 -0.0561258 0)
(1.02499 -0.0464068 0)
(1.01595 -0.0361036 0)
(1.00965 -0.026375 0)
(1.00596 -0.0181303 0)
(1.00393 -0.0114771 0)
(1.00291 -0.00611822 0)
(1.00233 -0.0016905 0)
(1.00232 0.00245651 0)
(1.00225 0.006941 0)
(1.00319 0.012441 0)
(1.0055 0.0189495 0)
(1.00944 0.0272368 0)
(1.01553 0.0369714 0)
(1.02462 0.047467 0)
(1.03315 0.0580033 0)
(0.996694 0.0631477 0)
(0.711778 0.0330375 0)
(0.535579 -0.0238901 0)
(0.969941 -0.0569175 0)
(1.05643 -0.0547243 0)
(1.05218 -0.0487128 0)
(1.0362 -0.0403656 0)
(1.02447 -0.0321684 0)
(1.01588 -0.02388 0)
(1.01022 -0.0159372 0)
(1.00678 -0.00859322 0)
(1.00536 -0.0018315 0)
(1.00519 0.00436581 0)
(1.00714 0.010833 0)
(1.01051 0.0177208 0)
(1.01576 0.0254644 0)
(1.02402 0.0334663 0)
(1.03609 0.0414581 0)
(1.05217 0.0494533 0)
(1.05628 0.0532896 0)
(0.969171 0.0576716 0)
(0.534326 0.0239422 0)
(0.392451 -0.0136337 0)
(0.911954 -0.0463596 0)
(1.05757 -0.0468018 0)
(1.06972 -0.0442598 0)
(1.05498 -0.0381081 0)
(1.03938 -0.0314478 0)
(1.02764 -0.0246391 0)
(1.01931 -0.0174613 0)
(1.01416 -0.0100112 0)
(1.01163 -0.00252489 0)
(1.0113 0.00507435 0)
(1.01308 0.0126365 0)
(1.01798 0.0200374 0)
(1.02652 0.0267832 0)
(1.0385 0.033169 0)
(1.05396 0.0395934 0)
(1.06816 0.0456681 0)
(1.05543 0.0483223 0)
(0.909853 0.0470024 0)
(0.389844 0.0137832 0)
(0.307878 -0.0045096 0)
(0.846844 -0.032356 0)
(1.0494 -0.0398864 0)
(1.07943 -0.0381125 0)
(1.06822 -0.033422 0)
(1.05175 -0.0277701 0)
(1.03834 -0.0223437 0)
(1.02797 -0.0162021 0)
(1.02064 -0.00920727 0)
(1.01657 -0.00149042 0)
(1.01663 0.00625467 0)
(1.02061 0.0134514 0)
(1.02757 0.0197429 0)
(1.03731 0.025492 0)
(1.05015 0.0304509 0)
(1.0666 0.0357818 0)
(1.07765 0.0401066 0)
(1.04719 0.0418063 0)
(0.842838 0.0329979 0)
(0.303599 0.00474586 0)
(0.264552 0.000105403 0)
(0.789369 -0.0200411 0)
(1.03372 -0.0313979 0)
(1.08384 -0.0319408 0)
(1.07749 -0.0286536 0)
(1.06096 -0.0237893 0)
(1.04735 -0.0193144 0)
(1.03657 -0.0142859 0)
(1.02896 -0.00826728 0)
(1.02465 -0.00127388 0)
(1.02399 0.00619761 0)
(1.02721 0.0131069 0)
(1.03428 0.0188924 0)
(1.04492 0.0233387 0)
(1.05861 0.0272614 0)
(1.07484 0.0316308 0)
(1.08026 0.0343541 0)
(1.02908 0.0334257 0)
(0.782376 0.0207789 0)
(0.258531 0.00012979 0)
(0.240628 0.00107364 0)
(0.738707 -0.0122449 0)
(1.01386 -0.024909 0)
(1.0841 -0.0266437 0)
(1.08309 -0.0243018 0)
(1.06791 -0.0200835 0)
(1.05437 -0.0160133 0)
(1.04343 -0.0113654 0)
(1.03503 -0.00587788 0)
(1.02977 0.00058259 0)
(1.02955 0.00717661 0)
(1.034 0.0129104 0)
(1.0416 0.0174552 0)
(1.05172 0.0214597 0)
(1.0646 0.0248289 0)
(1.0793 0.0282867 0)
(1.07977 0.0298293 0)
(1.00729 0.0273328 0)
(0.728503 0.0131882 0)
(0.232794 -0.000826815 0)
(0.226453 0.000967971 0)
(0.696187 -0.00798739 0)
(0.993663 -0.020622 0)
(1.08268 -0.0229435 0)
(1.0872 -0.0210762 0)
(1.07362 -0.0175272 0)
(1.06009 -0.0137175 0)
(1.04945 -0.00949399 0)
(1.04157 -0.00459337 0)
(1.03679 0.00108635 0)
(1.03578 0.00723544 0)
(1.03882 0.0126047 0)
(1.04562 0.0170303 0)
(1.05568 0.0203149 0)
(1.06914 0.0232867 0)
(1.08182 0.0259726 0)
(1.07546 0.0269471 0)
(0.982957 0.0235596 0)
(0.681269 0.00917395 0)
(0.216269 -0.000704468 0)
(0.216905 0.000630118 0)
(0.66078 -0.00562456 0)
(0.973028 -0.0175076 0)
(1.07974 -0.0200464 0)
(1.09044 -0.0184181 0)
(1.07845 -0.0151894 0)
(1.06509 -0.0114584 0)
(1.0546 -0.00710106 0)
(1.04659 -0.00208503 0)
(1.04125 0.00337127 0)
(1.04041 0.0085116 0)
(1.04407 0.0130805 0)
(1.05073 0.0167066 0)
(1.06 0.0200347 0)
(1.07235 0.0226919 0)
(1.08317 0.0248417 0)
(1.07058 0.0252174 0)
(0.95868 0.0211623 0)
(0.640939 0.00713759 0)
(0.204058 -0.000324913 0)
(0.209925 0.000309949 0)
(0.63268 -0.00413706 0)
(0.954652 -0.014835 0)
(1.0771 -0.0176558 0)
(1.09386 -0.0162609 0)
(1.08327 -0.0132956 0)
(1.06977 -0.00964689 0)
(1.05921 -0.00561911 0)
(1.05129 -0.00110156 0)
(1.04621 0.00386243 0)
(1.04472 0.00928986 0)
(1.04703 0.0138432 0)
(1.05297 0.0175451 0)
(1.06237 0.0201583 0)
(1.07535 0.0225143 0)
(1.08414 0.0241546 0)
(1.0635 0.0241083 0)
(0.93376 0.01932 0)
(0.605762 0.00600771 0)
(0.193479 5.28202e-05 0)
(0.204134 9.26905e-05 0)
(0.609422 -0.00310145 0)
(0.936675 -0.0124228 0)
(1.07388 -0.0154248 0)
(1.09717 -0.0142289 0)
(1.08809 -0.0113931 0)
(1.07458 -0.00780317 0)
(1.06386 -0.00359234 0)
(1.05579 0.0013783 0)
(1.05043 0.00677023 0)
(1.04876 0.0113084 0)
(1.05121 0.0152351 0)
(1.05701 0.0182772 0)
(1.06574 0.0209913 0)
(1.0776 0.0229837 0)
(1.08429 0.0241758 0)
(1.05644 0.0233849 0)
(0.909521 0.0178435 0)
(0.57507 0.00538129 0)
(0.183665 0.000338647 0)
(0.199808 3.05616e-05 0)
(0.591761 -0.00218314 0)
(0.921764 -0.00999887 0)
(1.07129 -0.0130021 0)
(1.10071 -0.0118429 0)
(1.09296 -0.00904356 0)
(1.07929 -0.00534641 0)
(1.0683 -0.00138106 0)
(1.05984 0.00303358 0)
(1.05378 0.00756163 0)
(1.0514 0.0125876 0)
(1.05307 0.0167017 0)
(1.05841 0.0197651 0)
(1.06747 0.0217214 0)
(1.0799 0.0234792 0)
(1.08393 0.0243114 0)
(1.04722 0.0229148 0)
(0.884692 0.0166986 0)
(0.547064 0.00502615 0)
(0.174021 0.000508366 0)
(0.196339 4.17365e-05 0)
(0.577242 -0.00148784 0)
(0.907515 -0.00790669 0)
(1.06866 -0.0108092 0)
(1.10441 -0.00965218 0)
(1.09824 -0.00684394 0)
(1.08455 -0.00324656 0)
(1.0731 0.000845836 0)
(1.06414 0.00565594 0)
(1.05813 0.011197 0)
(1.05546 0.0157694 0)
(1.05676 0.0192113 0)
(1.06189 0.0215347 0)
(1.07035 0.0234338 0)
(1.08115 0.0245908 0)
(1.08305 0.0249439 0)
(1.03764 0.0229576 0)
(0.859946 0.0159553 0)
(0.521196 0.00490308 0)
(0.164541 0.000602721 0)
(0.194441 6.69751e-05 0)
(0.56716 -0.000676718 0)
(0.896483 -0.00569929 0)
(1.06662 -0.00826537 0)
(1.10825 -0.00690106 0)
(1.1034 -0.0039214 0)
(1.08956 1.46149e-07 0)
(1.07787 0.00417486 0)
(1.06858 0.00880632 0)
(1.0612 0.0133006 0)
(1.05737 0.0178942 0)
(1.05802 0.0213322 0)
(1.06264 0.0236605 0)
(1.07137 0.0249054 0)
(1.08232 0.0258877 0)
(1.08089 0.0257016 0)
(1.0255 0.0231354 0)
(0.834176 0.0154872 0)
(0.496245 0.0048535 0)
(0.155004 0.000634061 0)
(0.193817 0.000109766 0)
(0.560117 -0.00011321 0)
(0.886972 -0.00352051 0)
(1.0654 -0.00559731 0)
(1.11247 -0.00402516 0)
(1.10912 -0.000878203 0)
(1.09538 0.00298047 0)
(1.08305 0.00723947 0)
(1.07276 0.0120666 0)
(1.06516 0.0175076 0)
(1.06121 0.0221793 0)
(1.06122 0.0251628 0)
(1.06561 0.0267163 0)
(1.07366 0.0277187 0)
(1.08189 0.027947 0)
(1.07791 0.0273173 0)
(1.01274 0.0239891 0)
(0.807933 0.0154575 0)
(0.471963 0.00495426 0)
(0.14546 0.000657768 0)
(0.194547 7.23704e-05 0)
(0.556334 0.000939277 0)
(0.880789 -0.00142508 0)
(1.06498 -0.00290479 0)
(1.11715 -0.00089081 0)
(1.11501 0.00257034 0)
(1.10106 0.00699313 0)
(1.08848 0.0116651 0)
(1.07807 0.0168076 0)
(1.06939 0.0217986 0)
(1.06327 0.025456 0)
(1.06213 0.0281805 0)
(1.06536 0.0297893 0)
(1.07326 0.0303305 0)
(1.08194 0.0304975 0)
(1.07315 0.0292866 0)
(0.99694 0.0250275 0)
(0.780049 0.0157693 0)
(0.44733 0.00514014 0)
(0.135597 0.000676363 0)
(0.196934 0.000338028 0)
(0.556943 0.00162223 0)
(0.876949 0.00110905 0)
(1.06631 0.000552128 0)
(1.12253 0.00292494 0)
(1.12155 0.00672358 0)
(1.10752 0.0112779 0)
(1.09417 0.0162596 0)
(1.08227 0.0214835 0)
(1.07202 0.0266699 0)
(1.06619 0.0314767 0)
(1.06471 0.0339347 0)
(1.06779 0.0345697 0)
(1.07479 0.0348434 0)
(1.07956 0.0340064 0)
(1.06721 0.0320492 0)
(0.980121 0.0268808 0)
(0.750945 0.0164766 0)
(0.422137 0.00545675 0)
(0.125372 0.000700537 0)
(0.201375 0.000691184 0)
(0.560104 0.00249021 0)
(0.877875 0.00368028 0)
(1.0692 0.00384935 0)
(1.12883 0.00703747 0)
(1.1288 0.0112961 0)
(1.11434 0.016626 0)
(1.10039 0.0221723 0)
(1.0882 0.0281516 0)
(1.07765 0.0338054 0)
(1.06909 0.0375241 0)
(1.06509 0.0389154 0)
(1.06606 0.0395658 0)
(1.07272 0.0390189 0)
(1.07824 0.0382474 0)
(1.05922 0.0355763 0)
(0.959296 0.0289681 0)
(0.719 0.0175622 0)
(0.395325 0.00586914 0)
(0.114443 0.00072221 0)
(0.208296 0.000910597 0)
(0.567903 0.00367894 0)
(0.882405 0.00623987 0)
(1.07459 0.0083123 0)
(1.13621 0.0119574 0)
(1.1371 0.0168852 0)
(1.12225 0.022636 0)
(1.10735 0.028815 0)
(1.09336 0.0349569 0)
(1.08014 0.0405648 0)
(1.07021 0.0443066 0)
(1.06653 0.046282 0)
(1.06791 0.0463675 0)
(1.07307 0.0456901 0)
(1.07338 0.0436495 0)
(1.04926 0.0397562 0)
(0.936772 0.0320372 0)
(0.68485 0.0190385 0)
(0.366845 0.0063732 0)
(0.102827 0.000740703 0)
(0.217008 0.00110494 0)
(0.57945 0.00497959 0)
(0.891302 0.00933657 0)
(1.08269 0.0128168 0)
(1.14497 0.0177684 0)
(1.14636 0.0234869 0)
(1.13056 0.0302524 0)
(1.11444 0.0371916 0)
(1.09933 0.0442835 0)
(1.08503 0.0504911 0)
(1.07365 0.054614 0)
(1.06662 0.0552151 0)
(1.06499 0.0543177 0)
(1.06893 0.0522698 0)
(1.07005 0.0501296 0)
(1.03673 0.0452293 0)
(0.908826 0.0353621 0)
(0.646058 0.0208291 0)
(0.335459 0.00689397 0)
(0.0902305 0.000746445 0)
(0.229898 0.00142663 0)
(0.598472 0.00691651 0)
(0.906784 0.0137695 0)
(1.09422 0.0191559 0)
(1.15569 0.0247408 0)
(1.15729 0.0315377 0)
(1.14063 0.0391584 0)
(1.12311 0.0470115 0)
(1.10579 0.0546607 0)
(1.08852 0.061005 0)
(1.07352 0.0643048 0)
(1.06617 0.0646078 0)
(1.0652 0.0638963 0)
(1.06782 0.0617792 0)
(1.06184 0.0581164 0)
(1.02073 0.0514162 0)
(0.877703 0.0398607 0)
(0.603686 0.0229705 0)
(0.301535 0.00744061 0)
(0.0768705 0.000749097 0)
(0.246021 0.00201465 0)
(0.62294 0.00871706 0)
(0.928951 0.0183852 0)
(1.11043 0.0260848 0)
(1.16885 0.033692 0)
(1.16987 0.0417915 0)
(1.15118 0.0508351 0)
(1.13143 0.059708 0)
(1.11173 0.068105 0)
(1.09215 0.0745334 0)
(1.07555 0.0776454 0)
(1.0657 0.0774612 0)
(1.06098 0.0749092 0)
(1.0611 0.0711328 0)
(1.05503 0.0668817 0)
(1.00149 0.0588336 0)
(0.839207 0.0442781 0)
(0.554486 0.0250498 0)
(0.263868 0.00779822 0)
(0.0625962 0.000715639 0)
(0.268487 0.00287929 0)
(0.656307 0.0126162 0)
(0.957921 0.0253019 0)
(1.13073 0.0359783 0)
(1.18478 0.0447697 0)
(1.18467 0.0548434 0)
(1.16396 0.0650159 0)
(1.14175 0.0748775 0)
(1.11884 0.083593 0)
(1.09558 0.089972 0)
(1.0754 0.09252 0)
(1.063 0.0907388 0)
(1.05906 0.0879482 0)
(1.05816 0.0840548 0)
(1.04229 0.0778637 0)
(0.976377 0.0671795 0)
(0.795365 0.0499632 0)
(0.500465 0.0273106 0)
(0.223742 0.0080218 0)
(0.0480386 0.000694874 0)
(0.300467 0.00380264 0)
(0.702961 0.0156766 0)
(0.9987 0.0334581 0)
(1.15832 0.0473708 0)
(1.20465 0.0590925 0)
(1.20191 0.0715521 0)
(1.17713 0.0837066 0)
(1.15107 0.0945528 0)
(1.12465 0.103573 0)
(1.0981 0.109019 0)
(1.07489 0.109558 0)
(1.06107 0.106819 0)
(1.05292 0.102568 0)
(1.04814 0.0964068 0)
(1.0301 0.089249 0)
(0.946806 0.0763964 0)
(0.741244 0.0548352 0)
(0.436804 0.0286763 0)
(0.180029 0.00776076 0)
(0.0331136 0.000591644 0)
(0.337528 0.007184 0)
(0.761328 0.0252743 0)
(1.04722 0.0471932 0)
(1.19102 0.0658588 0)
(1.22814 0.0793208 0)
(1.22077 0.0945382 0)
(1.19153 0.107376 0)
(1.16158 0.118263 0)
(1.13074 0.126234 0)
(1.09952 0.130272 0)
(1.07295 0.129932 0)
(1.05603 0.125458 0)
(1.04854 0.119294 0)
(1.04253 0.112816 0)
(1.01015 0.103027 0)
(0.907442 0.0859166 0)
(0.678994 0.0603864 0)
(0.369647 0.0298729 0)
(0.136624 0.0072922 0)
(0.0198316 0.000564728 0)
(0.418801 0.0110076 0)
(0.850425 0.0358902 0)
(1.11652 0.0685301 0)
(1.23287 0.091404 0)
(1.25629 0.107656 6.09418e-34)
(1.24212 0.125138 -2.75742e-34)
(1.20614 0.138317 0)
(1.17076 0.1482 0)
(1.1353 0.154655 0)
(1.10045 0.156366 0)
(1.07061 0.152376 0)
(1.05184 0.144928 0)
(1.04016 0.137664 0)
(1.02753 0.128229 0)
(0.988879 0.115996 0)
(0.861643 0.0954007 0)
(0.602876 0.0634859 0)
(0.288817 0.0283709 0)
(0.0886326 0.00654972 0)
(0.0058532 0.000696045 0)
(0.490959 0.0261227 4.40513e-20)
(0.952938 0.0611335 -3.34111e-20)
(1.18532 0.102725 0)
(1.27442 0.130313 2.6182e-20)
(1.28548 0.146892 -2.12304e-20)
(1.26147 0.166026 2.90937e-34)
(1.21878 0.176988 0)
(1.17861 0.184659 1.55945e-20)
(1.13793 0.188319 -5.12538e-20)
(1.09744 0.186589 1.04908e-20)
(1.06367 0.180067 0)
(1.04261 0.171502 -2.67686e-20)
(1.03104 0.161538 -3.2309e-20)
(1.01537 0.151288 5.66441e-20)
(0.949915 0.135083 -4.47378e-20)
(0.784723 0.105147 0)
(0.492061 0.0647052 -1.6057e-20)
(0.194816 0.0254682 0)
(0.0411944 0.00609845 -8.88974e-20)
(-0.00881971 0.000215992 1.04768e-19)
(0.527986 0.0545036 -5.84701e-21)
(1.02186 0.103718 9.74718e-20)
(1.24028 0.154945 -4.75703e-21)
(1.30991 0.179315 -6.28436e-20)
(1.31147 0.196737 -4.46988e-20)
(1.27878 0.213884 7.27068e-20)
(1.22968 0.222437 0)
(1.1836 0.227647 0)
(1.13754 0.228709 8.12347e-20)
(1.09321 0.224546 0)
(1.0566 0.215408 9.60573e-20)
(1.03196 0.203091 2.87234e-20)
(1.014 0.191612 6.56996e-22)
(0.983447 0.177167 -6.11685e-20)
(0.903848 0.153872 0)
(0.707619 0.117036 0)
(0.399509 0.0649856 -2.60626e-19)
(0.132195 0.0221428 6.55429e-19)
(0.00807738 0.00382649 -3.87398e-19)
(-0.0197068 -0.00153512 -4.56243e-19)
(0.535056 0.0791683 -5.05453e-20)
(1.05344 0.160331 1.99656e-20)
(1.27377 0.2141 1.14464e-20)
(1.33696 0.237894 1.08923e-19)
(1.33177 0.254926 1.47276e-20)
(1.29138 0.267821 -1.88649e-19)
(1.23669 0.272009 6.46113e-20)
(1.18574 0.273408 0)
(1.1345 0.270837 -1.71108e-19)
(1.08433 0.262681 1.52684e-19)
(1.04234 0.249465 -2.5905e-19)
(1.01486 0.234646 1.21464e-19)
(0.996369 0.221055 -7.88164e-20)
(0.965139 0.204646 1.77898e-19)
(0.864742 0.17732 0)
(0.650712 0.127694 -6.4579e-20)
(0.343416 0.0654609 0)
(0.103463 0.0202323 3.55916e-19)
(-0.00812199 0.00107466 -8.42755e-19)
(-0.0257801 -0.00358404 5.2744e-19)
(0.533566 0.108791 1.25272e-19)
(1.08203 0.220855 -5.64963e-20)
(1.30015 0.282452 -1.26017e-20)
(1.35543 0.304211 0)
(1.34478 0.317789 -8.07687e-20)
(1.29961 0.325109 9.98448e-20)
(1.2405 0.32457 -6.87678e-20)
(1.18443 0.321899 0)
(1.12842 0.315311 1.21427e-19)
(1.07471 0.303016 -1.0716e-19)
(1.03 0.285976 2.23285e-19)
(1.00056 0.268923 0)
(0.976851 0.252771 -1.67097e-19)
(0.933443 0.231531 9.43074e-20)
(0.829987 0.195137 2.36552e-19)
(0.610157 0.138421 -2.08028e-19)
(0.314532 0.0695958 3.27478e-19)
(0.0940991 0.0209942 -7.24428e-19)
(-0.0166246 -0.00157241 4.58524e-19)
(-0.0305826 -0.0059235 -5.73254e-19)
(0.516438 0.133313 -3.32252e-20)
(1.08072 0.271383 2.32704e-20)
(1.30812 0.345348 -4.20873e-20)
(1.36498 0.368985 8.85862e-20)
(1.3515 0.381587 -8.6294e-20)
(1.30243 0.383942 3.08707e-20)
(1.23944 0.378517 3.89442e-21)
(1.17973 0.371272 -1.35367e-19)
(1.11978 0.359858 -1.26522e-19)
(1.06127 0.342752 -2.29042e-19)
(1.0121 0.321721 -4.79683e-19)
(0.979302 0.300898 -1.48012e-19)
(0.955383 0.281212 2.27346e-21)
(0.915768 0.257634 -3.21226e-19)
(0.802701 0.219114 -4.65111e-21)
(0.583879 0.150373 3.01699e-19)
(0.306645 0.0756353 -8.98701e-20)
(0.0932138 0.0229134 -5.22741e-20)
(-0.0176598 -0.00432667 0)
(-0.032849 -0.00797161 1.21373e-18)
(0.502783 0.155829 0)
(1.08276 0.325525 1.68137e-21)
(1.31348 0.412021 -4.78819e-21)
(1.36764 0.43476 -1.3071e-20)
(1.35134 0.444983 8.16046e-20)
(1.30018 0.44256 -7.30076e-20)
(1.23482 0.432618 7.45561e-20)
(1.17191 0.420825 2.22511e-19)
(1.10859 0.405178 -7.03311e-20)
(1.04727 0.383728 1.13045e-19)
(0.995812 0.358157 2.5762e-19)
(0.96138 0.334319 3.22631e-19)
(0.933685 0.312402 -1.94152e-19)
(0.884232 0.284168 3.47522e-19)
(0.776454 0.236366 -2.7528e-19)
(0.565104 0.166201 0)
(0.302676 0.0840335 -6.8262e-19)
(0.0993833 0.0262996 9.21071e-19)
(-0.0120395 -0.00486217 6.86726e-20)
(-0.0315645 -0.00945265 -1.2825e-18)
(0.482981 0.174201 -5.24871e-21)
(1.06706 0.369602 -3.27787e-20)
(1.30763 0.470111 3.39562e-20)
(1.36494 0.49581 -5.87873e-20)
(1.34732 0.505858 6.95543e-20)
(1.29428 0.499443 -6.96013e-20)
(1.22662 0.485426 1.46297e-19)
(1.1614 0.469621 -6.57844e-20)
(1.0953 0.449343 -2.83289e-19)
(1.03016 0.423039 -2.10026e-23)
(0.975347 0.393417 -2.79775e-19)
(0.93782 0.366304 -3.47048e-19)
(0.908328 0.339641 2.14699e-19)
(0.86528 0.310081 -1.24798e-19)
(0.752792 0.262478 2.99606e-19)
(0.549082 0.181951 0)
(0.302178 0.0963391 -4.25279e-19)
(0.107937 0.0320388 6.28125e-19)
(-0.00364783 -0.00312756 1.1873e-18)
(-0.028237 -0.00998097 -1.39672e-18)
(0.471029 0.193516 -1.20617e-19)
(1.05972 0.418074 5.52652e-20)
(1.30224 0.530622 -1.45471e-20)
(1.35834 0.556427 5.97496e-20)
(1.33882 0.564793 1.23099e-20)
(1.28467 0.554672 -1.34901e-19)
(1.21564 0.537064 -8.55086e-20)
(1.14841 0.517101 -8.536e-20)
(1.0799 0.493066 -1.60405e-19)
(1.01266 0.462695 2.58475e-19)
(0.956096 0.428918 2.82183e-19)
(0.916971 0.398156 5.50563e-19)
(0.885093 0.370925 0)
(0.832997 0.337327 6.24922e-21)
(0.728322 0.280312 -8.23943e-19)
(0.535101 0.199748 1.93976e-19)
(0.302082 0.108584 9.24148e-19)
(0.116505 0.0393076 -2.727e-19)
(0.00568992 -6.73391e-05 5.65163e-19)
(-0.0240581 -0.00972657 -4.70906e-20)
(0.45628 0.208852 5.92945e-21)
(1.04132 0.456793 7.22869e-20)
(1.29033 0.583046 2.49883e-21)
(1.34881 0.611971 4.93593e-20)
(1.32843 0.620478 -1.21657e-19)
(1.27323 0.607127 1.32565e-19)
(1.20275 0.586205 8.8335e-20)
(1.13402 0.563042 2.53794e-19)
(1.06355 0.535048 3.20914e-19)
(0.993529 0.500419 -3.00021e-19)
(0.93354 0.463087 0)
(0.891159 0.429188 -2.09021e-19)
(0.858368 0.396467 2.3998e-19)
(0.813875 0.36179 3.03104e-19)
(0.706599 0.307074 -1.75587e-19)
(0.521933 0.216111 -4.25053e-19)
(0.302419 0.122004 -1.26395e-19)
(0.124438 0.0474928 -2.07389e-21)
(0.0147124 0.0039499 0)
(-0.0196243 -0.00890165 0)
(0.448389 0.226263 -9.73469e-20)
(1.03127 0.499682 0)
(1.27998 0.637225 1.85415e-20)
(1.33717 0.666837 -2.06556e-20)
(1.31539 0.673835 1.4162e-19)
(1.25948 0.657496 -3.52765e-20)
(1.18815 0.633777 8.97045e-20)
(1.11816 0.607075 -1.71146e-19)
(1.04588 0.5759 2.43395e-19)
(0.973605 0.537914 -1.00157e-19)
(0.911588 0.496365 1.622e-19)
(0.868805 0.458253 6.64427e-19)
(0.835255 0.425416 1.41619e-20)
(0.782112 0.387421 -3.17001e-19)
(0.683754 0.322768 5.85775e-19)
(0.507725 0.234213 2.93084e-21)
(0.299891 0.134386 1.35226e-19)
(0.130089 0.0559447 -6.44436e-19)
(0.0223121 0.00828488 6.63905e-19)
(-0.0155119 -0.00776087 -7.82123e-19)
(0.439877 0.241154 3.32118e-23)
(1.01502 0.5344 0)
(1.26559 0.683753 0)
(1.32397 0.716715 6.33857e-21)
(1.30165 0.723892 -3.95923e-20)
(1.24511 0.704934 6.0462e-20)
(1.17289 0.678453 -1.64509e-19)
(1.10179 0.649238 0)
(1.02754 0.615026 -3.59474e-19)
(0.952735 0.573504 4.35743e-19)
(0.88853 0.528879 4.65248e-19)
(0.842754 0.487762 -2.44029e-19)
(0.807485 0.449019 -2.96142e-19)
(0.763403 0.408605 6.94797e-19)
(0.662162 0.348079 -2.08631e-19)
(0.493168 0.248897 -2.47938e-19)
(0.296671 0.146896 -1.48048e-19)
(0.133599 0.0639779 -6.97199e-19)
(0.0281731 0.0124576 1.02179e-19)
(-0.0119881 -0.00654174 8.47847e-19)
(0.433983 0.257267 -4.60622e-20)
(1.00479 0.572436 -6.27728e-20)
(1.25315 0.731734 2.40161e-20)
(1.30981 0.765824 -1.993e-22)
(1.28652 0.771554 -4.82255e-20)
(1.22949 0.75014 9.2647e-20)
(1.15663 0.721507 0)
(1.08445 0.689475 1.04424e-19)
(1.00885 0.65271 -8.2339e-20)
(0.932839 0.60853 7.28819e-19)
(0.866691 0.55986 -1.04309e-19)
(0.819731 0.514128 1.21041e-19)
(0.784706 0.475873 0)
(0.731933 0.431998 -3.76431e-19)
(0.639049 0.360121 4.55887e-19)
(0.477395 0.265061 0)
(0.290363 0.156899 -3.18621e-19)
(0.134464 0.0709999 9.38138e-19)
(0.0320832 0.016044 1.11527e-19)
(-0.00918207 -0.00541459 -1.04618e-18)
(0.428865 0.274476 -1.13139e-19)
(0.990769 0.603736 1.4235e-19)
(1.23802 0.7725 0)
(1.29502 0.809967 3.38954e-20)
(1.27138 0.816027 0)
(1.21389 0.792631 -1.25018e-19)
(1.14045 0.761745 0)
(1.06759 0.7277 0)
(0.990683 0.688712 -1.10622e-19)
(0.912315 0.641929 -6.93168e-19)
(0.842845 0.590469 -8.61346e-19)
(0.793354 0.542287 1.42235e-19)
(0.756062 0.497249 5.144e-19)
(0.712783 0.449138 4.1519e-19)
(0.616598 0.382468 -1.46409e-18)
(0.461019 0.275403 -5.83186e-19)
(0.28299 0.166289 3.42259e-19)
(0.133641 0.0766899 0)
(0.0344316 0.0190349 9.59483e-19)
(-0.00703416 -0.00445626 -1.12905e-18)
(0.426294 0.290147 1.32519e-19)
(0.982117 0.638151 -1.6326e-19)
(1.22497 0.814946 0)
(1.28002 0.853421 -1.15578e-20)
(1.25563 0.858192 -8.03969e-21)
(1.19781 0.832831 0)
(1.12402 0.800307 5.12547e-20)
(1.05051 0.764133 7.35977e-20)
(0.972526 0.723218 -2.07109e-19)
(0.892536 0.674346 9.15571e-20)
(0.820837 0.619273 0)
(0.770025 0.566422 5.90517e-19)
(0.73307 0.521292 6.70156e-21)
(0.680545 0.469537 2.2425e-19)
(0.593183 0.388658 2.65418e-19)
(0.444837 0.287026 0)
(0.27461 0.172306 -5.56557e-19)
(0.131493 0.081104 1.09336e-18)
(0.0356255 0.0211919 -1.16193e-18)
(-0.00545966 -0.00369276 2.434e-18)
(0.423999 0.30496 0)
(0.970079 0.666158 0)
(1.21012 0.850603 -8.1122e-20)
(1.26501 0.89208 0)
(1.24034 0.897354 0)
(1.18221 0.870596 -9.79349e-20)
(1.10819 0.836313 5.2411e-20)
(1.03427 0.798534 1.79913e-20)
(0.954949 0.756047 -4.69994e-20)
(0.87231 0.705333 0)
(0.7972 0.648321 -1.3215e-19)
(0.743387 0.59328 -4.81732e-19)
(0.702843 0.539942 -5.80895e-19)
(0.660505 0.481371 -2.33752e-19)
(0.57036 0.406352 2.87565e-19)
(0.427745 0.29159 -6.76901e-19)
(0.265587 0.177631 1.19403e-18)
(0.128264 0.0837202 1.42303e-21)
(0.036099 0.0236465 -1.11101e-18)
(-0.0040147 -0.00236589 -1.6424e-19)
(0.422614 0.31875 0)
(0.962307 0.697082 -1.3093e-19)
(1.19748 0.888072 9.77477e-20)
(1.25026 0.930323 0)
(1.22495 0.934431 0)
(1.16666 0.906081 1.93621e-19)
(1.0925 0.870574 0)
(1.01798 0.831279 0)
(0.937491 0.787392 -4.56283e-19)
(0.853354 0.73525 1.28285e-19)
(0.775992 0.675234 -1.1733e-18)
(0.719591 0.615785 0)
(0.679109 0.561678 -6.34271e-19)
(0.626453 0.498288 9.5056e-21)
(0.545948 0.404618 -9.28021e-19)
(0.412234 0.295803 3.63769e-19)
(0.259001 0.176208 1.17714e-21)
(0.127725 0.0828426 -1.25708e-18)
(0.0369747 0.0211583 5.96644e-19)
(-0.00585403 -0.00526966 1.75719e-19)
(0.420959 0.332279 0)
(0.951683 0.72227 -1.75046e-19)
(1.18358 0.919099 1.02515e-19)
(1.23585 0.963994 1.4817e-19)
(1.2103 0.968721 -3.06198e-21)
(1.15178 0.939428 1.90513e-20)
(1.07748 0.902613 -2.86639e-20)
(1.0026 0.862046 4.2788e-19)
(0.920929 0.817087 4.88094e-19)
(0.834315 0.763858 9.7636e-19)
(0.753099 0.702853 9.74852e-19)
(0.692633 0.641871 1.72019e-19)
(0.646748 0.578451 9.11813e-19)
(0.604029 0.504874 5.63606e-19)
(0.521055 0.415869 6.65653e-19)
(0.396653 0.290164 -3.97746e-19)
(0.254477 0.170444 -4.53921e-19)
(0.135039 0.0838586 5.42322e-19)
(0.0486414 0.0338754 -3.20829e-19)
(0.00362232 0.00631993 5.70034e-19)
(0.419801 0.34529 2.43072e-19)
(0.944832 0.750342 2.74548e-19)
(1.17185 0.952222 5.81984e-20)
(1.2219 0.997591 1.5226e-20)
(1.19576 1.0012 -2.48568e-20)
(1.13714 0.970569 -5.31273e-20)
(1.06281 0.932841 2.72267e-20)
(0.987455 0.891289 -1.84249e-20)
(0.904767 0.845438 -5.70202e-19)
(0.81673 0.791415 -1.06029e-18)
(0.733095 0.728405 6.77242e-20)
(0.668783 0.663262 0)
(0.621795 0.599096 0)
(0.565765 0.520013 -2.94651e-19)
(0.491663 0.404213 -1.09389e-18)
(0.379121 0.281186 8.56947e-19)
(0.257145 0.153766 4.9996e-19)
(0.151957 0.0590536 0)
(0.0676732 5.31157e-05 1.02708e-18)
(-0.00333619 -0.0221928 -6.07206e-19)
(0.418356 0.357995 -1.29053e-19)
(0.935563 0.772992 1.13442e-19)
(1.15904 0.979214 -1.3851e-19)
(1.20842 1.02683 -1.18672e-19)
(1.18207 1.03109 -2.45103e-20)
(1.12327 0.999858 -1.68628e-20)
(1.04889 0.961214 0)
(0.973316 0.918717 -5.38966e-19)
(0.889701 0.872198 6.82632e-20)
(0.799348 0.817677 0)
(0.711729 0.754774 0)
(0.642207 0.689299 1.10722e-19)
(0.586762 0.615681 1.48585e-19)
(0.538496 0.523191 -3.19256e-19)
(0.459948 0.411409 7.84699e-19)
(0.355042 0.259418 -9.34597e-19)
(0.246938 0.127865 -1.0755e-18)
(0.181397 0.052576 9.5334e-19)
(0.14435 0.060217 -3.64905e-19)
(0.107526 0.0720746 2.12282e-19)
(0.417354 0.369864 1.5889e-19)
(0.929577 0.798313 0)
(1.14826 1.00859 0)
(1.19546 1.05635 -3.35984e-20)
(1.16857 1.05947 2.71974e-20)
(1.10976 1.02706 -1.93431e-20)
(1.0355 0.987745 1.27389e-19)
(0.95966 0.944724 5.5178e-19)
(0.875172 0.897743 1.03662e-18)
(0.783473 0.842935 -8.05786e-20)
(0.693409 0.779197 1.67277e-19)
(0.619201 0.710474 -9.94453e-19)
(0.561253 0.637104 -9.94401e-19)
(0.493672 0.540573 -1.72086e-19)
(0.414996 0.392016 0)
(0.323557 0.244226 -3.47423e-21)
(0.234035 0.0515862 5.94851e-19)
(0.234894 -0.0545049 -9.96978e-19)
(0.203769 -0.119926 7.57208e-19)
(0.0887891 -0.102784 6.26458e-19)
(0.415886 0.381512 -3.49811e-19)
(0.921212 0.818362 -1.568e-19)
(1.13636 1.03208 6.84054e-21)
(1.18289 1.08186 6.41461e-20)
(1.15584 1.08574 0)
(1.0969 1.05307 -3.73996e-20)
(1.02264 1.01325 -1.86036e-19)
(0.946636 0.969657 -2.14142e-21)
(0.861335 0.92243 -5.43218e-19)
(0.767376 0.86766 -7.92595e-20)
(0.673314 0.805154 7.36213e-20)
(0.593218 0.738279 8.73963e-19)
(0.522616 0.656653 9.696e-19)
(0.459165 0.543497 1.68504e-19)
(0.373432 0.406271 8.56766e-19)
(0.264751 0.207026 0)
(0.139503 0.0259263 0)
(-0.0186355 0.161802 6.78397e-19)
(-0.0785541 0.628725 -2.60978e-20)
(0.0106831 1.54852 -8.45521e-19)
(0.414975 0.392366 1.92598e-19)
(0.91588 0.841322 4.44255e-19)
(1.12635 1.05858 -6.17239e-19)
(1.17073 1.10841 3.17049e-19)
(1.14312 1.11131 -1.27051e-20)
(1.08415 1.07778 1.31973e-20)
(1.01003 1.03769 0)
(0.933776 0.994198 -4.59589e-19)
(0.847583 0.947219 0)
(0.752306 0.892981 1.11341e-18)
(0.655675 0.831015 -9.0711e-20)
(0.570068 0.762372 1.01718e-19)
(0.496435 0.684133 1.12217e-18)
(0.403525 0.574794 -3.6607e-19)
(0.28574 0.386215 -4.34259e-19)
(0.175992 0.253505 0)
(0.0698504 0.440887 0)
(0.0234959 1.37385 0)
(0.0708648 2.47811 -3.84651e-19)
(0.0960702 2.9179 -2.38077e-19)
(0.413272 0.402779 0)
(0.908148 0.858944 0)
(1.11521 1.07912 2.24342e-19)
(1.159 1.131 -2.58382e-19)
(1.13124 1.13497 1.22623e-19)
(1.07211 1.10164 -3.25008e-21)
(0.997961 1.06159 2.47288e-20)
(0.921496 1.01803 -1.92529e-20)
(0.834593 0.97144 7.76305e-20)
(0.737153 0.91813 -1.27798e-18)
(0.63626 0.858605 1.6416e-19)
(0.544586 0.794933 8.83991e-19)
(0.453473 0.711869 -1.11737e-18)
(0.363678 0.579633 -1.2367e-18)
(0.260538 0.441282 4.14683e-19)
(0.175412 0.597888 0)
(0.109663 1.60237 5.58492e-19)
(0.115595 2.70472 5.97796e-19)
(0.122945 3.09171 -6.67497e-19)
(0.11593 3.22398 7.07853e-19)
(0.412163 0.412933 0)
(0.903382 0.879625 3.8617e-19)
(1.10601 1.10307 -5.61588e-20)
(1.14777 1.15495 3.54243e-19)
(1.11942 1.15807 -1.28713e-19)
(1.06026 1.12414 0)
(0.98626 1.08411 0)
(0.909621 1.04118 0)
(0.821959 0.995532 4.33501e-19)
(0.723507 0.943668 5.86571e-20)
(0.62046 0.886065 0)
(0.523268 0.821951 -8.7831e-19)
(0.433896 0.745307 0)
(0.305675 0.62296 8.84452e-19)
(0.196134 0.668561 -6.01667e-19)
(0.140097 1.46996 -4.80333e-19)
(0.145625 2.69095 -1.09505e-18)
(0.169555 3.12584 -5.7417e-19)
(0.160223 3.26444 -7.67218e-19)
(0.147697 3.30459 5.47784e-19)
(0.41042 0.422058 -1.34026e-19)
(0.896147 0.894825 1.45077e-20)
(1.09561 1.12083 -6.21008e-20)
(1.13698 1.17484 -2.75046e-19)
(1.10848 1.17932 0)
(1.04919 1.14598 0)
(0.975125 1.10641 0)
(0.898281 1.06379 3.2741e-20)
(0.81013 1.01905 -5.48448e-19)
(0.709829 0.968915 0)
(0.602819 0.914705 0)
(0.501643 0.858014 0)
(0.387845 0.77402 0)
(0.308637 0.716083 6.52932e-19)
(0.261752 1.12793 1.59609e-18)
(0.233775 2.40858 4.65841e-19)
(0.252538 3.08076 9.28303e-19)
(0.247014 3.27664 -7.10706e-19)
(0.199278 3.34185 2.58532e-19)
(0.168002 3.35528 0)
(0.409186 0.431058 1.37533e-19)
(0.891779 0.913974 -8.52655e-19)
(1.08703 1.1432 -2.30422e-19)
(1.12643 1.19712 -5.13068e-20)
(1.09734 1.2008 2.97741e-20)
(1.03804 1.16699 -1.2323e-19)
(0.964166 1.12761 4.83898e-23)
(0.887311 1.08602 -3.56305e-19)
(0.798617 1.04276 0)
(0.69777 0.994862 -7.5782e-20)
(0.589763 0.943905 6.89414e-20)
(0.483915 0.886412 0)
(0.385229 0.817699 0)
(0.319986 0.91186 -8.18575e-19)
(0.262526 1.85116 1.04471e-19)
(0.259382 2.9455 -3.512e-19)
(0.285411 3.27912 7.3451e-19)
(0.256342 3.37727 5.224e-19)
(0.192567 3.40202 -7.04532e-19)
(0.168363 3.41248 3.46538e-19)
(0.407006 0.440318 2.68858e-19)
(0.883928 0.928402 8.28215e-19)
(1.07614 1.16014 2.77478e-19)
(1.11544 1.21645 0)
(1.08631 1.2218 0)
(1.02696 1.18879 9.53737e-20)
(0.953135 1.15008 4.89809e-20)
(0.876225 1.1089 3.17037e-19)
(0.787412 1.06673 2.11622e-20)
(0.685289 1.02103 9.64418e-19)
(0.574381 0.973751 -1.1551e-18)
(0.461176 0.919986 0)
(0.380076 0.893265 0)
(0.332414 1.29476 -5.59825e-19)
(0.325302 2.49939 -6.70416e-19)
(0.371445 3.19207 0)
(0.396906 3.35871 -7.42525e-19)
(0.325824 3.42183 5.16314e-20)
(0.258148 3.4679 3.38173e-19)
(0.236255 3.49349 -1.09201e-19)
(0.405148 0.449894 -5.10579e-19)
(0.878984 0.949605 -3.96974e-19)
(1.06651 1.18494 0)
(1.10368 1.24065 0)
(1.07398 1.24475 0)
(1.01479 1.21092 0)
(0.94143 1.17217 -5.98694e-20)
(0.864904 1.13206 2.76019e-19)
(0.775949 1.09154 0)
(0.674079 1.04841 -8.77577e-19)
(0.56392 1.00502 2.07475e-18)
(0.453141 0.959878 8.52995e-20)
(0.39739 1.01925 1.15519e-19)
(0.383455 1.73651 9.12214e-19)
(0.393471 2.90146 -4.90638e-19)
(0.434685 3.31016 0)
(0.417485 3.43095 2.093e-19)
(0.331557 3.52051 9.08946e-20)
(0.258684 3.58525 1.48348e-19)
(0.183114 3.56467 -1.68314e-20)
(0.402073 0.460019 2.42451e-19)
(0.869126 0.964895 -4.02735e-19)
(1.05355 1.20278 0)
(1.09097 1.26119 -7.49737e-20)
(1.06144 1.26727 2.59258e-19)
(1.00241 1.23429 0)
(0.929346 1.19621 0)
(0.853039 1.15629 -4.78738e-19)
(0.764503 1.11667 -5.5855e-20)
(0.662278 1.07578 8.62647e-19)
(0.548299 1.03523 -9.8584e-19)
(0.452248 1.00907 5.82872e-19)
(0.411195 1.20554 0)
(0.418965 2.18491 -4.8416e-19)
(0.46056 3.14038 3.1706e-19)
(0.526521 3.41111 1.99506e-19)
(0.517081 3.50639 0)
(0.454768 3.58961 -3.63628e-20)
(0.386444 3.62866 -4.07987e-19)
(0.30619 3.60117 -9.64359e-20)
(0.399295 0.470321 -4.80592e-19)
(0.863088 0.989086 5.76064e-19)
(1.0423 1.23106 4.00983e-19)
(1.07737 1.28809 -9.99315e-20)
(1.04728 1.29221 -3.95026e-19)
(0.988646 1.2579 0)
(0.916429 1.21935 2.46259e-20)
(0.841026 1.18045 1.72271e-19)
(0.752869 1.1425 2.87219e-20)
(0.651862 1.10411 -7.45202e-19)
(0.538719 1.06911 -5.19729e-20)
(0.457699 1.07151 -6.55624e-19)
(0.449417 1.44634 7.25414e-19)
(0.491289 2.55045 1.59818e-19)
(0.557506 3.29908 -2.81846e-19)
(0.610718 3.46159 1.50007e-19)
(0.568862 3.51273 0)
(0.512055 3.51725 0)
(0.419955 3.47978 -6.7846e-19)
(0.193549 3.27005 1.25225e-18)
(0.394729 0.480997 2.29794e-19)
(0.850598 1.00525 5.65361e-19)
(1.02686 1.2497 -4.08234e-19)
(1.06272 1.30977 3.6358e-19)
(1.03306 1.31615 4.09786e-19)
(0.97489 1.28273 0)
(0.903344 1.24485 -1.76178e-20)
(0.828506 1.20583 1.3656e-19)
(0.74144 1.1684 0)
(0.641201 1.13187 0)
(0.531233 1.1032 0)
(0.465113 1.1494 0)
(0.487522 1.68479 -8.18972e-19)
(0.549799 2.85837 -2.14263e-19)
(0.626674 3.38406 0)
(0.669377 3.47378 -2.79878e-20)
(0.667054 3.47941 0)
(0.744098 3.32059 1.39305e-19)
(0.838931 2.95046 -1.76245e-18)
(0.447019 2.56728 1.84943e-18)
(0.390872 0.491104 -4.64319e-19)
(0.842961 1.03264 -3.62079e-19)
(1.01363 1.28195 -2.69468e-19)
(1.04697 1.33974 -3.39999e-19)
(1.01682 1.34326 -1.99061e-19)
(0.959395 1.30787 0)
(0.889174 1.269 1.0724e-21)
(0.815873 1.23086 -3.90296e-20)
(0.729827 1.19501 -2.20223e-19)
(0.632074 1.16077 0)
(0.528078 1.14057 5.19693e-20)
(0.481476 1.24537 -5.90786e-20)
(0.536642 1.94723 0)
(0.62528 3.0776 2.78937e-19)
(0.717473 3.42506 0)
(0.748205 3.46023 -9.75235e-20)
(0.749134 3.37038 2.70069e-19)
(0.743635 2.98871 -1.37379e-19)
(0.497288 1.97868 2.71295e-19)
(-0.339748 0.491093 -6.58368e-19)
(0.383302 0.501897 -1.26532e-20)
(0.826778 1.04941 -1.83945e-19)
(0.994907 1.30131 3.71446e-19)
(1.02974 1.36281 -2.00111e-20)
(1.00033 1.36919 -6.22185e-20)
(0.943755 1.33496 0)
(0.874612 1.29701 7.86559e-20)
(0.80222 1.25861 -6.56755e-20)
(0.718025 1.22306 3.94946e-19)
(0.619247 1.19015 -5.01412e-19)
(0.52795 1.18121 -6.09323e-19)
(0.50436 1.36308 0)
(0.588843 2.25214 4.12383e-19)
(0.688958 3.20929 -5.87487e-20)
(0.76396 3.405 2.64374e-20)
(0.768971 3.39507 0)
(0.699816 3.16401 -1.42558e-19)
(0.529746 2.39014 1.51036e-19)
(0.101047 0.621255 -1.79178e-19)
(-0.246598 -0.390714 -1.65236e-19)
(0.378022 0.51191 4.33916e-19)
(0.816742 1.07999 -1.79653e-19)
(0.978832 1.33825 2.59947e-19)
(1.01108 1.39684 2.009e-19)
(0.98124 1.39951 1.24432e-19)
(0.925788 1.3628 2.40549e-19)
(0.85852 1.32346 -1.70587e-19)
(0.788414 1.2861 1.30885e-21)
(0.705864 1.25242 -2.85934e-19)
(0.60986 1.22292 3.35017e-20)
(0.531673 1.22887 9.84067e-20)
(0.533856 1.51167 -4.04437e-19)
(0.642455 2.51641 1.10927e-19)
(0.751677 3.28178 -2.20057e-19)
(0.814399 3.38031 3.98863e-20)
(0.790501 3.29929 7.64072e-20)
(0.660919 2.85273 -2.02816e-19)
(0.404684 1.6204 1.32691e-19)
(0.0591753 0.0493664 0)
(-0.0792958 -0.157591 -2.88754e-19)
(0.365988 0.520186 0)
(0.795541 1.09621 -6.79079e-19)
(0.955941 1.35777 2.35161e-20)
(0.990644 1.42118 -3.3188e-19)
(0.961931 1.42759 0)
(0.907915 1.39252 -1.77828e-19)
(0.842274 1.35457 1.67357e-19)
(0.773529 1.31694 -1.22442e-21)
(0.693835 1.28343 1.98475e-19)
(0.600777 1.25662 3.5867e-19)
(0.534392 1.28248 4.69682e-19)
(0.56635 1.66902 4.93123e-20)
(0.697202 2.76218 -3.02665e-19)
(0.801687 3.31012 1.29523e-20)
(0.83734 3.33695 9.61608e-21)
(0.758106 3.12022 7.28101e-20)
(0.525682 2.30994 8.66428e-20)
(0.11687 0.441085 -1.02684e-19)
(-0.137544 -0.243864 0)
(-0.114608 -0.20568 0)
(0.357746 0.5312 -4.15741e-19)
(0.781507 1.12948 6.71624e-19)
(0.9362 1.39911 0)
(0.968508 1.45925 0)
(0.939458 1.46097 0)
(0.887177 1.42291 0)
(0.824117 1.38309 -8.66172e-20)
(0.758565 1.34655 -1.63955e-20)
(0.681404 1.31518 -3.60245e-20)
(0.595065 1.29265 3.76893e-20)
(0.542014 1.34629 -3.86659e-19)
(0.60295 1.85264 2.85347e-19)
(0.750021 2.94588 0)
(0.842956 3.30952 3.67688e-20)
(0.860099 3.27523 5.57496e-20)
(0.722025 2.85532 -2.12581e-20)
(0.391856 1.67797 1.02889e-19)
(0.0173991 -0.0386519 5.9037e-20)
(-0.157933 -0.200694 -2.4032e-19)
(-0.0571049 -0.137479 -2.80854e-19)
(0.341237 0.53316 2.10446e-19)
(0.754449 1.14118 3.14001e-19)
(0.90848 1.41737 -9.37972e-21)
(0.9442 1.48398 1.73281e-19)
(0.916706 1.49053 0)
(0.866783 1.45471 3.29406e-19)
(0.805977 1.41678 -6.88377e-20)
(0.742343 1.37991 1.99093e-20)
(0.667932 1.34825 -3.59758e-20)
(0.587987 1.33019 2.70528e-20)
(0.551174 1.41695 2.61261e-19)
(0.643612 2.05936 -1.30203e-19)
(0.797512 3.06715 -1.13811e-19)
(0.875596 3.30059 1.32338e-21)
(0.858875 3.17194 -2.90748e-20)
(0.622813 2.50321 1.38063e-19)
(0.19129 0.715679 -7.70127e-20)
(-0.0836084 -0.267627 1.14399e-19)
(-0.129165 -0.221655 -3.50428e-19)
(-0.0608153 -0.123629 2.4497e-19)
(0.325979 0.541183 -1.96851e-19)
(0.732992 1.17332 0)
(0.884418 1.46159 -2.30753e-19)
(0.917753 1.52555 -3.33536e-19)
(0.89013 1.52631 0)
(0.842937 1.48704 -2.56903e-19)
(0.785435 1.4467 0)
(0.725944 1.41076 -1.26176e-19)
(0.653246 1.3814 -1.66384e-20)
(0.584975 1.37003 6.3196e-20)
(0.565128 1.49968 -1.24874e-19)
(0.684779 2.26171 7.20944e-20)
(0.83831 3.13687 1.80955e-19)
(0.905219 3.2716 9.98895e-21)
(0.83982 3.0257 -3.01767e-20)
(0.529095 2.0717 -4.72979e-20)
(0.0753464 0.122538 1.21699e-19)
(-0.182689 -0.250393 -1.35058e-19)
(-0.106616 -0.211032 4.57154e-22)
(-0.053914 -0.0779856 -2.56242e-20)
(0.302879 0.535929 3.89986e-19)
(0.699431 1.17879 -2.9939e-19)
(0.851263 1.47625 2.44103e-19)
(0.888422 1.54913 1.60394e-19)
(0.863302 1.55621 2.83926e-20)
(0.819741 1.51987 1.59973e-19)
(0.764964 1.48187 0)
(0.708104 1.44544 -3.82635e-20)
(0.638839 1.41607 0)
(0.578968 1.41128 -5.91036e-20)
(0.578596 1.58631 1.24135e-19)
(0.72589 2.4398 -3.04695e-21)
(0.876499 3.17906 -6.17131e-20)
(0.920452 3.23552 3.6373e-20)
(0.805273 2.83538 -1.18945e-20)
(0.375711 1.51328 6.21973e-20)
(-0.048274 -0.126093 -1.85843e-19)
(-0.226584 -0.250986 -1.05192e-19)
(-0.125185 -0.249961 -3.97169e-20)
(-0.0754707 -0.0907361 1.90441e-19)
(0.280547 0.534686 4.12878e-21)
(0.670881 1.20617 1.52899e-19)
(0.82137 1.51977 0)
(0.856239 1.59248 3.0053e-19)
(0.832197 1.59321 -4.29617e-19)
(0.79242 1.55301 1.61134e-19)
(0.741614 1.51223 -1.0804e-19)
(0.690113 1.47637 1.05631e-19)
(0.623851 1.45001 -9.39949e-20)
(0.57537 1.45422 -1.38695e-21)
(0.595382 1.679 2.46226e-20)
(0.766264 2.59654 4.98901e-20)
(0.900951 3.18853 3.52833e-20)
(0.930113 3.17764 -5.57136e-20)
(0.738777 2.588 -5.8173e-20)
(0.288458 1.01308 1.10303e-19)
(-0.04598 -0.2519 -1.07269e-19)
(-0.194341 -0.289487 7.6056e-20)
(-0.113841 -0.277536 2.04105e-21)
(-0.0828651 -0.110989 -1.60842e-19)
(0.250501 0.515898 7.22221e-19)
(0.628816 1.19945 -1.51682e-19)
(0.780973 1.52615 -4.16998e-19)
(0.821025 1.61158 3.38572e-19)
(0.801394 1.62175 -1.88042e-19)
(0.765926 1.58523 3.10644e-19)
(0.718235 1.54716 1.69006e-19)
(0.670349 1.51072 0)
(0.609665 1.48458 1.08086e-19)
(0.56806 1.49735 -1.56431e-20)
(0.608716 1.76711 -1.12087e-20)
(0.801034 2.71535 -6.11364e-21)
(0.921542 3.18888 1.76478e-20)
(0.928388 3.11618 7.88396e-21)
(0.68886 2.38805 -8.11295e-20)
(0.178418 0.474574 -2.99701e-20)
(-0.0365791 -0.269649 1.0253e-19)
(-0.112264 -0.286443 4.59887e-20)
(-0.087305 -0.247118 1.55735e-20)
(-0.0503018 -0.107619 1.30141e-19)
(0.219865 0.495847 0)
(0.590554 1.21343 1.41096e-19)
(0.743255 1.56438 -1.89367e-19)
(0.782634 1.65322 3.27506e-19)
(0.765933 1.65744 -4.0819e-19)
(0.734389 1.61747 1.69939e-19)
(0.691778 1.57664 0)
(0.650184 1.54037 0)
(0.595958 1.51651 0)
(0.561155 1.54083 2.23511e-20)
(0.622753 1.8517 -2.09437e-20)
(0.829514 2.80538 1.66699e-20)
(0.934028 3.18632 4.38165e-20)
(0.919424 3.04064 4.14984e-20)
(0.597549 2.13908 -7.28643e-20)
(0.0662071 0.133392 5.00573e-20)
(-0.119101 -0.279142 5.23168e-21)
(-0.0992519 -0.28877 -1.00312e-19)
(-0.0729787 -0.199338 1.20482e-20)
(-0.023831 -0.0679421 0)
(0.182149 0.452118 6.58981e-19)
(0.537176 1.18228 -1.31937e-19)
(0.694427 1.55558 4.29836e-21)
(0.741973 1.66388 0)
(0.73114 1.68118 -1.96074e-19)
(0.704256 1.64701 1.84041e-20)
(0.665111 1.60875 0)
(0.627822 1.57209 5.24397e-20)
(0.580571 1.54789 -4.13805e-20)
(0.552339 1.58026 0)
(0.629886 1.92367 0)
(0.847757 2.86586 -3.02446e-20)
(0.940281 3.17839 -5.33371e-20)
(0.897157 2.9701 1.11386e-21)
(0.542461 1.90238 -1.88186e-20)
(-0.0114504 0.0026565 2.52599e-20)
(-0.148964 -0.260165 0)
(-0.127901 -0.301226 -5.64564e-20)
(-0.0775181 -0.187715 -9.02557e-20)
(-0.0170786 -0.0535756 2.1348e-19)
(0.142816 0.398544 5.42737e-19)
(0.487259 1.16846 -1.25852e-19)
(0.647697 1.57984 1.79191e-19)
(0.697489 1.69884 -4.44915e-19)
(0.689881 1.71111 0)
(0.668931 1.67635 0)
(0.635702 1.63578 0)
(0.605703 1.59944 5.53725e-20)
(0.565041 1.57561 -4.36915e-20)
(0.542351 1.61628 0)
(0.635283 1.98804 0)
(0.858136 2.90393 9.1504e-20)
(0.938961 3.17755 -3.06438e-20)
(0.883255 2.91242 3.4451e-20)
(0.484265 1.74622 6.14121e-20)
(-0.0168659 -0.02347 0)
(-0.181387 -0.301666 -1.67438e-20)
(-0.150215 -0.360411 -1.85298e-20)
(-0.105328 -0.242187 1.79737e-19)
(-0.0194529 -0.0649841 -2.17514e-19)
(0.0994831 0.314498 -5.03832e-19)
(0.419614 1.0901 1.31231e-19)
(0.589456 1.54221 3.7478e-19)
(0.651274 1.69458 2.56813e-19)
(0.651338 1.72603 -2.07788e-19)
(0.635656 1.7001 -1.39036e-19)
(0.605806 1.66165 9.59188e-20)
(0.580374 1.62537 0)
(0.547824 1.60104 0)
(0.529197 1.64251 0)
(0.627789 2.01894 -7.90574e-20)
(0.861138 2.92502 -8.99788e-20)
(0.936893 3.18217 3.06289e-20)
(0.861532 2.88623 -2.08608e-20)
(0.499439 1.65394 -1.49965e-22)
(-0.00128795 -0.0132715 0)
(-0.19453 -0.312465 2.94547e-20)
(-0.16723 -0.405424 -1.62578e-19)
(-0.124368 -0.333304 3.72179e-19)
(-0.031443 -0.118888 -2.10543e-19)
(0.0494524 0.210761 5.32276e-19)
(0.354211 1.02438 -4.37285e-19)
(0.53045 1.53452 0)
(0.598978 1.71289 1.26924e-19)
(0.604849 1.74525 9.23258e-20)
(0.597356 1.72324 1.9603e-19)
(0.574126 1.68459 -8.966e-20)
(0.55595 1.64877 0)
(0.52945 1.62306 0)
(0.513808 1.66311 -1.61243e-19)
(0.615392 2.0282 -1.41629e-21)
(0.852458 2.92763 7.86783e-20)
(0.931382 3.18212 4.10707e-20)
(0.883034 2.91862 5.54716e-20)
(0.567657 1.80657 -7.90809e-20)
(0.0864868 0.296935 8.7668e-20)
(-0.157042 -0.248455 -6.23192e-20)
(-0.175453 -0.416998 0)
(-0.129138 -0.397297 -5.41384e-21)
(-0.022805 -0.0890943 1.44026e-19)
(0.0120019 0.12431 5.43235e-19)
(0.260682 0.85938 0)
(0.46014 1.43985 0)
(0.547958 1.68099 0)
(0.564627 1.74652 7.81078e-20)
(0.561416 1.73672 -1.93609e-19)
(0.541503 1.70033 -8.83569e-20)
(0.527398 1.66445 0)
(0.508917 1.63942 0)
(0.496137 1.67469 9.91714e-20)
(0.589944 2.00711 3.23974e-20)
(0.841524 2.89592 -3.67759e-20)
(0.915974 3.17802 -7.64465e-22)
(0.83907 2.95245 2.45579e-20)
(0.515483 1.87067 -5.54355e-20)
(-0.0301468 0.479249 8.55495e-20)
(-0.175738 -0.195484 -6.76585e-20)
(-0.261527 -0.561526 0)
(-0.221585 -0.635685 4.98632e-21)
(-0.0682041 -0.236393 1.20379e-19)
(-0.0064635 0.0664162 -5.03895e-19)
(0.176231 0.70352 1.73497e-19)
(0.387047 1.36022 2.71466e-19)
(0.487258 1.65917 -1.30601e-20)
(0.514704 1.74665 -1.67544e-19)
(0.520764 1.74873 -1.10334e-19)
(0.509294 1.72054 2.48581e-19)
(0.499533 1.68323 -4.54261e-21)
(0.485521 1.65217 0)
(0.475387 1.67927 2.7758e-20)
(0.556084 1.96093 -1.3127e-20)
(0.801441 2.82924 4.06055e-20)
(0.915922 3.16243 0)
(0.917521 3.05551 -2.54379e-20)
(0.702161 2.27034 0)
(0.212895 0.700416 -3.11459e-20)
(-0.117993 -0.257339 -2.47957e-20)
(-0.293502 -0.786352 0)
(-0.267276 -1.03028 0)
(-0.152224 -0.779047 3.1217e-19)
(-0.000442746 -0.000493681 4.07015e-19)
(0.0711889 0.32924 -1.52641e-19)
(0.31978 1.14396 1.21677e-19)
(0.43792 1.56992 -1.9279e-19)
(0.474873 1.72576 7.59974e-20)
(0.482002 1.74222 -2.66381e-20)
(0.475264 1.72586 1.72337e-20)
(0.467223 1.68678 -3.25762e-20)
(0.459794 1.65625 -2.17599e-20)
(0.451676 1.67228 -2.20079e-20)
(0.50992 1.89238 3.02661e-21)
(0.7721 2.70151 0)
(0.943051 3.10659 -3.79757e-21)
(0.976389 3.02976 0)
(0.966976 2.63903 0)
(0.772116 1.73954 0)
(0.374691 0.66974 -1.0512e-19)
(0.122097 -0.260097 2.87799e-19)
(-0.118268 -1.14576 -1.26193e-20)
(-0.104777 -1.11574 -1.55599e-19)
(0.00860936 -0.0473688 7.28392e-20)
(0.0125314 0.120583 6.82976e-20)
(0.200373 0.862679 -5.56428e-20)
(0.362013 1.44091 -4.27812e-20)
(0.425362 1.68471 3.45782e-20)
(0.44179 1.74557 2.48531e-20)
(0.439137 1.74074 1.78047e-20)
(0.431907 1.70426 0)
(0.425477 1.65877 -9.19809e-21)
(0.423328 1.66043 -5.92909e-21)
(0.450258 1.80408 1.65217e-20)
(0.657735 2.486 0)
(0.885181 2.9977 9.06073e-21)
(0.918945 2.97229 -5.90836e-21)
(0.904178 2.74418 0)
(0.829939 2.21274 0)
(0.561363 1.34427 -2.70346e-21)
(0.32462 0.433958 0)
(0.166308 -0.269121 -3.58802e-21)
(0.0192823 -0.707549 0)
(-0.00202273 -0.0663207 0)
(0.00361082 -0.0251787 0)
(0.0707184 0.333074 0)
(0.283843 1.18364 0)
(0.370589 1.59064 -8.67927e-34)
(0.398646 1.71226 6.7069e-34)
(0.401145 1.72622 0)
(0.396743 1.7065 0)
(0.389981 1.65665 0)
(0.388835 1.6452 0)
(0.392245 1.73213 0)
(0.513856 2.23265 0)
(0.74067 2.85863 0)
(0.787988 2.89418 0)
(0.762909 2.77242 0)
(0.725034 2.44116 0)
(0.557406 1.81979 0)
(0.344574 1.03306 0)
(0.167698 0.222775 0)
(0.0519116 -0.211537 0)
(-0.0051852 -0.0645878 0)
(0.0123025 -0.0941504 0)
(0.0192177 0.0780173 0)
(0.176635 0.830442 0)
(0.304758 1.44607 0)
(0.350738 1.68764 0)
(0.356655 1.73109 0)
(0.355022 1.71778 0)
(0.34755 1.66022 0)
(0.347708 1.63374 0)
(0.340105 1.68646 0)
(0.396138 2.05721 0)
(0.60052 2.7495 0)
(0.637327 2.85481 0)
(0.610829 2.79474 0)
(0.587873 2.57829 0)
(0.488046 2.13135 0)
(0.32156 1.44833 0)
(0.16694 0.765016 0)
(0.0414851 0.23715 0)
(-0.00487649 -0.0719496 0)
(0.00523732 -0.121917 0)
(-0.00253572 -0.0278757 0)
(0.079787 0.493665 0)
(0.23798 1.25696 0)
(0.302694 1.61061 0)
(0.316739 1.71083 0)
(0.312766 1.71335 0)
(0.303119 1.66701 0)
(0.299664 1.62761 0)
(0.288254 1.66044 0)
(0.29603 1.95147 0)
(0.466279 2.64463 0)
(0.491715 2.84527 0)
(0.467208 2.83044 0)
(0.443826 2.70005 0)
(0.380174 2.37708 0)
(0.253845 1.79318 0)
(0.12389 1.14778 0)
(0.0279166 0.565458 0)
(-0.00104232 -0.0610625 0)
(-0.00489771 -0.119612 0)
(0.0010516 -0.0783118 0)
(0.0248524 0.216438 0)
(0.183778 1.08936 0)
(0.247183 1.55049 0)
(0.267846 1.69797 0)
(0.27001 1.71225 0)
(0.26038 1.67507 0)
(0.250726 1.62774 0)
(0.24057 1.65123 0)
(0.214316 1.89591 0)
(0.349498 2.57399 0)
(0.374302 2.85216 0)
(0.339495 2.87562 0)
(0.317851 2.80287 0)
(0.274201 2.56554 0)
(0.184113 2.07881 0)
(0.0848134 1.48994 0)
(0.0154546 0.838194 0)
(0.00248599 -0.0562732 0)
(-0.00275477 -0.130143 0)
(0.0165563 -0.11792 0)
(0.0132629 0.0697505 0)
(0.125455 0.866954 0)
(0.204648 1.46904 0)
(0.223138 1.68068 0)
(0.221211 1.71287 0)
(0.212921 1.68526 0)
(0.202635 1.6354 0)
(0.198316 1.65415 0)
(0.152157 1.86743 0)
(0.253656 2.524 0)
(0.276487 2.86407 0)
(0.239427 2.92259 0)
(0.217374 2.88438 0)
(0.184898 2.70337 0)
(0.121141 2.27814 0)
(0.0486987 1.70706 0)
(0.00618334 0.986518 0)
(0.00168069 -0.0631586 0)
(-0.00177843 -0.148844 0)
(0.0152615 -0.151913 0)
(0.0114491 0.000760396 0)
(0.0692079 0.71027 0)
(0.15442 1.37546 0)
(0.181409 1.65201 0)
(0.182047 1.71036 0)
(0.171537 1.69331 0)
(0.156439 1.64572 0)
(0.159711 1.66388 0)
(0.10448 1.85705 0)
(0.177047 2.49624 0)
(0.198047 2.8783 0)
(0.161532 2.96626 0)
(0.143218 2.94907 0)
(0.119259 2.80572 0)
(0.0754829 2.43178 0)
(0.024572 1.88737 0)
(-0.00157462 1.08734 0)
(-0.00489402 -0.0501807 0)
(-0.00786456 -0.15009 0)
(0.00470284 -0.161559 0)
(-0.00297773 -0.0203654 0)
(0.0365481 0.628262 0)
(0.110111 1.33782 0)
(0.134604 1.64089 0)
(0.136608 1.71246 0)
(0.130771 1.70181 0)
(0.11557 1.65732 0)
(0.124672 1.67486 0)
(0.0688916 1.85295 0)
(0.118724 2.47864 0)
(0.133704 2.89334 0)
(0.102387 3.00323 0)
(0.0863617 3.0002 0)
(0.0678339 2.87885 0)
(0.0364919 2.525 0)
(0.00204255 1.97332 0)
(-0.00796778 1.08958 0)
(-0.00712908 -0.0187638 0)
(0.00408782 -0.167079 0)
(0.0264256 -0.175477 0)
(0.0378422 -0.0465575 0)
(0.0400612 0.466265 0)
(0.0978487 1.25717 0)
(0.0978252 1.62284 0)
(0.0949843 1.71521 0)
(0.0896 1.70808 0)
(0.074993 1.66785 0)
(0.0912427 1.68647 0)
(0.0406606 1.85572 0)
(0.0741662 2.47184 0)
(0.0840107 2.9068 0)
(0.057461 3.03393 0)
(0.0451642 3.03949 0)
(0.0326151 2.931 0)
(0.0126085 2.59465 0)
(-0.00597554 2.04396 0)
(-0.0110443 1.07269 0)
(0.00424831 -0.0371146 0)
(0.0433037 -0.266657 0)
(0.075922 -0.260374 0)
(0.0976639 -0.0687853 0)
(0.0483965 0.457865 0)
(0.0746771 1.23222 0)
(0.0643831 1.61121 0)
(0.0547491 1.71156 0)
(0.0520929 1.70861 0)
(0.0395846 1.67237 0)
(0.0604874 1.69378 0)
(0.0186645 1.85908 0)
(0.0406015 2.47003 0)
(0.0436074 2.9196 0)
(0.0232971 3.05729 0)
(0.0144631 3.07033 0)
(0.00409891 2.96633 0)
(-0.00927176 2.6283 0)
(-0.0222645 2.05329 0)
(-0.0124924 1.02649 0)
(0.0214915 -0.192854 0)
(0.0673757 -0.441513 0)
(0.0941134 -0.349854 0)
(0.099415 -0.0249734 0)
(0.029136 0.502632 0)
(0.0251106 1.23597 0)
(0.00919152 1.61614 0)
(0.00611799 1.71503 0)
(0.0121441 1.70651 0)
(0.00525994 1.67326 0)
(0.0323579 1.69859 0)
(0.0004975 1.86393 0)
(0.0154516 2.47244 0)
(0.013423 2.9294 0)
(-0.00251736 3.07552 0)
(-0.00901694 3.09156 0)
(-0.0166886 2.98696 0)
(-0.0233146 2.64632 0)
(-0.0274699 2.04364 0)
(-0.015078 0.947813 0)
(0.0205942 -0.374142 0)
(0.054563 -0.541077 0)
(0.057667 -0.374542 0)
(0.0360863 0.0712366 0)
(-0.043204 0.606969 0)
(-0.0620754 1.28567 0)
(-0.0720973 1.63029 0)
(-0.0508058 1.71209 0)
(-0.0286888 1.69995 0)
(-0.025887 1.66731 0)
(0.00731762 1.69833 0)
(-0.0147462 1.86757 0)
(-0.004455 2.47578 0)
(-0.0112502 2.93764 0)
(-0.0220941 3.08744 0)
(-0.0267046 3.10555 0)
(-0.0322186 2.99718 0)
(-0.0360211 2.64504 0)
(-0.0320476 2.01849 0)
(-0.0151464 0.86197 0)
(0.0107294 -0.44926 0)
(0.00829949 -0.566904 0)
(-0.025662 -0.248564 0)
(-0.07489 0.218502 0)
(-0.152168 0.783059 0)
(-0.170223 1.35043 0)
(-0.160943 1.62283 0)
(-0.116216 1.69523 0)
(-0.0711686 1.68569 0)
(-0.0548882 1.65491 0)
(-0.014646 1.69409 0)
(-0.0288069 1.87112 0)
(-0.0199576 2.47967 0)
(-0.0281228 2.94365 0)
(-0.0363685 3.09539 0)
(-0.0389556 3.1131 0)
(-0.0416684 2.99861 0)
(-0.0412406 2.63136 0)
(-0.0336411 1.96778 0)
(-0.012571 0.774308 0)
(-0.00475113 -0.419568 0)
(-0.0407903 -0.430977 0)
(-0.102445 -0.117261 0)
(-0.155207 0.348582 0)
(-0.218738 0.889215 0)
(-0.227907 1.34694 0)
(-0.209543 1.57182 0)
(-0.158648 1.65028 0)
(-0.104853 1.6543 0)
(-0.0807037 1.63372 0)
(-0.0318265 1.68375 0)
(-0.0413693 1.87145 0)
(-0.0322946 2.48378 0)
(-0.0416758 2.9489 0)
(-0.0460518 3.09926 0)
(-0.0467997 3.11679 0)
(-0.0477686 2.99451 0)
(-0.0437643 2.61503 0)
(-0.0323435 1.91293 0)
(-0.00911578 0.694796 0)
(-0.0133506 -0.305788 0)
(-0.0587235 -0.260833 0)
(-0.123944 0.0502246 0)
(-0.183421 0.477514 0)
(-0.23727 0.955307 0)
(-0.24055 1.3174 0)
(-0.220695 1.50712 0)
(-0.173035 1.58983 0)
(-0.122168 1.60894 0)
(-0.0948835 1.60383 0)
(-0.0431663 1.66864 0)
(-0.0514258 1.87169 0)
(-0.0414263 2.48885 0)
(-0.0489476 2.95191 0)
(-0.0519024 3.10088 0)
(-0.0510288 3.11608 0)
(-0.0495447 2.9831 0)
(-0.0433578 2.58233 0)
(-0.0291031 1.84651 0)
(-0.00571864 0.625682 0)
(-0.0139189 -0.173477 0)
(-0.0578516 -0.0781321 0)
(-0.122102 0.208946 0)
(-0.179717 0.589449 0)
(-0.223937 0.995075 0)
(-0.223207 1.28629 0)
(-0.20542 1.4491 0)
(-0.165761 1.53091 0)
(-0.12315 1.56024 0)
(-0.098416 1.56987 0)
(-0.047737 1.64871 0)
(-0.0575802 1.8681 0)
(-0.0470845 2.49358 0)
(-0.0550172 2.9545 0)
(-0.0546544 3.09935 0)
(-0.0520765 3.11287 0)
(-0.049045 2.97319 0)
(-0.0410185 2.55542 0)
(-0.024862 1.78541 0)
(-0.00296026 0.571862 0)
(-0.0107894 -0.0493574 0)
(-0.0478883 0.0942463 0)
(-0.103933 0.358618 0)
(-0.15423 0.693111 0)
(-0.191349 1.03424 0)
(-0.190789 1.2724 0)
(-0.178251 1.41107 0)
(-0.146982 1.48616 0)
(-0.112757 1.51912 0)
(-0.0929612 1.53801 0)
(-0.0475752 1.62925 0)
(-0.0582033 1.8648 0)
(-0.0493945 2.49809 0)
(-0.0559415 2.95403 0)
(-0.0545427 3.09562 0)
(-0.0510425 3.10581 0)
(-0.0467408 2.95308 0)
(-0.0376276 2.51461 0)
(-0.0204966 1.71748 0)
(-0.00106154 0.52824 0)
(-0.00775722 0.0466337 0)
(-0.0358199 0.232552 0)
(-0.0795372 0.48056 0)
(-0.120055 0.777629 0)
(-0.15127 1.06942 0)
(-0.153233 1.2701 0)
(-0.147753 1.38962 0)
(-0.12495 1.45712 0)
(-0.0979405 1.48939 0)
(-0.0837297 1.51225 0)
(-0.0433188 1.61127 0)
(-0.0555561 1.86024 0)
(-0.0485627 2.50013 0)
(-0.0550682 2.95354 0)
(-0.0522849 3.09236 0)
(-0.0486296 3.10045 0)
(-0.0436777 2.93919 0)
(-0.0339971 2.48395 0)
(-0.0164426 1.66058 0)
(0.000108076 0.497304 0)
(-0.00428884 0.111941 0)
(-0.0232793 0.338259 0)
(-0.0558584 0.580965 0)
(-0.0871583 0.851582 0)
(-0.113084 1.10675 0)
(-0.117146 1.27916 0)
(-0.117862 1.38264 0)
(-0.102837 1.44228 0)
(-0.0827932 1.47192 0)
(-0.0736355 1.49555 0)
(-0.0380407 1.59898 0)
(-0.0504261 1.85869 0)
(-0.0456258 2.50322 0)
(-0.0525645 2.95231 0)
(-0.0487483 3.08579 0)
(-0.0451832 3.08965 0)
(-0.0400362 2.91577 0)
(-0.0304264 2.44102 0)
(-0.0129465 1.59814 0)
(0.000797609 0.471994 0)
(-0.0020114 0.151381 0)
(-0.0135963 0.409946 0)
(-0.0364886 0.652674 0)
(-0.059787 0.904641 0)
(-0.0809515 1.13457 0)
(-0.0858701 1.28699 0)
(-0.0906464 1.37909 0)
(-0.0822722 1.43263 0)
(-0.0681384 1.45998 0)
(-0.0644331 1.4844 0)
(-0.0329438 1.5913 0)
(-0.0452857 1.85771 0)
(-0.0413295 2.5045 0)
(-0.0487616 2.95127 0)
(-0.0446501 3.08165 0)
(-0.0417723 3.08325 0)
(-0.0368028 2.90134 0)
(-0.0273761 2.41203 0)
(-0.0100853 1.55094 0)
(0.00103574 0.456322 0)
(-0.000709233 0.172996 0)
(-0.00698097 0.458067 0)
(-0.022383 0.708226 0)
(-0.0394338 0.950545 0)
(-0.0564269 1.16311 0)
(-0.0613836 1.30027 0)
(-0.0677919 1.38208 0)
(-0.0636815 1.42895 0)
(-0.0543079 1.45321 0)
(-0.0551125 1.47771 0)
(-0.0282982 1.58755 0)
(-0.0408578 1.86154 0)
(-0.0373564 2.50926 0)
(-0.0441191 2.94975 0)
(-0.0405187 3.0754 0)
(-0.0379978 3.07256 0)
(-0.0332494 2.87841 0)
(-0.0244079 2.37106 0)
(-0.00791046 1.49758 0)
(0.00100538 0.441453 0)
(-5.94399e-05 0.182237 0)
(-0.00269286 0.484831 0)
(-0.0122515 0.743143 0)
(-0.0244002 0.979662 0)
(-0.0379212 1.18173 0)
(-0.0426694 1.30915 0)
(-0.0496103 1.3839 0)
(-0.0483422 1.42558 0)
(-0.0421125 1.44694 0)
(-0.0467215 1.47151 0)
(-0.0239214 1.58432 0)
(-0.0367746 1.86393 0)
(-0.0338218 2.51206 0)
(-0.0408762 2.94972 0)
(-0.0370406 3.07266 0)
(-0.0349812 3.06741 0)
(-0.0304526 2.86612 0)
(-0.0219585 2.34668 0)
(-0.00622903 1.46224 0)
(0.000802395 0.433685 0)
(0.000138231 0.184949 0)
(-0.00051964 0.499918 0)
(-0.00604134 0.769761 0)
(-0.0146921 1.00656 0)
(-0.0252953 1.202 0)
(-0.0297729 1.32212 0)
(-0.0365728 1.39075 0)
(-0.0370933 1.42702 0)
(-0.032544 1.44466 0)
(-0.0388442 1.46751 0)
(-0.0199136 1.58203 0)
(-0.0333797 1.86905 0)
(-0.0309816 2.51778 0)
(-0.037471 2.94915 0)
(-0.0341512 3.06795 0)
(-0.0322859 3.05815 0)
(-0.0277679 2.84501 0)
(-0.0197578 2.30882 0)
(-0.0052096 1.418 0)
(0.000550665 0.423118 0)
(0.000210302 0.184411 0)
(0.000743007 0.505625 0)
(-0.00195754 0.783382 0)
(-0.00796686 1.02071 0)
(-0.0161698 1.21275 0)
(-0.0201906 1.32901 0)
(-0.0266679 1.39426 0)
(-0.0287345 1.42758 0)
(-0.0252817 1.44281 0)
(-0.0325788 1.46405 0)
(-0.0158899 1.57931 0)
(-0.029995 1.87074 0)
(-0.0285438 2.52043 0)
(-0.0356976 2.94932 0)
(-0.0319694 3.06613 0)
(-0.0303218 3.05395 0)
(-0.0258573 2.83456 0)
(-0.017897 2.28888 0)
(-0.0042261 1.39339 0)
(0.000334224 0.418692 0)
(0.000240868 0.182286 0)
(0.0011358 0.506379 0)
(-9.25645e-05 0.795051 0)
(-0.00444764 1.03701 0)
(-0.010774 1.22693 0)
(-0.0142771 1.34012 0)
(-0.0199612 1.40195 0)
(-0.0229392 1.43179 0)
(-0.0201936 1.44456 0)
(-0.0280756 1.46364 0)
(-0.0138832 1.57885 0)
(-0.0276828 1.87574 0)
(-0.0266707 2.52576 0)
(-0.0334052 2.94879 0)
(-0.0301401 3.06199 0)
(-0.0286111 3.04535 0)
(-0.0240738 2.81451 0)
(-0.0164037 2.25345 0)
(-0.00396798 1.35607 0)
(0.000150395 0.409666 0)
(0.000286821 0.17943 0)
(0.00127794 0.505251 0)
(0.00105577 0.798351 0)
(-0.00205052 1.0428 0)
(-0.00720587 1.23216 0)
(-0.0103348 1.3445 0)
(-0.0154696 1.40472 0)
(-0.0194269 1.43308 0)
(-0.0171603 1.44474 0)
(-0.0259202 1.46337 0)
(-0.0125397 1.57949 0)
(-0.0262443 1.87889 0)
(-0.0254033 2.52881 0)
(-0.032527 2.94882 0)
(-0.0286732 3.06047 0)
(-0.0273344 3.04142 0)
(-0.0229086 2.80506 0)
(-0.0150203 2.23707 0)
(-0.00317762 1.33999 0)
(6.17971e-05 0.406904 0)
(8.99771e-05 0.177399 0)
(0.000614131 0.503695 0)
(0.000501134 0.80491 0)
(-0.0017931 1.05563 0)
(-0.00580899 1.24456 0)
(-0.00882133 1.35553 0)
(-0.013067 1.41322 0)
(-0.0173177 1.43808 0)
(-0.0151931 1.44789 0)
(-0.0240552 1.46427 0)
(-0.0123362 1.58184 0)
(-0.0259414 1.88761 0)
(-0.0249965 2.53681 0)
(-0.0314109 2.94899 0)
(-0.0274347 3.05591 0)
(-0.0261307 3.03102 0)
(-0.0215401 2.78115 0)
(-0.0143201 2.19655 0)
(-0.00420467 1.3007 0)
(-0.000750024 0.395196 0)
(-0.231241 1.54985 1.26762e-22)
(0.391128 3.22397 1.28497e-20)
(0.0889111 3.45771 6.54002e-20)
(0.194358 3.42872 0)
(0.151168 3.38473 0)
(0.144678 3.33925 -3.66525e-19)
(0.146351 3.31236 3.69505e-19)
(0.119545 3.27317 -3.96594e-19)
(0.110171 3.18374 7.35547e-21)
(0.0904696 2.56952 5.46807e-19)
(-0.104993 2.30798 1.14702e-23)
(0.127499 3.28006 1.64083e-19)
(0.00779662 3.43242 0)
(0.0935169 3.3866 0)
(0.0683805 3.34212 1.0857e-20)
(0.0732893 3.30595 7.59603e-19)
(0.0700524 3.27756 -4.236e-19)
(0.0472424 3.24307 -7.10889e-21)
(0.048719 3.08668 6.77702e-21)
(0.000625012 2.08914 0)
(-0.0281616 2.06336 1.72017e-19)
(0.0828901 3.13486 -1.83164e-19)
(0.020146 3.34178 0)
(0.0685239 3.32248 3.49682e-19)
(0.0480536 3.30215 -1.30977e-21)
(0.0489299 3.28148 -3.9507e-19)
(0.0441813 3.26609 -4.91803e-19)
(0.0287573 3.24676 -2.04393e-22)
(0.0400964 3.12066 6.98492e-21)
(-0.0169161 2.21287 0)
(-0.0413428 2.01018 -4.24353e-20)
(0.0262172 3.11342 0)
(-0.0155693 3.30658 -1.852e-19)
(0.0187759 3.30605 -1.51645e-19)
(0.0142979 3.28243 1.38601e-20)
(0.0202391 3.26113 -2.56707e-19)
(0.0255341 3.24718 2.27977e-19)
(0.0206783 3.23399 -8.22624e-21)
(0.0414318 3.12637 1.08105e-20)
(0.00705258 2.25137 2.8286e-19)
(-0.0532991 2.02194 -1.42795e-19)
(0.0114897 3.08757 0)
(-0.00891644 3.26555 4.00193e-19)
(0.00904564 3.26155 -2.21153e-19)
(0.0129216 3.248 -6.86992e-22)
(0.0156097 3.2381 -2.56289e-21)
(0.0210578 3.23311 -1.55966e-20)
(0.0214165 3.2248 -2.92591e-19)
(0.042659 3.12829 8.03121e-21)
(-0.00313772 2.3127 -5.93093e-19)
(-0.0500042 2.08131 0)
(-0.0110819 3.08467 -2.2103e-19)
(-0.0291307 3.24181 1.88504e-20)
(-0.0161352 3.2464 -1.53879e-20)
(-0.00654643 3.23195 1.5748e-20)
(0.00281168 3.21945 2.61376e-19)
(0.0149459 3.21191 2.73527e-19)
(0.0207144 3.20552 5.7626e-19)
(0.042626 3.12419 3.19736e-19)
(0.0105108 2.35455 -1.67583e-20)
(-0.0513976 2.14055 0)
(-0.0204147 3.08129 2.28638e-19)
(-0.0195742 3.21347 -2.4014e-19)
(-0.0120647 3.21262 -1.6639e-20)
(-0.000776496 3.2025 3.44133e-20)
(0.00713036 3.19632 3.61108e-22)
(0.0166997 3.19514 -1.85185e-20)
(0.0216873 3.19137 -3.01579e-19)
(0.0422258 3.12191 -3.10683e-19)
(0.00383358 2.41999 -1.73327e-20)
(-0.0476223 2.22707 2.64605e-19)
(-0.0288816 3.08505 -1.22935e-20)
(-0.0323277 3.19365 8.48137e-21)
(-0.023948 3.19515 0)
(-0.013695 3.18539 0)
(-0.00137691 3.17753 0)
(0.0128081 3.17231 0)
(0.0205841 3.1693 3.37504e-19)
(0.0412201 3.11272 -3.47551e-19)
(0.0152579 2.464 3.43537e-19)
(-0.0464786 2.30658 2.61505e-20)
(-0.0330864 3.08454 2.8254e-19)
(-0.0212439 3.1695 0)
(-0.0146771 3.16537 -1.90264e-20)
(-0.00404376 3.15773 1.94574e-20)
(0.00513108 3.15359 0)
(0.0151501 3.15378 -1.05582e-20)
(0.0206666 3.153 -3.27561e-19)
(0.0401121 3.10936 3.4926e-19)
(0.0104193 2.53313 0)
(-0.0436695 2.403 1.6064e-20)
(-0.035927 3.08608 -4.33533e-19)
(-0.0300767 3.14966 0)
(-0.0225589 3.14678 0)
(-0.0137441 3.13902 2.09084e-20)
(-0.00204495 3.13326 -1.76591e-19)
(0.0112811 3.12944 -2.20684e-20)
(0.019136 3.12924 1.88319e-19)
(0.0386162 3.09616 0)
(0.0191658 2.58108 0)
(-0.0401065 2.49082 -4.5872e-19)
(-0.0385694 3.08228 1.55441e-19)
(-0.020631 3.12431 0)
(-0.0128362 3.1163 0)
(-0.00333578 3.10964 0)
(0.00548274 3.10691 3.63991e-19)
(0.0146457 3.10843 0)
(0.0201232 3.11077 -2.00922e-19)
(0.0378443 3.09051 1.24243e-20)
(0.0149573 2.65385 2.10638e-19)
(-0.037668 2.58929 1.638e-19)
(-0.039842 3.07572 -1.59385e-20)
(-0.0296188 3.10128 1.91158e-19)
(-0.0210864 3.09497 1.8585e-19)
(-0.0124943 3.08832 0)
(-0.000727879 3.08387 -1.87174e-19)
(0.0122159 3.08165 0)
(0.0209696 3.0844 0)
(0.0385708 3.07214 0)
(0.0222596 2.70642 -2.11616e-19)
(-0.0351552 2.67859 -1.73876e-19)
(-0.0429731 3.06241 1.7957e-19)
(-0.0235593 3.07218 -1.80202e-19)
(-0.0130555 3.06223 -2.84279e-19)
(-0.00278124 3.05706 0)
(0.00705506 3.05576 2.54422e-20)
(0.0169887 3.05847 -1.29864e-20)
(0.0247588 3.06325 9.69224e-20)
(0.0417268 3.06163 1.20338e-19)
(0.0208699 2.78046 -1.23815e-19)
(-0.0343359 2.77283 1.78403e-19)
(-0.0461182 3.04521 -1.72065e-19)
(-0.0328953 3.04583 1.22747e-20)
(-0.0209298 3.04028 7.24443e-20)
(-0.0112457 3.03614 -1.04119e-19)
(0.000329189 3.03348 0)
(0.0136459 3.03227 1.11908e-19)
(0.0256239 3.03555 4.94958e-21)
(0.044621 3.03658 -2.33003e-19)
(0.0286823 2.83262 -6.55239e-21)
(-0.0296203 2.85532 -5.10952e-20)
(-0.0442407 3.02156 1.24836e-20)
(-0.0231838 3.01779 -6.48047e-20)
(-0.0111573 3.01445 2.65242e-20)
(-0.00219267 3.01414 1.26859e-19)
(0.00627528 3.01343 -5.40193e-20)
(0.0146631 3.01408 -5.3722e-20)
(0.0233301 3.01714 -5.57265e-20)
(0.041805 3.02184 1.19737e-19)
(0.0248599 2.90034 5.84822e-20)
(-0.0176122 2.9404 4.10724e-20)
(-0.0260052 3.00079 1.81592e-20)
(-0.0161332 3.00081 3.5708e-20)
(-0.00940441 3.00163 -7.31722e-20)
(-0.00417679 3.00264 2.47314e-20)
(0.000701566 3.00214 5.02773e-20)
(0.00529172 3.00068 -5.25271e-20)
(0.0107549 2.99901 -5.48158e-20)
(0.0217803 2.99713 7.43186e-21)
(0.0165192 2.94913 5.27046e-20)
)
;

boundaryField
{
    wall-4
    {
        type            noSlip;
    }
    pressure-outlet-7
    {
        type            zeroGradient;
    }
    velocity-inlet-6
    {
        type            fixedValue;
        value           uniform (0 3 0);
    }
    velocity-inlet-5
    {
        type            fixedValue;
        value           uniform (1 0 0);
    }
    frontAndBackPlanes
    {
        type            empty;
    }
}


// ************************************************************************* //
