/*--------------------------------*- C++ -*----------------------------------*\
| =========                 |                                                 |
| \\      /  F ield         | OpenFOAM: The Open Source CFD Toolbox           |
|  \\    /   O peration     | Version:  4.0                                   |
|   \\  /    A nd           | Web:      www.OpenFOAM.org                      |
|    \\/     M anipulation  |                                                 |
\*---------------------------------------------------------------------------*/
FoamFile
{
    version     2.0;
    format      ascii;
    class       volScalarField;
    location    "33";
    object      p;
}
// * * * * * * * * * * * * * * * * * * * * * * * * * * * * * * * * * * * * * //

dimensions      [0 2 -2 0 0 0 0];

internalField   nonuniform List<scalar> 
8800
(
1.33661
1.28882
1.25013
1.22113
1.20025
1.1854
1.17478
1.16726
1.16239
1.16027
1.16145
1.16557
1.17215
1.18142
1.19417
1.21188
1.23664
1.27057
1.31311
1.37181
1.16787
1.17555
1.18301
1.18632
1.18481
1.17972
1.17321
1.16711
1.16234
1.15943
1.15907
1.16149
1.1659
1.17179
1.17852
1.18477
1.18839
1.18764
1.1822
1.17351
1.1463
1.15246
1.15658
1.15951
1.16155
1.16214
1.161
1.15886
1.15679
1.1558
1.15667
1.15896
1.16169
1.16382
1.16438
1.16315
1.16078
1.15737
1.1528
1.14904
1.14053
1.14318
1.14592
1.14832
1.14994
1.15108
1.15179
1.15186
1.15151
1.15137
1.15201
1.15309
1.15384
1.15384
1.15318
1.15205
1.1502
1.1476
1.14518
1.14368
1.1352
1.13663
1.1384
1.14042
1.14219
1.14351
1.14447
1.14522
1.14576
1.14622
1.14675
1.14713
1.14713
1.14676
1.14599
1.14469
1.14295
1.14107
1.13974
1.13891
1.1302
1.13112
1.13236
1.13392
1.13554
1.13704
1.1383
1.13931
1.14019
1.14096
1.1415
1.14169
1.14152
1.14098
1.14001
1.13873
1.13734
1.13604
1.13519
1.13464
1.12539
1.12606
1.12702
1.12832
1.12972
1.13116
1.13256
1.13383
1.13494
1.1359
1.13654
1.13673
1.13649
1.13584
1.13491
1.13387
1.13277
1.13179
1.13118
1.13078
1.12073
1.12125
1.12203
1.12317
1.12444
1.1258
1.12721
1.12863
1.12995
1.13112
1.13191
1.13216
1.13192
1.13135
1.13059
1.12973
1.12885
1.12808
1.12762
1.12731
1.11616
1.11657
1.11723
1.11825
1.11946
1.12077
1.12218
1.12366
1.12516
1.12656
1.12754
1.12792
1.12782
1.12742
1.12684
1.12615
1.12543
1.12484
1.12449
1.12424
1.11161
1.11194
1.11251
1.11346
1.11462
1.11592
1.11736
1.11892
1.12058
1.12222
1.12345
1.12405
1.12417
1.12397
1.12357
1.12305
1.12249
1.12203
1.12175
1.12155
1.10701
1.10727
1.10779
1.1087
1.10985
1.11118
1.11268
1.11436
1.11619
1.1181
1.11966
1.12058
1.12097
1.12098
1.12076
1.1204
1.11997
1.11963
1.11942
1.11925
1.10229
1.10251
1.10299
1.10389
1.10507
1.10647
1.10808
1.10994
1.11204
1.11431
1.11627
1.11755
1.11822
1.11847
1.11844
1.11823
1.11794
1.11769
1.11754
1.1174
1.0974
1.09758
1.09803
1.09895
1.1002
1.1017
1.10347
1.10555
1.10798
1.1107
1.11316
1.11487
1.11589
1.11642
1.11662
1.11659
1.11642
1.11625
1.11615
1.11603
1.09227
1.09241
1.09285
1.09381
1.09516
1.0968
1.09876
1.10113
1.10396
1.10723
1.1103
1.11254
1.11401
1.11488
1.11534
1.11551
1.11547
1.1154
1.11534
1.11524
1.08683
1.08694
1.08739
1.0884
1.08988
1.09171
1.09395
1.0967
1.10005
1.10399
1.10783
1.11075
1.11273
1.11399
1.11474
1.11513
1.11526
1.11529
1.11527
1.11518
1.08101
1.08107
1.08153
1.08261
1.08424
1.0863
1.08887
1.0921
1.09612
1.10096
1.10571
1.10939
1.11201
1.11377
1.1149
1.11555
1.11588
1.11602
1.11605
1.11598
1.07459
1.07465
1.07511
1.07626
1.07806
1.08039
1.08337
1.08718
1.09198
1.09785
1.10377
1.10848
1.11186
1.11423
1.11586
1.1169
1.1175
1.11779
1.11786
1.1178
1.06734
1.06738
1.06788
1.06912
1.07116
1.07388
1.07741
1.08201
1.08788
1.09511
1.10242
1.10826
1.11255
1.11564
1.11784
1.11933
1.12025
1.1207
1.12082
1.12075
1.0589
1.05893
1.05949
1.06087
1.0632
1.06638
1.07061
1.07616
1.08332
1.09219
1.10123
1.10852
1.11394
1.11791
1.12081
1.12283
1.12414
1.12478
1.12494
1.12485
1.04868
1.04871
1.04937
1.051
1.05377
1.05764
1.06283
1.0697
1.07855
1.08949
1.10059
1.10955
1.11625
1.1212
1.12489
1.12751
1.12922
1.13003
1.13023
1.13013
1.03609
1.03612
1.03694
1.03896
1.0424
1.04723
1.05372
1.0623
1.0733
1.08679
1.10038
1.11133
1.11953
1.12562
1.1302
1.13347
1.13559
1.13659
1.13682
1.13669
1.02038
1.02042
1.02147
1.02408
1.02849
1.03469
1.04297
1.05383
1.06758
1.08421
1.10077
1.11401
1.12393
1.13133
1.13688
1.14088
1.14345
1.14463
1.14489
1.14475
1.00046
1.00052
1.00194
1.00546
1.01131
1.01945
1.03023
1.04413
1.06139
1.08185
1.10187
1.11774
1.12959
1.13846
1.14514
1.14996
1.15302
1.15439
1.15467
1.15451
0.974571
0.974682
0.976744
0.981702
0.989816
1.00083
1.01514
1.03313
1.05482
1.07985
1.10385
1.12266
1.13667
1.14718
1.15511
1.16088
1.16446
1.166
1.1663
1.1661
0.939659
0.939909
0.94325
0.950871
0.962776
0.978261
0.997625
1.02099
1.04814
1.07849
1.10694
1.12894
1.14527
1.15757
1.16693
1.17372
1.1778
1.17949
1.17978
1.17954
0.889991
0.891117
0.89779
0.910858
0.929322
0.951694
0.97803
1.0082
1.04181
1.0781
1.11131
1.13667
1.15545
1.16966
1.18052
1.18834
1.19294
1.19475
1.19499
1.1947
0.816783
0.824325
0.839681
0.862832
0.89099
0.922535
0.957412
0.995446
1.03623
1.07905
1.11747
1.14662
1.16825
1.18473
1.19742
1.20651
1.21183
1.21394
1.21425
1.21402
0.73853
0.755887
0.780635
0.81426
0.852466
0.893324
0.936842
0.982961
1.0314
1.08156
1.12633
1.1604
1.18586
1.20538
1.22047
1.23149
1.23788
1.2403
1.24078
1.24073
0.674099
0.694299
0.726888
0.769134
0.816019
0.86557
0.917391
0.971406
1.02731
1.08456
1.13536
1.17394
1.20278
1.22486
1.2418
1.25394
1.26121
1.26436
1.26481
1.26484
0.62169
0.643666
0.681429
0.729768
0.78343
0.840156
0.89926
0.960487
1.02339
1.08735
1.14374
1.18634
1.218
1.24205
1.2604
1.27376
1.28219
1.28532
1.28588
1.28599
0.578346
0.601394
0.642652
0.695725
0.75476
0.817354
0.882676
0.950278
1.01953
1.08966
1.15114
1.19726
1.23131
1.25703
1.27666
1.29093
1.2999
1.30347
1.30423
1.30437
0.541417
0.565104
0.609041
0.665777
0.729206
0.79675
0.867445
0.940683
1.01568
1.09143
1.15751
1.20675
1.24281
1.26987
1.29037
1.30525
1.31463
1.31862
1.3196
1.31976
0.508875
0.533003
0.579004
0.638783
0.70591
0.777722
0.853147
0.931444
1.01166
1.09259
1.16291
1.21494
1.25274
1.28087
1.30203
1.31736
1.32699
1.3313
1.3324
1.33255
0.479238
0.503777
0.551477
0.613841
0.684171
0.759712
0.839358
0.922243
1.00729
1.09307
1.16738
1.22203
1.2614
1.29045
1.31209
1.3277
1.33748
1.34194
1.34307
1.34317
0.451609
0.476522
0.525771
0.590336
0.663476
0.742319
0.825747
0.912824
1.00236
1.09276
1.17095
1.22816
1.26905
1.29894
1.32102
1.33681
1.34665
1.35118
1.35239
1.35246
0.425254
0.450597
0.501242
0.567803
0.643455
0.725244
0.812086
0.903007
0.996758
1.0916
1.17364
1.23345
1.27593
1.30671
1.32925
1.34523
1.3551
1.35959
1.36086
1.36096
0.399903
0.425683
0.477431
0.545934
0.623842
0.708287
0.79822
0.892672
0.990376
1.08952
1.17545
1.238
1.28221
1.31401
1.33708
1.35329
1.3632
1.36764
1.36883
1.36888
0.375194
0.401554
0.454335
0.524544
0.604474
0.691312
0.784051
0.881745
0.983152
1.08648
1.17636
1.24186
1.28801
1.32099
1.34472
1.36123
1.3712
1.37558
1.37662
1.3766
0.351044
0.377868
0.431798
0.503519
0.585272
0.674262
0.769533
0.870192
0.975057
1.08243
1.17636
1.24505
1.29339
1.32774
1.35226
1.36912
1.37911
1.38336
1.38428
1.38417
0.32738
0.354766
0.409683
0.482802
0.566209
0.657125
0.754668
0.858014
0.966082
1.07734
1.17537
1.2475
1.29833
1.3343
1.35973
1.37696
1.38691
1.39095
1.39171
1.39153
0.304115
0.332113
0.387981
0.462392
0.547278
0.639918
0.739488
0.845247
0.956242
1.07117
1.17329
1.2491
1.30281
1.34071
1.3672
1.38478
1.39459
1.39832
1.3989
1.39866
0.281268
0.309938
0.366734
0.442319
0.528532
0.622688
0.724052
0.831945
0.945572
1.0639
1.17004
1.24976
1.30673
1.34697
1.37473
1.3926
1.40207
1.40536
1.40573
1.40545
0.259011
0.288307
0.345985
0.422625
0.510018
0.605512
0.70843
0.818194
0.934142
1.05556
1.16557
1.24932
1.30994
1.35306
1.38249
1.40061
1.40938
1.41197
1.41209
1.41178
0.237377
0.267268
0.325767
0.403372
0.491804
0.588456
0.69272
0.804079
0.922043
1.04621
1.15983
1.24762
1.31222
1.35885
1.39066
1.40923
1.4168
1.41813
1.41788
1.41759
0.216311
0.246866
0.306123
0.384602
0.473957
0.571608
0.677015
0.789713
0.909379
1.0359
1.15277
1.24451
1.31329
1.36403
1.39928
1.41919
1.42533
1.42434
1.42308
1.42301
0.195989
0.227128
0.287117
0.366386
0.456543
0.555053
0.661412
0.775212
0.896272
1.02477
1.14443
1.23987
1.31284
1.36806
1.40791
1.43108
1.43708
1.43312
1.4291
1.42816
0.176324
0.208067
0.268732
0.348699
0.43953
0.538745
0.645854
0.760512
0.882651
1.01272
1.13466
1.23344
1.31053
1.3702
1.41544
1.44436
1.4539
1.45025
1.43986
1.4231
0.157392
0.189691
0.250847
0.331349
0.422621
0.522343
0.629916
0.745117
0.867962
0.999108
1.1228
1.22435
1.30571
1.36929
1.41929
1.45521
1.4693
1.45963
1.44218
1.42529
0.13937
0.17187
0.23365
0.314578
0.406122
0.5062
0.613829
0.729364
0.852528
0.984215
1.10899
1.21227
1.29783
1.36434
1.41434
1.45026
1.46764
1.44887
1.37864
1.34569
0.122913
0.153427
0.217471
0.298979
0.390749
0.49081
0.597888
0.713479
0.836572
0.968185
1.09322
1.19702
1.28581
1.35532
1.39652
1.42433
1.42558
1.37541
1.30416
1.25979
0.0666462
0.13722
0.202597
0.283423
0.375045
0.474764
0.582033
0.697188
0.81974
0.950599
1.07496
1.17821
1.26628
1.34312
1.34762
1.36173
1.32546
1.26041
1.1835
1.14021
0.105141
0.121187
0.18089
0.261388
0.352213
0.451661
0.557928
0.672256
0.79356
0.922572
1.04426
1.14499
1.22456
1.30197
1.29845
1.19342
1.09036
1.01874
0.945234
0.979803
0.073735
0.103105
0.163684
0.243592
0.334465
0.433574
0.540009
0.653614
0.773727
0.900742
1.01932
1.11592
1.18794
1.22896
1.18475
1.04105
0.913346
0.822157
0.721879
0.776067
0.0494728
0.0818028
0.143609
0.223809
0.314766
0.413723
0.52
0.632687
0.751297
0.875789
0.990519
1.0815
1.1439
1.15366
1.05091
0.876637
0.721212
0.600072
0.466527
0.502337
0.0257357
0.0596118
0.122614
0.203662
0.294799
0.393619
0.499348
0.611002
0.727937
0.849593
0.959717
1.04445
1.09192
1.06962
0.913374
0.713201
0.517571
0.34087
0.143637
0.132598
0.00267552
0.0369269
0.100815
0.182604
0.273957
0.37259
0.477662
0.588182
0.703216
0.821709
0.926699
1.00432
1.03454
0.977572
0.782682
0.566431
0.340905
0.140634
-0.114977
-0.435623
-0.0206715
0.0135503
0.0779448
0.160236
0.251818
0.350318
0.454811
0.564183
0.677238
0.792376
0.892082
0.961519
0.974215
0.866537
0.66938
0.453402
0.240277
0.0592874
-0.00935461
-0.103587
-0.0451892
-0.0109724
0.0536759
0.136217
0.227896
0.326179
0.430003
0.538065
0.648849
0.760167
0.85419
0.913782
0.901676
0.758574
0.569424
0.3734
0.204469
0.108201
0.0843197
0.0668298
-0.0712031
-0.0369634
0.0278443
0.110469
0.202071
0.299977
0.402902
0.509362
0.617476
0.724369
0.812261
0.859833
0.827989
0.658619
0.479108
0.309236
0.17778
0.137966
0.123321
0.121545
-0.0989232
-0.0645776
0.000394141
0.0830152
0.174408
0.271725
0.373512
0.478044
0.583062
0.684984
0.766027
0.8002
0.751605
0.565203
0.395292
0.243381
0.159156
0.143917
0.142299
0.142307
-0.128378
-0.093813
-0.0286847
0.0538802
0.144918
0.24146
0.341855
0.444124
0.545625
0.64209
0.71536
0.739113
0.656561
0.479528
0.317037
0.191005
0.155462
0.152569
0.152465
0.153079
-0.159264
-0.124497
-0.0592596
0.0231762
0.113717
0.209272
0.308002
0.407667
0.505211
0.59577
0.660845
0.669149
0.562763
0.39913
0.253723
0.170058
0.161282
0.159942
0.159372
0.15976
-0.191006
-0.156167
-0.0910516
-0.00884917
0.0810279
0.175362
0.272151
0.368853
0.462029
0.546253
0.603478
0.594738
0.478586
0.327739
0.202422
0.18218
0.16652
0.164008
0.165116
0.165721
-0.223146
-0.188345
-0.123543
-0.0417767
0.0472351
0.140103
0.234642
0.328031
0.416434
0.494095
0.542954
0.521344
0.398677
0.265383
0.162677
0.131275
0.153671
0.167192
0.170899
0.171904
-0.254844
-0.220296
-0.155948
-0.0749556
0.0129215
0.104037
0.19601
0.285756
0.368983
0.439942
0.479557
0.449264
0.322622
0.219996
0.132028
0.149294
0.1557
0.162488
0.168027
0.170839
-0.28454
-0.25086
-0.18738
-0.107486
-0.0210757
0.0679488
0.157029
0.242832
0.320556
0.384397
0.417891
0.371934
0.247411
0.186489
0.162332
0.133523
0.133891
0.138113
0.141055
0.143563
-0.31086
-0.278169
-0.216706
-0.138207
-0.0537081
0.0329052
0.11874
0.200312
0.272436
0.328275
0.360222
0.286202
0.158927
0.160628
0.20485
0.129129
0.0867745
0.0665928
0.061698
0.0625332
-0.331822
-0.300967
-0.241861
-0.165698
-0.0836107
0.000146862
0.0824767
0.159569
0.226118
0.27336
0.302459
0.197261
0.0179904
-0.0616646
-0.0210824
-0.057586
-0.0964503
-0.116443
-0.110981
-0.103627
-0.345476
-0.31724
-0.261305
-0.188183
-0.109186
-0.028773
0.0497777
0.122412
0.183327
0.222498
0.242734
0.102931
-0.142039
-0.56127
-0.663842
-0.393402
-0.317908
-0.299036
-0.28338
-0.278484
-0.349433
-0.325033
-0.273259
-0.203972
-0.1287
-0.0521241
0.0225167
0.0909015
0.146452
0.178637
0.182252
0.0373412
-0.145608
-0.268281
-0.320581
-0.275802
-0.334226
-0.316009
-0.310322
-0.309322
-0.342173
-0.32219
-0.27578
-0.21154
-0.140631
-0.0682083
0.00263836
0.0674343
0.118795
0.145526
0.133551
0.0528811
0.0652827
0.371777
0.578696
0.178412
-0.157172
-0.235688
-0.261309
-0.262989
-0.321802
-0.30611
-0.267404
-0.209761
-0.143967
-0.0757071
-0.0081814
0.0544399
0.104334
0.128568
0.109623
-0.00289605
-0.180508
-0.492708
-0.955422
-1.35141
-1.30348
-0.919523
-0.630277
-0.588285
-0.289746
-0.27909
-0.248467
-0.198802
-0.138452
-0.0741596
-0.00883511
0.0534933
0.106283
0.134834
0.112435
-0.0847869
-0.648448
-1.46829
-2.03355
-2.36038
-2.27924
-1.96713
-1.62066
-1.42106
-0.250577
-0.244332
-0.222486
-0.180664
-0.125688
-0.0643241
0.000494926
0.0654763
0.125541
0.172403
0.178939
0.0644143
-0.254929
-0.629805
-0.967552
-1.01244
-0.805941
-0.523571
-0.283136
-0.154702
-0.210742
-0.207318
-0.194226
-0.159786
-0.108624
-0.0485695
0.0177175
0.0889254
0.161692
0.237752
0.307339
0.407258
0.540222
0.832171
1.19884
1.5993
1.93846
2.16174
2.27772
2.32061
-0.17659
-0.174584
-0.167573
-0.140425
-0.0921334
-0.0306984
0.0390906
0.117473
0.206369
0.307
0.437842
0.590295
0.935341
1.48988
2.12359
2.69422
3.1236
3.3785
3.48996
3.51992
-0.14457
-0.144032
-0.141843
-0.123104
-0.0780152
-0.0148474
0.059171
0.142973
0.238626
0.350926
0.475694
0.616675
0.84397
1.34866
1.9125
2.41451
2.78359
2.9969
3.09474
3.123
-0.11611
-0.115533
-0.114974
-0.10416
-0.0644689
-0.000413593
0.076363
0.162521
0.256988
0.365757
0.481189
0.605615
0.753095
1.09854
1.55378
1.93412
2.22219
2.39135
2.4675
2.48854
-0.0948622
-0.0934539
-0.0932805
-0.0873092
-0.0507088
0.0149646
0.0938328
0.179346
0.270771
0.373549
0.476499
0.577121
0.674818
0.889941
1.20818
1.4843
1.68883
1.80648
1.85823
1.87109
-0.0833417
-0.084262
-0.0871519
-0.0805458
-0.0375909
0.0350458
0.116438
0.199134
0.284452
0.37601
0.461769
0.535412
0.606537
0.741741
0.952368
1.13556
1.27006
1.34744
1.38092
1.38883
-0.0506256
-0.0551199
-0.0610788
-0.0502312
-0.00280631
0.0716842
0.14925
0.224433
0.299493
0.376965
0.446577
0.500135
0.55027
0.63459
0.774652
0.892559
0.975621
1.02224
1.04105
1.04339
0.0480529
0.0425792
0.0378593
0.0473801
0.084575
0.139957
0.199254
0.258468
0.318613
0.380713
0.434646
0.471242
0.50149
0.555588
0.647547
0.725156
0.776434
0.804053
0.814277
0.814894
0.194335
0.191378
0.188027
0.190664
0.205943
0.231083
0.263135
0.300001
0.341589
0.387592
0.427234
0.452553
0.472482
0.505926
0.5647
0.614556
0.646913
0.663715
0.670141
0.669872
0.324995
0.323873
0.321013
0.316243
0.312732
0.314552
0.323787
0.340801
0.365852
0.397708
0.427196
0.446973
0.459194
0.485946
0.524188
0.554439
0.573317
0.582669
0.585697
0.584927
0.405345
0.404859
0.401897
0.394006
0.382509
0.37319
0.370021
0.374633
0.387685
0.408752
0.432074
0.450641
0.464378
0.485922
0.511197
0.528132
0.537709
0.542268
0.543535
0.542492
0.441949
0.441522
0.438883
0.431588
0.420014
0.408549
0.400745
0.39896
0.404683
0.418623
0.438766
0.459094
0.477676
0.494165
0.508232
0.516957
0.522839
0.525776
0.52673
0.525654
0.453251
0.452815
0.450744
0.445352
0.436451
0.426646
0.418597
0.414554
0.416164
0.425479
0.442684
0.465653
0.489554
0.503728
0.508543
0.51342
0.517985
0.521437
0.522717
0.521411
0.453322
0.452896
0.451345
0.44771
0.441658
0.434404
0.427599
0.422989
0.42207
0.427207
0.441065
0.464416
0.489521
0.499594
0.499789
0.504151
0.512318
0.51867
0.520765
0.518911
0.449847
0.449453
0.448268
0.445752
0.441749
0.436574
0.43108
0.426372
0.42347
0.424016
0.431086
0.447564
0.46877
0.472013
0.472144
0.480964
0.492493
0.501715
0.50519
0.503481
0.446187
0.445845
0.444905
0.442941
0.440009
0.436224
0.431684
0.426791
0.421762
0.416455
0.411933
0.411506
0.414867
0.413573
0.420498
0.437771
0.45557
0.467877
0.471854
0.469943
0.443234
0.442973
0.44228
0.440697
0.438291
0.435153
0.431294
0.426288
0.41935
0.408012
0.38899
0.364379
0.336657
0.334196
0.355971
0.383448
0.404409
0.41612
0.418594
0.416884
0.440549
0.440401
0.440007
0.438934
0.436896
0.434449
0.431081
0.426641
0.419375
0.40396
0.371802
0.319514
0.269614
0.269085
0.30376
0.333721
0.349233
0.356241
0.358551
0.358703
0.436953
0.43692
0.436828
0.436373
0.435142
0.433649
0.431868
0.429194
0.423851
0.410354
0.377181
0.315189
0.256098
0.26441
0.296673
0.316782
0.324909
0.326988
0.328268
0.328362
0.431225
0.431362
0.431682
0.432011
0.432193
0.432196
0.432723
0.433219
0.432755
0.425987
0.403289
0.355642
0.316659
0.323046
0.334041
0.335499
0.332515
0.330023
0.329177
0.328704
0.421885
0.422179
0.422836
0.423833
0.425383
0.4281
0.432124
0.437755
0.444421
0.448548
0.444011
0.42397
0.409107
0.402094
0.386186
0.365598
0.3518
0.344709
0.34348
0.343762
0.406627
0.407172
0.408514
0.410883
0.414427
0.419979
0.42843
0.439875
0.454367
0.472115
0.485522
0.491444
0.494735
0.471577
0.436085
0.405801
0.384926
0.374991
0.371379
0.371044
0.38207
0.382972
0.385208
0.389151
0.39519
0.404272
0.417496
0.435567
0.458513
0.486468
0.512899
0.530258
0.537066
0.503038
0.461271
0.434508
0.417543
0.404668
0.398938
0.399084
0.344149
0.345503
0.34875
0.354668
0.363832
0.376787
0.394455
0.417692
0.44593
0.478502
0.506205
0.517302
0.514858
0.483326
0.460519
0.446838
0.443284
0.434487
0.428254
0.428506
0.288937
0.290578
0.294846
0.302954
0.31527
0.331948
0.35283
0.377588
0.402731
0.429099
0.455977
0.462439
0.445176
0.42163
0.424293
0.441215
0.448152
0.439002
0.432533
0.431288
0.214542
0.215843
0.220849
0.230807
0.245413
0.264001
0.284433
0.300871
0.311045
0.322498
0.350589
0.353996
0.33226
0.306403
0.340847
0.373219
0.384976
0.375947
0.371208
0.370026
0.123194
0.124538
0.128804
0.138399
0.151932
0.167977
0.181913
0.182502
0.162385
0.162611
0.19954
0.209731
0.174129
0.17958
0.214477
0.26683
0.266484
0.255812
0.249176
0.246708
0.0277285
0.0272695
0.0272141
0.028105
0.0289824
0.0321506
0.0347404
0.0272809
0.00396765
0.00414829
0.0356878
0.0579576
0.0618624
0.0420021
0.0448571
0.0303259
0.0451504
0.05341
0.0528573
0.0521961
0.383196
0.561879
0.7706
0.949725
1.0939
1.20872
1.30441
1.3852
1.42126
1.3982
0.708561
0.836668
0.973746
1.09242
1.19287
1.27639
1.34399
1.39186
1.41604
1.42792
0.940496
1.02797
1.12133
1.20408
1.27536
1.33502
1.38239
1.41697
1.4418
1.45957
1.10922
1.17091
1.23634
1.29618
1.34827
1.39247
1.42868
1.45748
1.48095
1.49913
1.23986
1.28514
1.33277
1.37833
1.4186
1.45367
1.48363
1.50847
1.52929
1.54705
1.34725
1.3813
1.42063
1.45736
1.49099
1.52106
1.54728
1.56925
1.5874
1.60471
1.44169
1.4711
1.50594
1.5388
1.56938
1.59708
1.62126
1.64129
1.657
1.67407
1.53151
1.56117
1.59571
1.6282
1.65821
1.68514
1.70829
1.72698
1.7405
1.75754
1.62762
1.66102
1.69802
1.73191
1.76222
1.78863
1.81076
1.82818
1.84015
1.85757
1.74318
1.78099
1.81988
1.85435
1.88387
1.90875
1.92923
1.94521
1.95675
1.97483
1.8885
1.92716
1.96327
1.99406
2.01983
2.042
2.06113
2.07671
2.08918
2.10719
2.06351
2.09538
2.12161
2.14407
2.16409
2.18286
2.20061
2.21712
2.2325
2.25058
2.25221
2.26951
2.28464
2.30091
2.31684
2.3314
2.34463
2.35857
2.37613
2.3963
2.43415
2.44362
2.45518
2.46602
2.47532
2.48492
2.49574
2.50712
2.5185
2.53386
2.64131
2.645
2.63007
2.61527
2.60902
2.61472
2.63321
2.66353
2.69571
2.72237
2.94765
2.81279
2.73617
2.69383
2.67642
2.68039
2.7078
2.76422
2.86685
3.09121
1.22721
1.22508
1.22059
1.21196
1.19973
1.18758
1.17734
1.16941
1.16375
1.16042
1.15998
1.16263
1.16765
1.17482
1.18416
1.19567
1.20829
1.21931
1.22542
1.22846
1.15168
1.15752
1.16386
1.16834
1.1708
1.17046
1.1677
1.16386
1.1603
1.15797
1.15773
1.15983
1.16341
1.16763
1.17139
1.17324
1.17227
1.16877
1.16359
1.15697
1.14329
1.14558
1.14898
1.15197
1.15403
1.15551
1.15624
1.15589
1.15481
1.15385
1.15392
1.15524
1.15696
1.15819
1.15832
1.15738
1.1558
1.15344
1.15015
1.14723
1.13782
1.13891
1.14073
1.14311
1.14512
1.14653
1.14752
1.14823
1.14857
1.14871
1.14908
1.14976
1.15025
1.15023
1.14974
1.14884
1.14733
1.14521
1.14309
1.1417
1.13267
1.13334
1.13444
1.13614
1.13791
1.13953
1.1408
1.14176
1.14258
1.14327
1.14386
1.14426
1.14432
1.14404
1.14339
1.14226
1.14077
1.13918
1.13783
1.13704
1.12778
1.12824
1.12902
1.13032
1.1318
1.1333
1.13474
1.13599
1.13704
1.13798
1.13873
1.13912
1.1391
1.13869
1.13787
1.13678
1.13558
1.13438
1.13342
1.1329
1.12305
1.12339
1.124
1.12507
1.12636
1.12772
1.12914
1.13054
1.13183
1.13297
1.13389
1.13436
1.13433
1.13387
1.13311
1.1322
1.13124
1.13029
1.12957
1.12918
1.11844
1.11871
1.1192
1.12012
1.12129
1.12258
1.12395
1.12539
1.12684
1.1282
1.12932
1.12991
1.12995
1.12959
1.129
1.12827
1.12748
1.12673
1.12617
1.12588
1.11389
1.1141
1.11451
1.11532
1.11642
1.11767
1.11903
1.1205
1.12206
1.12363
1.12498
1.12577
1.12599
1.12582
1.12541
1.12485
1.12422
1.12363
1.12321
1.12297
1.10932
1.10949
1.10984
1.11058
1.11164
1.11287
1.11425
1.11579
1.11747
1.11924
1.12087
1.12195
1.12244
1.1225
1.12228
1.12189
1.12142
1.12097
1.12064
1.12046
1.10467
1.1048
1.10511
1.10581
1.10687
1.10813
1.10958
1.11123
1.1131
1.11514
1.11711
1.11856
1.11934
1.11964
1.11963
1.11941
1.11908
1.11874
1.1185
1.11836
1.09988
1.09998
1.10025
1.10094
1.10203
1.10335
1.1049
1.10673
1.10884
1.11122
1.11363
1.11551
1.11664
1.11723
1.11745
1.11742
1.11723
1.11701
1.11684
1.11673
1.09487
1.09494
1.0952
1.0959
1.09704
1.09847
1.10016
1.10219
1.10462
1.10745
1.1104
1.1128
1.11435
1.11529
1.11578
1.11596
1.11593
1.11582
1.11572
1.11564
1.0896
1.08965
1.08989
1.0906
1.09181
1.09338
1.09527
1.09757
1.10036
1.10369
1.10731
1.11039
1.11252
1.11389
1.11469
1.11512
1.11526
1.11527
1.11524
1.11519
1.08398
1.08399
1.08422
1.08498
1.0863
1.08805
1.0902
1.09288
1.09621
1.10025
1.10471
1.10856
1.1113
1.11314
1.11432
1.115
1.11538
1.11553
1.11557
1.11554
1.0779
1.0779
1.07811
1.07889
1.08032
1.08225
1.0847
1.0878
1.09172
1.09658
1.10205
1.10691
1.11047
1.11297
1.11464
1.11571
1.11637
1.1167
1.11683
1.11682
1.07108
1.07105
1.0713
1.07213
1.0737
1.07589
1.07874
1.08244
1.08717
1.09309
1.09983
1.10589
1.11037
1.11358
1.11584
1.11742
1.11843
1.11899
1.1192
1.11921
1.0633
1.06325
1.06352
1.06443
1.06618
1.0687
1.07206
1.07648
1.08222
1.08946
1.09777
1.10528
1.11093
1.11505
1.11802
1.12015
1.12159
1.12242
1.12273
1.12275
1.05403
1.05397
1.05428
1.05534
1.05735
1.06031
1.06435
1.06973
1.07676
1.08567
1.0959
1.10518
1.11218
1.11736
1.12117
1.12396
1.12589
1.12701
1.12742
1.12744
1.04268
1.0426
1.043
1.04428
1.04672
1.05036
1.05535
1.06204
1.07078
1.08181
1.09438
1.10575
1.11433
1.12073
1.12546
1.12898
1.13144
1.13284
1.13334
1.13336
1.02859
1.02849
1.02903
1.03067
1.03372
1.03833
1.04464
1.05307
1.06401
1.07768
1.09311
1.10694
1.11739
1.12518
1.131
1.13532
1.13834
1.14004
1.14064
1.14066
1.01087
1.01076
1.0115
1.01368
1.01766
1.02365
1.03183
1.04263
1.05646
1.07344
1.09229
1.109
1.12156
1.13094
1.13797
1.14319
1.14684
1.14886
1.14955
1.14957
0.988136
0.988011
0.989122
0.992137
0.997516
1.00555
1.01639
1.03045
1.04804
1.06911
1.09202
1.11202
1.12696
1.13812
1.14651
1.15277
1.15713
1.15947
1.16024
1.16025
0.958045
0.957955
0.959722
0.964178
0.97188
0.983125
0.99789
1.01645
1.03889
1.06494
1.09252
1.1162
1.13376
1.14685
1.15676
1.1642
1.16931
1.17197
1.17281
1.17279
0.916465
0.916553
0.919742
0.92714
0.939113
0.955639
0.976235
1.00087
1.02937
1.06126
1.09405
1.1217
1.14203
1.15723
1.16879
1.17752
1.18336
1.18629
1.18717
1.18712
0.855798
0.857054
0.864787
0.87866
0.898387
0.923282
0.952049
0.984417
1.02009
1.0585
1.09685
1.12862
1.15183
1.1692
1.18245
1.19236
1.19896
1.20216
1.20299
1.2029
0.783635
0.785639
0.80021
0.824071
0.854624
0.889288
0.927005
0.967678
1.0111
1.05679
1.10173
1.1388
1.16603
1.18658
1.20227
1.21388
1.2216
1.22532
1.22635
1.22633
0.709599
0.716216
0.737655
0.771486
0.812061
0.856201
0.90281
0.951788
1.00303
1.05611
1.10784
1.15043
1.18179
1.20556
1.22386
1.23758
1.24653
1.25009
1.25111
1.25132
0.650027
0.658552
0.684727
0.725352
0.773533
0.825584
0.8801
0.936815
0.995488
1.05566
1.11386
1.16152
1.19651
1.22293
1.24309
1.25811
1.2677
1.27227
1.27403
1.27434
0.601755
0.610842
0.640451
0.685935
0.739911
0.798253
0.859378
0.922878
0.988309
1.05506
1.11924
1.17149
1.20959
1.23816
1.25991
1.27615
1.28704
1.29227
1.29433
1.29468
0.561441
0.57075
0.60266
0.651859
0.710432
0.7739
0.840612
0.910013
0.98147
1.05421
1.12386
1.1802
1.22099
1.25138
1.2744
1.29161
1.30318
1.30909
1.31138
1.31177
0.526491
0.535895
0.569519
0.621716
0.684035
0.751822
0.823358
0.897957
0.974841
1.05304
1.12769
1.18772
1.23085
1.26272
1.28669
1.30457
1.31668
1.32305
1.3255
1.32591
0.495248
0.504699
0.539646
0.59435
0.65982
0.731316
0.807094
0.886346
0.968165
1.0514
1.13071
1.19416
1.23939
1.27254
1.29727
1.3156
1.32803
1.33472
1.33726
1.33769
0.466484
0.475998
0.512074
0.568921
0.637103
0.711851
0.791388
0.874841
0.961198
1.04916
1.1329
1.19962
1.24685
1.28116
1.30654
1.32516
1.33776
1.34462
1.34712
1.34759
0.439407
0.44898
0.486074
0.544798
0.615419
0.693041
0.775932
0.863197
0.953751
1.04618
1.13422
1.20418
1.25342
1.28889
1.31489
1.33384
1.34655
1.35348
1.356
1.35631
0.413496
0.423185
0.461219
0.521554
0.594399
0.6746
0.760515
0.851248
0.945691
1.04236
1.13463
1.20791
1.25926
1.29599
1.32269
1.34198
1.35483
1.36173
1.36424
1.36451
0.388359
0.398246
0.437105
0.498999
0.573816
0.65634
0.744987
0.838883
0.936936
1.03765
1.13411
1.21084
1.26449
1.30265
1.33016
1.34987
1.36289
1.36978
1.37218
1.37247
0.36381
0.373936
0.413583
0.476976
0.553544
0.638152
0.729267
0.826044
0.927431
1.03199
1.13262
1.21297
1.26916
1.30895
1.33744
1.35767
1.37088
1.37773
1.38
1.38023
0.339796
0.350158
0.390635
0.455345
0.533517
0.620005
0.713331
0.812712
0.917164
1.02536
1.13012
1.21427
1.27327
1.31495
1.34459
1.3654
1.3788
1.38554
1.38764
1.38779
0.316222
0.326906
0.368118
0.434081
0.513711
0.601884
0.697187
0.798907
0.906151
1.01774
1.12653
1.21463
1.27677
1.32066
1.35165
1.37312
1.38664
1.39322
1.39509
1.39513
0.293134
0.304115
0.346097
0.413196
0.494147
0.583821
0.680883
0.784678
0.894427
1.00914
1.12179
1.21396
1.27956
1.32606
1.35867
1.38086
1.39439
1.40062
1.4022
1.40216
0.270513
0.281815
0.324594
0.392732
0.474869
0.565868
0.664476
0.770099
0.88206
0.999579
1.11588
1.21215
1.28151
1.33108
1.36573
1.38874
1.40207
1.40771
1.40891
1.40877
0.248554
0.260104
0.303644
0.372737
0.455937
0.548109
0.648044
0.75525
0.869132
0.98914
1.10879
1.20909
1.28243
1.33556
1.37287
1.39703
1.40991
1.41449
1.4151
1.41486
0.227129
0.239032
0.283287
0.35325
0.437395
0.53059
0.631683
0.740223
0.855747
0.977915
1.10054
1.20467
1.28211
1.33926
1.38003
1.40614
1.41856
1.4213
1.42074
1.42034
0.20641
0.218634
0.263562
0.334329
0.41933
0.513402
0.615482
0.725143
0.842021
0.965983
1.09119
1.19883
1.28034
1.34178
1.38685
1.41631
1.42928
1.42971
1.42648
1.42496
0.186346
0.198871
0.244528
0.316034
0.401786
0.496617
0.599528
0.710096
0.828072
0.953491
1.08083
1.19151
1.27694
1.34265
1.39253
1.427
1.44314
1.44323
1.43595
1.42598
0.16702
0.17979
0.226084
0.298211
0.384551
0.479948
0.583472
0.694662
0.813428
0.939905
1.06889
1.18207
1.27131
1.34126
1.39585
1.43666
1.45933
1.46275
1.45348
1.44458
0.14849
0.161479
0.208234
0.280906
0.367641
0.463392
0.567339
0.678829
0.798054
0.925125
1.05521
1.17019
1.26279
1.33687
1.3943
1.43964
1.46543
1.47403
1.43762
1.38391
0.131032
0.144715
0.191083
0.264183
0.350949
0.446817
0.551085
0.662717
0.782018
0.909227
1.03975
1.15575
1.25043
1.32923
1.38598
1.42466
1.45156
1.44126
1.38409
1.31875
0.114329
0.12888
0.174823
0.248667
0.334807
0.430704
0.53449
0.64639
0.765468
0.89239
1.02256
1.13862
1.23317
1.31947
1.36955
1.42223
1.39477
1.35454
1.28482
1.21573
0.128187
0.146292
0.195067
0.27317
0.364248
0.463982
0.573157
0.688044
0.810214
0.940537
1.06429
1.1671
1.25327
1.34499
1.39438
1.31437
1.27011
1.20792
1.13471
1.08603
0.103678
0.120051
0.155811
0.224112
0.309797
0.405158
0.509074
0.620322
0.738557
0.86414
0.992268
1.10634
1.19748
1.27775
1.34944
1.35115
1.23075
1.14734
1.08457
1.00059
0.0833613
0.0990679
0.140539
0.210269
0.296216
0.39119
0.493912
0.604223
0.721428
0.845505
0.971757
1.08345
1.17158
1.23921
1.26659
1.19668
1.05623
0.959635
0.883758
0.793892
0.0626115
0.075196
0.12114
0.192172
0.278316
0.373478
0.476135
0.586081
0.702324
0.824805
0.948109
1.05518
1.13612
1.18827
1.16695
1.03855
0.884847
0.765429
0.665972
0.52663
0.0386228
0.0517414
0.0997497
0.171927
0.25842
0.353606
0.456134
0.565448
0.680527
0.801048
0.9209
1.02265
1.09576
1.12806
1.07082
0.887093
0.702238
0.544866
0.399223
0.199239
0.0156856
0.0284221
0.0776815
0.151042
0.238057
0.333206
0.435353
0.543786
0.657456
0.775659
0.891684
0.987577
1.05215
1.05481
0.946435
0.743959
0.526189
0.318146
0.133012
-0.280527
-0.00728411
0.00506397
0.0548241
0.129065
0.216507
0.31169
0.413447
0.520988
0.633142
0.748795
0.860678
0.950086
1.00407
0.972897
0.823013
0.617316
0.392927
0.172602
-0.0158664
-0.320486
-0.0311695
-0.0189753
0.0309585
0.105745
0.193491
0.288717
0.390124
0.496797
0.607379
0.720318
0.827824
0.910289
0.950905
0.901717
0.71198
0.514686
0.310575
0.137501
0.0642125
0.0282612
-0.0564456
-0.0444149
0.00570899
0.0807831
0.168629
0.263735
0.364635
0.470212
0.578897
0.688649
0.791146
0.866024
0.892054
0.812601
0.613178
0.429074
0.260584
0.150223
0.113419
0.102124
-0.0833011
-0.0713364
-0.0210845
0.0541666
0.141985
0.2368
0.336979
0.4412
0.547617
0.653687
0.750499
0.81768
0.821417
0.708002
0.523586
0.353124
0.210594
0.152083
0.138862
0.133563
-0.111855
-0.100035
-0.0494854
0.025894
0.113581
0.207929
0.307174
0.409743
0.51352
0.615463
0.705917
0.765054
0.742732
0.609364
0.43845
0.278666
0.175849
0.140948
0.146848
0.147318
-0.142007
-0.130266
-0.0794611
-0.00397651
0.0834779
0.177194
0.275263
0.375888
0.476644
0.573981
0.657694
0.706687
0.66969
0.516506
0.360574
0.218236
0.174124
0.161013
0.156749
0.156434
-0.173412
-0.161642
-0.110785
-0.0352532
0.051836
0.144734
0.241379
0.339754
0.43709
0.529371
0.606012
0.643421
0.602176
0.435433
0.29122
0.189737
0.139609
0.156728
0.161196
0.162067
-0.205583
-0.193864
-0.143049
-0.0676031
0.0189771
0.110843
0.205804
0.301604
0.395129
0.481957
0.551207
0.580146
0.520172
0.36312
0.231345
0.166507
0.163252
0.164441
0.166758
0.167952
-0.237687
-0.226228
-0.175393
-0.100492
-0.0146022
0.0759853
0.168964
0.261865
0.351211
0.432238
0.494052
0.51199
0.431835
0.3005
0.181396
0.166115
0.159123
0.163408
0.170223
0.173199
-0.268739
-0.257662
-0.207245
-0.132978
-0.0481804
0.0408382
0.131525
0.221197
0.306053
0.380803
0.435822
0.437149
0.34676
0.243957
0.165698
0.1046
0.132424
0.149781
0.156125
0.160006
-0.297254
-0.286653
-0.237271
-0.164103
-0.0807517
0.00631437
0.0943848
0.180504
0.260632
0.328675
0.377398
0.367125
0.258132
0.186607
0.173116
0.151733
0.128664
0.114921
0.110583
0.111035
-0.321693
-0.311795
-0.263819
-0.192451
-0.111119
-0.0263413
0.0587045
0.140994
0.216196
0.277562
0.318536
0.300657
0.159484
0.0761868
0.155125
0.119735
0.0384808
-0.000766819
-0.0119244
-0.0108001
-0.339955
-0.330918
-0.28514
-0.216254
-0.13768
-0.0557973
0.0259313
0.104175
0.174335
0.22931
0.259196
0.232685
0.0452285
-0.200981
-0.34811
-0.277501
-0.222556
-0.224585
-0.221186
-0.206484
-0.350208
-0.341974
-0.299319
-0.23386
-0.158704
-0.080331
-0.0023262
0.0718341
0.137101
0.185851
0.202587
0.172683
-0.0557403
-0.355132
-0.800528
-0.486657
-0.388224
-0.346477
-0.32107
-0.309609
-0.348846
-0.341979
-0.304954
-0.243477
-0.172529
-0.0982509
-0.024215
0.0460825
0.107009
0.149923
0.156666
0.118016
-0.025057
0.0292979
0.217432
0.164664
-0.147111
-0.287606
-0.288983
-0.287472
-0.334621
-0.329926
-0.299684
-0.243893
-0.177778
-0.108148
-0.0380318
0.0290033
0.0870817
0.126197
0.130383
0.0865585
0.0202439
0.090517
0.358818
-0.00774506
-0.284216
-0.339867
-0.293812
-0.286299
-0.307684
-0.304177
-0.282063
-0.234391
-0.174175
-0.109206
-0.0425893
0.0222673
0.0800816
0.120524
0.124027
0.0580887
-0.247141
-0.819239
-1.55658
-2.06909
-2.14732
-1.82989
-1.45355
-1.18691
-0.271279
-0.269043
-0.254706
-0.216353
-0.162386
-0.10174
-0.0377443
0.0269243
0.0873907
0.13602
0.149464
0.0957416
-0.279827
-0.859347
-1.52243
-1.92669
-1.97132
-1.74473
-1.44551
-1.20866
-0.230734
-0.229502
-0.221056
-0.193146
-0.145401
-0.0877354
-0.0247165
0.0422891
0.109615
0.172785
0.224167
0.257774
0.183386
0.129089
0.152176
0.295095
0.575699
0.851724
1.05971
1.1822
-0.192941
-0.192233
-0.188306
-0.168308
-0.12665
-0.0705424
-0.00650135
0.0648189
0.143118
0.226423
0.325162
0.43546
0.6585
1.05997
1.59189
2.13871
2.59595
2.92314
3.12313
3.21125
-0.160791
-0.159897
-0.158281
-0.147024
-0.110812
-0.0550234
0.0123945
0.0891462
0.175961
0.27718
0.39533
0.538735
0.729129
1.15413
1.75199
2.34531
2.82593
3.13626
3.29389
3.35413
-0.130107
-0.129723
-0.1293
-0.12434
-0.0960809
-0.0414587
0.0291266
0.109682
0.199736
0.302857
0.417425
0.547049
0.67915
0.979527
1.49063
1.96933
2.36074
2.62118
2.75772
2.80875
-0.104218
-0.103361
-0.102415
-0.101022
-0.0808389
-0.0277595
0.044972
0.126983
0.216515
0.315178
0.424599
0.536812
0.652704
0.819712
1.18223
1.5448
1.83466
2.02822
2.12679
2.16302
-0.0898143
-0.0885983
-0.0889743
-0.0891321
-0.0697088
-0.0124608
0.0636387
0.146092
0.232701
0.325494
0.423156
0.513176
0.599788
0.704499
0.940305
1.18886
1.38674
1.51845
1.58507
1.60937
-0.0734242
-0.0740854
-0.0785956
-0.0789943
-0.0538499
0.0108608
0.0906647
0.171202
0.251332
0.333392
0.416258
0.486404
0.550435
0.616286
0.771535
0.934753
1.06165
1.14511
1.18562
1.19933
-0.00955332
-0.0121698
-0.0196799
-0.0196303
0.00693355
0.0664109
0.136718
0.206528
0.274566
0.343077
0.410534
0.46458
0.506393
0.544108
0.649861
0.756691
0.836372
0.886747
0.910123
0.917734
0.120393
0.11722
0.112299
0.111993
0.128236
0.163667
0.207079
0.25456
0.304099
0.356417
0.408555
0.448054
0.473372
0.493111
0.564687
0.634885
0.686005
0.716624
0.730916
0.734754
0.265987
0.264173
0.261635
0.258786
0.260165
0.268525
0.284212
0.307066
0.336683
0.372346
0.410716
0.440534
0.456172
0.471349
0.516133
0.56113
0.593407
0.612087
0.620194
0.62202
0.37242
0.37149
0.370035
0.365149
0.356599
0.348876
0.346966
0.352807
0.367041
0.389364
0.416814
0.439906
0.4549
0.469357
0.500562
0.528099
0.545791
0.555616
0.559616
0.560152
0.428342
0.427821
0.426588
0.421426
0.410922
0.398583
0.389539
0.386596
0.391341
0.404212
0.424593
0.445781
0.463279
0.47905
0.500285
0.516267
0.525774
0.53081
0.532502
0.532409
0.449971
0.449597
0.448508
0.444347
0.435666
0.424512
0.414628
0.408638
0.408468
0.415735
0.431213
0.452235
0.474236
0.492856
0.505027
0.511483
0.517165
0.52167
0.524273
0.524248
0.454248
0.453936
0.453008
0.450027
0.443991
0.43573
0.427464
0.421268
0.418887
0.422224
0.433659
0.454142
0.479442
0.500133
0.505529
0.508742
0.513595
0.517771
0.5209
0.520884
0.451882
0.451601
0.450836
0.448732
0.444775
0.439099
0.432792
0.427203
0.423694
0.423865
0.430603
0.446752
0.470841
0.488594
0.489275
0.49143
0.498919
0.508363
0.514203
0.514209
0.448066
0.447803
0.44717
0.445569
0.442809
0.438893
0.434098
0.429117
0.424641
0.421362
0.420821
0.426243
0.438672
0.446977
0.445162
0.454674
0.470217
0.484392
0.492238
0.492034
0.44475
0.444516
0.444023
0.442743
0.440527
0.437528
0.433736
0.429092
0.423656
0.416856
0.40671
0.394066
0.381962
0.375335
0.379658
0.399428
0.421023
0.436703
0.444672
0.445115
0.442034
0.441845
0.441521
0.440575
0.438783
0.436259
0.43299
0.428909
0.423114
0.413609
0.39431
0.361609
0.316699
0.292571
0.310373
0.341653
0.367227
0.380732
0.385929
0.386431
0.439046
0.438918
0.438808
0.438309
0.436945
0.435441
0.432755
0.429603
0.424736
0.415897
0.39247
0.346174
0.275406
0.246694
0.274952
0.309691
0.329735
0.339432
0.341533
0.341848
0.434543
0.43448
0.4346
0.434624
0.434147
0.433431
0.432743
0.431837
0.430161
0.42413
0.405562
0.362625
0.299262
0.278662
0.300235
0.317941
0.32238
0.32235
0.322385
0.323594
0.427146
0.427121
0.4275
0.428161
0.429113
0.430146
0.431441
0.434099
0.437091
0.439272
0.43194
0.407554
0.370142
0.360207
0.360825
0.35539
0.345084
0.337682
0.335492
0.335074
0.415285
0.415427
0.416231
0.417582
0.419471
0.422564
0.427293
0.434403
0.444344
0.455292
0.464825
0.46253
0.453087
0.449561
0.426548
0.399854
0.377625
0.365204
0.359616
0.358097
0.3958
0.396123
0.397377
0.399669
0.403435
0.409348
0.418191
0.430565
0.447448
0.468757
0.491588
0.509315
0.523763
0.514754
0.472635
0.434883
0.409223
0.392291
0.384361
0.383534
0.365042
0.365605
0.367419
0.37101
0.377065
0.386275
0.399407
0.417627
0.440808
0.469856
0.499002
0.52183
0.535138
0.521359
0.479486
0.452536
0.436875
0.426283
0.415872
0.414102
0.318855
0.319604
0.322058
0.327232
0.336041
0.348786
0.365884
0.38814
0.414426
0.445211
0.4736
0.493109
0.493498
0.473859
0.449751
0.449954
0.45167
0.44904
0.44021
0.437167
0.253945
0.254693
0.257611
0.264336
0.275688
0.291505
0.311344
0.334018
0.356532
0.374158
0.3974
0.414886
0.405983
0.37669
0.375837
0.399895
0.42035
0.419268
0.410891
0.408011
0.170415
0.171016
0.173936
0.181102
0.19333
0.210088
0.22917
0.244306
0.24692
0.242459
0.261363
0.288705
0.274481
0.238985
0.270547
0.308353
0.33795
0.33168
0.322648
0.318173
0.0274624
0.0271411
0.0277119
0.0283288
0.0303394
0.033912
0.0328113
0.0166597
-0.00211579
0.0206828
0.0488661
0.0628456
0.0548986
0.0412382
0.04737
0.0270041
0.0512435
0.0531621
0.0525216
0.157506
-0.696534
0.0270889
0.489486
0.759373
0.955894
1.10792
1.22759
1.32633
1.42893
1.52059
0.400883
0.608782
0.79744
0.955782
1.08835
1.19722
1.28646
1.35934
1.40447
1.40956
0.756327
0.87846
0.997485
1.10369
1.19529
1.27273
1.33618
1.38433
1.41542
1.43391
0.978748
1.06144
1.14302
1.21785
1.2833
1.33918
1.38511
1.42109
1.44839
1.46799
1.14007
1.1962
1.25703
1.31284
1.36143
1.40367
1.43945
1.46907
1.4932
1.51055
1.26686
1.3088
1.35631
1.39799
1.43654
1.47087
1.50085
1.52643
1.54772
1.56222
1.37208
1.40727
1.44544
1.48057
1.51359
1.54385
1.57071
1.59372
1.61268
1.62459
1.46685
1.49843
1.53303
1.56618
1.59739
1.62613
1.65159
1.67312
1.69026
1.69992
1.55886
1.59172
1.62737
1.66171
1.6933
1.72184
1.74661
1.76709
1.78268
1.79098
1.66147
1.69907
1.73752
1.77403
1.80627
1.8343
1.85787
1.87697
1.89119
1.89974
1.78886
1.83128
1.87048
1.90648
1.937
1.96276
1.98438
2.00207
2.01563
2.02583
1.9505
1.99213
2.02594
2.05541
2.07998
2.10155
2.12118
2.13864
2.15341
2.16613
2.1409
2.17173
2.19315
2.21232
2.23039
2.24764
2.26388
2.27972
2.29625
2.31319
2.33889
2.35031
2.36139
2.37552
2.38981
2.40267
2.41405
2.42492
2.43784
2.45473
2.52473
2.53464
2.54331
2.54576
2.54662
2.5509
2.56172
2.57769
2.59532
2.59992
2.82577
2.77039
2.71958
2.67934
2.65696
2.65294
2.66644
2.70024
2.75669
2.83225
1.36942
1.31073
1.26825
1.23438
1.20971
1.19214
1.1796
1.17064
1.16448
1.16093
1.16045
1.16321
1.16858
1.17645
1.18733
1.20235
1.22334
1.25242
1.29117
1.33899
1.17099
1.17974
1.18526
1.18608
1.18258
1.17652
1.17006
1.16454
1.16064
1.15889
1.15997
1.16347
1.16867
1.17509
1.18182
1.18706
1.18867
1.18542
1.17806
1.1704
1.14804
1.15007
1.15467
1.15818
1.16067
1.16208
1.16177
1.15999
1.15774
1.15609
1.15599
1.15771
1.16034
1.16289
1.16432
1.16394
1.16206
1.15924
1.15517
1.15078
1.14117
1.14204
1.14452
1.14722
1.14922
1.15056
1.15151
1.15191
1.15171
1.15136
1.15159
1.15255
1.15354
1.15394
1.15357
1.15267
1.15123
1.14896
1.1463
1.14433
1.13557
1.13603
1.13743
1.13944
1.14136
1.14292
1.14403
1.14487
1.14552
1.14599
1.14648
1.14698
1.14718
1.14698
1.14643
1.14541
1.14385
1.14198
1.14031
1.13929
1.13046
1.13075
1.13166
1.13313
1.13474
1.13632
1.13771
1.13883
1.13976
1.14059
1.14127
1.14164
1.14165
1.1413
1.14054
1.13939
1.13803
1.13666
1.13554
1.13491
1.12559
1.12579
1.12647
1.12764
1.12902
1.13044
1.13188
1.13322
1.1344
1.13544
1.13627
1.13669
1.13666
1.1362
1.1354
1.1344
1.13332
1.13226
1.13143
1.13098
1.12088
1.12103
1.12158
1.12257
1.12379
1.12511
1.1265
1.12793
1.12931
1.13057
1.13157
1.1321
1.13209
1.13166
1.13099
1.13017
1.12929
1.12844
1.12781
1.12747
1.11628
1.1164
1.11685
1.1177
1.11884
1.1201
1.12146
1.12292
1.12442
1.12589
1.12711
1.1278
1.12791
1.12765
1.12715
1.1265
1.12579
1.12512
1.12463
1.12437
1.1117
1.1118
1.11218
1.11295
1.11403
1.11526
1.11663
1.11812
1.11974
1.12142
1.1229
1.12382
1.12416
1.1241
1.12379
1.12332
1.12277
1.12224
1.12187
1.12166
1.10708
1.10715
1.10748
1.1082
1.10926
1.1105
1.11191
1.1135
1.11526
1.11715
1.11894
1.1202
1.12083
1.12101
1.12089
1.12059
1.12018
1.11978
1.11951
1.11935
1.10235
1.10241
1.1027
1.10339
1.10446
1.10575
1.10725
1.10898
1.11097
1.11317
1.11535
1.117
1.11794
1.11838
1.11848
1.11835
1.11809
1.1178
1.1176
1.11747
1.09744
1.09749
1.09775
1.09844
1.09955
1.10093
1.10255
1.10447
1.10673
1.10932
1.11199
1.11411
1.11545
1.11621
1.11655
1.11662
1.11651
1.11633
1.11619
1.1161
1.09229
1.09233
1.09257
1.09327
1.09445
1.09595
1.09774
1.09989
1.10249
1.10555
1.10882
1.11153
1.11336
1.1145
1.11515
1.11546
1.1155
1.11544
1.11537
1.11531
1.08684
1.08687
1.0871
1.08782
1.08909
1.09076
1.09278
1.09526
1.0983
1.10195
1.10596
1.10942
1.11185
1.11343
1.11441
1.11499
1.11521
1.11528
1.11528
1.11524
1.08101
1.08101
1.08123
1.08199
1.08337
1.08522
1.08752
1.0904
1.09401
1.09845
1.10339
1.10771
1.11082
1.11298
1.11441
1.11528
1.11574
1.11596
1.11604
1.11603
1.07456
1.07458
1.07481
1.07559
1.07709
1.07915
1.08179
1.08516
1.08945
1.09479
1.10086
1.10631
1.11031
1.11315
1.11512
1.11645
1.11725
1.11767
1.11784
1.11785
1.0673
1.0673
1.06756
1.06839
1.07006
1.07243
1.07553
1.07957
1.08478
1.09134
1.09882
1.10555
1.11058
1.11422
1.11683
1.11867
1.11985
1.12053
1.12079
1.1208
1.05884
1.05885
1.05912
1.06006
1.06193
1.06468
1.06835
1.0732
1.07954
1.08755
1.09677
1.10514
1.11144
1.11608
1.11947
1.12192
1.12357
1.12453
1.1249
1.12491
1.04861
1.04861
1.04894
1.05004
1.05225
1.05556
1.06005
1.06603
1.07387
1.08378
1.09512
1.10539
1.11315
1.11891
1.12319
1.12632
1.12848
1.12972
1.13018
1.1302
1.036
1.036
1.03641
1.03777
1.04051
1.04464
1.05024
1.05773
1.0675
1.07976
1.0937
1.10625
1.11573
1.1228
1.12808
1.13198
1.13468
1.13621
1.13676
1.13678
1.02026
1.02026
1.02078
1.02255
1.02606
1.03137
1.03854
1.04806
1.06035
1.07557
1.09264
1.10786
1.11934
1.1279
1.13432
1.13905
1.14234
1.14418
1.14483
1.14485
1.0003
1.0003
1.00102
1.0034
1.00809
1.0151
1.02448
1.03678
1.05236
1.07128
1.09207
1.11038
1.1241
1.13435
1.14207
1.14775
1.15172
1.15388
1.15461
1.15463
0.974351
0.974364
0.975403
0.978825
0.985386
0.994948
1.00755
1.02368
1.04355
1.06699
1.09216
1.11396
1.13018
1.14229
1.15144
1.15825
1.16295
1.16543
1.16624
1.16624
0.939338
0.939378
0.941098
0.946512
0.95634
0.970063
0.987463
1.00884
1.03415
1.06302
1.09315
1.11878
1.1377
1.15185
1.16259
1.17065
1.1761
1.17888
1.17973
1.1797
0.889498
0.889786
0.89368
0.903579
0.91955
0.940038
0.964401
0.992699
1.02466
1.05974
1.09528
1.12498
1.14675
1.16304
1.17548
1.18482
1.19103
1.19411
1.19497
1.19489
0.817365
0.819782
0.830951
0.850425
0.876514
0.906387
0.939623
0.976124
1.01561
1.05753
1.09899
1.13318
1.15821
1.17703
1.19152
1.20244
1.20962
1.2132
1.21422
1.21417
0.740714
0.747227
0.767018
0.796582
0.833089
0.872633
0.914832
0.959674
1.00702
1.05642
1.10479
1.14467
1.17402
1.19625
1.21343
1.22655
1.23523
1.23948
1.24064
1.24079
0.676139
0.682731
0.709163
0.747182
0.792284
0.840593
0.891303
0.944246
0.999268
1.05593
1.11094
1.15613
1.18936
1.21455
1.23392
1.24851
1.25809
1.26328
1.26471
1.26483
0.623677
0.630652
0.660782
0.704707
0.756228
0.811587
0.869541
0.92976
0.991899
1.05543
1.11668
1.16669
1.2033
1.23084
1.25187
1.2677
1.2786
1.28431
1.28571
1.28595
0.580308
0.587576
0.620084
0.668231
0.724803
0.785812
0.849828
0.916372
0.984893
1.05471
1.12169
1.17603
1.21552
1.24505
1.26752
1.28443
1.2961
1.30229
1.30398
1.30432
0.543353
0.55079
0.584909
0.636337
0.696981
0.76268
0.831876
0.903946
0.978181
1.05371
1.1259
1.18413
1.22612
1.25729
1.28085
1.29851
1.31063
1.3172
1.31928
1.31971
0.510774
0.518322
0.553639
0.607752
0.671763
0.741459
0.815172
0.892156
0.971556
1.05232
1.12933
1.19109
1.23529
1.26782
1.29221
1.31042
1.32287
1.32972
1.33206
1.33251
0.48111
0.488775
0.525128
0.581453
0.648359
0.721524
0.799229
0.880629
0.96476
1.05039
1.13193
1.19702
1.24327
1.277
1.30208
1.32063
1.33329
1.34027
1.34275
1.34316
0.453474
0.461244
0.498504
0.556753
0.626202
0.70242
0.783675
0.869076
0.957568
1.04779
1.13369
1.20203
1.25026
1.28514
1.31083
1.32965
1.34244
1.34947
1.35205
1.35247
0.427171
0.435088
0.473205
0.533102
0.60488
0.68382
0.768254
0.857292
0.949825
1.0444
1.13456
1.20617
1.25644
1.29253
1.31887
1.33801
1.3509
1.35789
1.36046
1.36099
0.401831
0.40992
0.448867
0.510222
0.584094
0.665483
0.752794
0.845145
0.941423
1.04014
1.13451
1.20949
1.26196
1.29938
1.32648
1.34598
1.359
1.36598
1.36847
1.36894
0.377154
0.385462
0.425048
0.487952
0.563671
0.647262
0.737173
0.832543
0.932294
1.03496
1.13351
1.21202
1.26691
1.30585
1.33384
1.35381
1.36699
1.37395
1.37634
1.37668
0.353051
0.361561
0.401865
0.466134
0.543524
0.629095
0.721342
0.819455
0.922407
1.02881
1.13151
1.21375
1.2713
1.312
1.34105
1.36157
1.37491
1.3818
1.38405
1.38428
0.329442
0.338103
0.379192
0.444682
0.523607
0.610956
0.705296
0.80588
0.911765
1.02169
1.12847
1.21459
1.27511
1.31786
1.34814
1.36929
1.38278
1.38951
1.39155
1.39167
0.30629
0.31514
0.356951
0.423599
0.503914
0.592857
0.689065
0.791857
0.900383
1.01357
1.12431
1.21444
1.27827
1.32342
1.35517
1.377
1.39057
1.39703
1.3988
1.39882
0.283577
0.292624
0.335206
0.402916
0.484481
0.574842
0.672695
0.777438
0.888325
1.00448
1.11899
1.21321
1.28066
1.32864
1.3622
1.38479
1.39826
1.40427
1.4057
1.40562
0.261401
0.270651
0.313992
0.382677
0.465365
0.556969
0.656269
0.762707
0.875667
0.994474
1.11249
1.21079
1.28212
1.33341
1.3693
1.39283
1.40597
1.41118
1.41214
1.41196
0.239835
0.249292
0.293349
0.362926
0.446623
0.539317
0.63986
0.747758
0.862496
0.983628
1.10481
1.20706
1.28245
1.33754
1.37647
1.40148
1.4141
1.41788
1.41803
1.41774
0.218886
0.228558
0.273312
0.343713
0.428306
0.521963
0.623564
0.732693
0.848922
0.972032
1.09601
1.20194
1.28143
1.3407
1.38353
1.41112
1.4236
1.42517
1.42354
1.42295
0.198631
0.208512
0.253928
0.325094
0.410489
0.504965
0.607467
0.717608
0.835065
0.9598
1.08613
1.19536
1.27886
1.34246
1.38991
1.42169
1.43584
1.43565
1.43073
1.42825
0.179051
0.189126
0.235213
0.307069
0.393149
0.488306
0.591545
0.70247
0.82089
0.946895
1.07511
1.18712
1.27447
1.34231
1.39462
1.43217
1.45126
1.45314
1.44515
1.42763
0.160114
0.170407
0.217054
0.289468
0.376049
0.471662
0.575411
0.6868
0.805833
0.932662
1.06227
1.17645
1.26747
1.33949
1.39584
1.43932
1.46486
1.46671
1.46046
1.41448
0.141554
0.15275
0.19952
0.272434
0.359301
0.455133
0.559249
0.670825
0.790132
0.91733
1.04772
1.16331
1.25718
1.33347
1.39106
1.43457
1.46133
1.46685
1.41536
1.35249
0.122353
0.137204
0.182813
0.256079
0.342625
0.438536
0.542805
0.654554
0.773781
0.900893
1.03134
1.14751
1.24243
1.32449
1.3789
1.40678
1.42882
1.40515
1.34
1.27294
0.103435
0.101947
0.162338
0.242844
0.328868
0.424678
0.526673
0.638646
0.757508
0.884125
1.01377
1.12941
1.22314
1.31486
1.34029
1.34184
1.34792
1.2946
1.22265
1.15091
0.127684
0.128824
0.186383
0.266018
0.356861
0.456477
0.563372
0.678017
0.799782
0.929511
1.05244
1.15453
1.23764
1.32754
1.35316
1.26031
1.18085
1.11737
1.04509
0.897873
0.0862469
0.112613
0.172896
0.253124
0.343981
0.443252
0.549567
0.663559
0.784326
0.912423
1.03263
1.13148
1.20727
1.266
1.24181
1.12074
1.00288
0.922041
0.837509
0.669928
0.0614051
0.0925323
0.153787
0.233728
0.324646
0.423647
0.530074
0.643235
0.762621
0.888406
1.00516
1.09906
1.16647
1.19254
1.12041
0.959092
0.820093
0.71675
0.600707
0.359083
0.0371402
0.0706407
0.133156
0.213787
0.30483
0.403727
0.509771
0.621953
0.739744
0.862851
0.975355
1.06326
1.11862
1.11228
0.981608
0.793702
0.619622
0.474025
0.310192
-0.0854499
0.0138677
0.0482067
0.1118
0.193283
0.284526
0.383261
0.488659
0.599756
0.715769
0.83588
0.943485
1.02476
1.0637
1.02626
0.846881
0.636519
0.41872
0.229696
-0.0269277
-0.63395
-0.00917287
0.0251859
0.0894745
0.171575
0.263052
0.361609
0.466377
0.576314
0.690362
0.807179
0.909521
0.98307
1.00525
0.922993
0.7235
0.50505
0.281126
0.071397
-0.105566
-0.790716
-0.0331158
0.00128059
0.0659416
0.148429
0.240093
0.338506
0.442679
0.551436
0.663401
0.7767
0.873611
0.938188
0.938726
0.811096
0.618027
0.410294
0.217195
0.0849317
0.0551195
0.00571762
-0.0583805
-0.0239833
0.0408905
0.123537
0.215215
0.313329
0.416737
0.524038
0.633531
0.742702
0.833709
0.887389
0.864762
0.707846
0.523074
0.341481
0.193176
0.130158
0.107033
0.100681
-0.0853235
-0.0507984
0.0142351
0.0969267
0.18846
0.2861
0.388488
0.494019
0.600643
0.705099
0.789672
0.8303
0.791468
0.610925
0.436544
0.277529
0.164476
0.134303
0.134109
0.13381
-0.114016
-0.0792558
-0.0140611
0.0686281
0.15988
0.256833
0.357954
0.461397
0.564711
0.663951
0.741147
0.769992
0.705681
0.521316
0.355483
0.215523
0.16454
0.149671
0.147577
0.147659
-0.144342
-0.109278
-0.0439418
0.0386783
0.129515
0.225587
0.325184
0.426197
0.525768
0.619333
0.688395
0.705915
0.607638
0.438336
0.284391
0.174435
0.153335
0.156627
0.156391
0.156708
-0.175807
-0.140648
-0.0751896
0.00726933
0.0975323
0.192504
0.290297
0.388524
0.483934
0.571365
0.632298
0.631647
0.519925
0.36239
0.226716
0.183857
0.160801
0.161251
0.161886
0.162237
-0.208062
-0.172657
-0.107432
-0.0252782
0.0642286
0.15786
0.253559
0.34865
0.439485
0.520426
0.573399
0.558294
0.437869
0.296089
0.18366
0.154404
0.161715
0.165428
0.167546
0.168248
-0.240174
-0.204988
-0.140038
-0.0584279
0.0300879
0.122115
0.215405
0.307012
0.392872
0.467171
0.511077
0.484887
0.360106
0.242043
0.14274
0.149854
0.159088
0.167132
0.172216
0.174101
-0.271192
-0.236656
-0.172079
-0.0914338
-0.00418998
0.0859198
0.176486
0.264297
0.344797
0.412249
0.447857
0.412011
0.285307
0.205436
0.133599
0.136948
0.145928
0.153062
0.158444
0.161416
-0.29968
-0.266085
-0.202663
-0.123243
-0.0376312
0.050202
0.137696
0.22142
0.296343
0.356289
0.38848
0.32948
0.206694
0.176727
0.209915
0.144978
0.120076
0.111757
0.110551
0.112067
-0.323971
-0.291893
-0.230071
-0.152584
-0.0691121
0.0161419
0.100235
0.179588
0.248924
0.300504
0.331355
0.241576
0.101066
0.0974815
0.148259
0.0669577
0.0161185
-0.00894417
-0.0119716
-0.00912356
-0.342074
-0.312108
-0.252534
-0.177782
-0.097065
-0.0149215
0.0655459
0.140387
0.204121
0.247272
0.272551
0.149708
-0.0668487
-0.318352
-0.327569
-0.23944
-0.221213
-0.225586
-0.212107
-0.204566
-0.351928
-0.324527
-0.268412
-0.197103
-0.119815
-0.041279
0.0353108
0.105776
0.163927
0.1996
0.212602
0.0604656
-0.177598
-0.544237
-0.605127
-0.42144
-0.366713
-0.331836
-0.313712
-0.308951
-0.351238
-0.327575
-0.276006
-0.208836
-0.135699
-0.0611901
0.0115026
0.0779627
0.131192
0.160413
0.150496
0.038312
-0.0270907
0.16048
0.2246
-0.00508991
-0.252195
-0.2843
-0.287783
-0.286122
-0.336692
-0.31864
-0.273905
-0.211664
-0.143372
-0.0731065
-0.00403277
0.059485
0.109631
0.134085
0.117259
0.0438927
0.0345269
0.200912
0.20654
-0.185215
-0.333938
-0.31767
-0.281559
-0.297334
-0.309407
-0.296485
-0.260605
-0.20529
-0.142186
-0.076066
-0.00984301
0.0523553
0.103136
0.128555
0.106277
-0.0669417
-0.483269
-1.22396
-1.81914
-2.18058
-2.01657
-1.63364
-1.2992
-1.164
-0.272724
-0.264246
-0.238338
-0.190595
-0.132637
-0.0701942
-0.00534492
0.0578136
0.113773
0.149069
0.135865
-0.0543525
-0.550704
-1.20687
-1.75606
-2.00263
-1.87499
-1.59858
-1.28303
-1.19226
-0.231897
-0.22706
-0.209905
-0.171081
-0.117391
-0.0569679
0.00827584
0.0761108
0.141629
0.20339
0.238968
0.23289
0.141096
0.136472
0.196994
0.425614
0.720885
0.96684
1.13225
1.21448
-0.193762
-0.191334
-0.180989
-0.149747
-0.100045
-0.0395916
0.0282167
0.102982
0.184168
0.272599
0.379786
0.534366
0.832244
1.31797
1.87072
2.38228
2.77631
3.03824
3.17913
3.22631
-0.16032
-0.159419
-0.155129
-0.131905
-0.0849119
-0.0223168
0.0494839
0.130948
0.224679
0.333963
0.465665
0.610988
0.90157
1.44306
2.05767
2.60398
3.00362
3.23113
3.33315
3.3641
-0.129923
-0.129502
-0.128431
-0.113846
-0.071294
-0.0076587
0.067989
0.153453
0.249056
0.360249
0.479472
0.613194
0.79226
1.22563
1.73893
2.17914
2.50838
2.70315
2.79161
2.81628
-0.103886
-0.102712
-0.10238
-0.0947252
-0.0576389
0.00691657
0.0847613
0.170839
0.263902
0.370138
0.480557
0.59414
0.715531
0.985078
1.37162
1.69928
1.94533
2.08752
2.15113
2.16726
-0.089118
-0.088445
-0.0895866
-0.0837587
-0.0447155
0.0241524
0.104245
0.188713
0.277646
0.375372
0.46968
0.556221
0.637646
0.809656
1.06883
1.29495
1.46206
1.55856
1.6016
1.61062
-0.0730837
-0.0762324
-0.0800003
-0.0714238
-0.0249665
0.0500599
0.131084
0.210862
0.291575
0.376348
0.453875
0.516844
0.578348
0.684304
0.856049
1.00348
1.10943
1.16987
1.19507
1.1998
-0.0101815
-0.0161434
-0.0215733
-0.01072
0.0336619
0.101239
0.171841
0.240256
0.308474
0.378344
0.440193
0.484787
0.523718
0.591461
0.70525
0.800467
0.865662
0.901017
0.915482
0.917007
0.119081
0.114767
0.110935
0.117473
0.144254
0.184701
0.230467
0.278836
0.329759
0.383817
0.430099
0.460261
0.483981
0.527049
0.600758
0.663287
0.703851
0.725408
0.733852
0.733785
0.264993
0.26308
0.26007
0.258606
0.26361
0.275401
0.29483
0.320933
0.353764
0.392294
0.426421
0.447959
0.462484
0.492402
0.539579
0.579141
0.604418
0.617143
0.621747
0.621141
0.371753
0.371053
0.368115
0.361158
0.352254
0.34708
0.348935
0.358861
0.377304
0.403275
0.429203
0.447925
0.460189
0.484256
0.515725
0.538089
0.551617
0.558185
0.560209
0.55934
0.427946
0.427507
0.424645
0.416753
0.404634
0.393484
0.387216
0.387971
0.39684
0.414034
0.435478
0.454659
0.470551
0.489037
0.508445
0.521905
0.528785
0.53195
0.53268
0.531599
0.449723
0.449292
0.446932
0.440542
0.430162
0.419271
0.411012
0.407748
0.411149
0.422525
0.441286
0.463041
0.484548
0.500123
0.508324
0.514384
0.519634
0.523253
0.524591
0.52333
0.454078
0.453642
0.451846
0.447397
0.440003
0.431481
0.423987
0.419546
0.419757
0.426959
0.44277
0.466436
0.491633
0.503947
0.506819
0.511171
0.515772
0.519651
0.521311
0.519976
0.451746
0.451336
0.449989
0.446996
0.442099
0.435956
0.429833
0.425161
0.423258
0.42624
0.437494
0.45807
0.482351
0.4899
0.489236
0.494597
0.503761
0.511951
0.514914
0.513118
0.447943
0.447572
0.446515
0.444325
0.440996
0.43659
0.431618
0.426815
0.422874
0.420614
0.422375
0.431895
0.445108
0.446033
0.448458
0.462127
0.477839
0.489347
0.493009
0.490754
0.444636
0.444332
0.443509
0.441746
0.439113
0.435749
0.43153
0.42652
0.420463
0.412009
0.400534
0.388279
0.378045
0.375347
0.388796
0.410591
0.429863
0.441785
0.445551
0.444153
0.441933
0.441724
0.44116
0.439712
0.437692
0.434716
0.431123
0.426267
0.41883
0.404952
0.379127
0.339621
0.298918
0.297044
0.325966
0.355821
0.375249
0.384199
0.386532
0.385745
0.438963
0.438879
0.43864
0.437752
0.4362
0.434205
0.431104
0.427537
0.42098
0.405886
0.372115
0.312165
0.251857
0.256973
0.293827
0.3214
0.335825
0.340931
0.341849
0.341401
0.434479
0.434529
0.434648
0.434472
0.433777
0.433086
0.43207
0.431036
0.42809
0.417216
0.387839
0.330861
0.279767
0.288934
0.310573
0.320873
0.322837
0.322037
0.323115
0.323681
0.427089
0.427258
0.427808
0.428601
0.429651
0.430664
0.4325
0.435441
0.439043
0.436528
0.4224
0.387618
0.360761
0.361016
0.360818
0.349922
0.340676
0.336152
0.335234
0.334925
0.415269
0.415762
0.416856
0.418416
0.420826
0.424714
0.430361
0.439178
0.450113
0.460766
0.465631
0.458489
0.454537
0.439847
0.41353
0.387514
0.370329
0.361761
0.358401
0.357989
0.395853
0.396628
0.398387
0.401335
0.406075
0.413354
0.423974
0.438483
0.457935
0.48087
0.501552
0.513689
0.524931
0.493736
0.45317
0.41997
0.399798
0.387313
0.383181
0.383825
0.365181
0.366338
0.36895
0.373701
0.381222
0.392271
0.407819
0.428586
0.454163
0.485207
0.513018
0.530181
0.536605
0.498706
0.464125
0.445
0.430447
0.420542
0.414308
0.414486
0.319068
0.320569
0.324246
0.331149
0.341916
0.356738
0.376287
0.400786
0.429718
0.459814
0.485991
0.49518
0.489362
0.458519
0.449023
0.448117
0.454118
0.44516
0.438115
0.437333
0.254181
0.255808
0.260417
0.269426
0.283028
0.301008
0.322456
0.345628
0.364927
0.385647
0.409312
0.415414
0.392828
0.371221
0.387529
0.412916
0.418653
0.413048
0.408895
0.407994
0.170539
0.172093
0.176862
0.186605
0.201191
0.219583
0.237828
0.246622
0.245682
0.245446
0.279877
0.285494
0.25411
0.246619
0.287142
0.329427
0.341783
0.326896
0.319769
0.317703
0.074299
0.0740403
0.0754946
0.0796235
0.0904389
0.102761
0.114147
0.115298
0.0923834
0.0746294
0.0999382
0.133086
0.130297
0.0813682
0.121818
0.160488
0.172656
0.167156
0.160914
0.156895
-0.278272
0.305348
0.636085
0.861993
1.03577
1.17022
1.27962
1.37412
1.48591
1.48145
0.552388
0.70971
0.880082
1.02538
1.14563
1.24394
1.32511
1.38671
1.41221
1.41637
0.834445
0.93938
1.05251
1.1513
1.23575
1.30623
1.36236
1.40183
1.4265
1.44338
1.03149
1.10342
1.18167
1.25178
1.31246
1.3634
1.40431
1.43564
1.46005
1.47859
1.17831
1.23197
1.28629
1.33794
1.38335
1.42236
1.45501
1.48173
1.50389
1.52215
1.29592
1.33471
1.37736
1.41779
1.45425
1.48638
1.51421
1.53754
1.55696
1.57471
1.3957
1.4268
1.46327
1.49739
1.52912
1.55773
1.58273
1.60367
1.62056
1.63792
1.48668
1.51574
1.54984
1.58205
1.61212
1.63931
1.66289
1.68224
1.69682
1.71395
1.57804
1.60936
1.64487
1.67785
1.708
1.73473
1.75742
1.77552
1.78819
1.80546
1.68226
1.71808
1.75629
1.79067
1.82083
1.84665
1.86799
1.88468
1.89632
1.91418
1.81186
1.85091
1.88916
1.92238
1.95043
1.97406
1.99374
2.00929
2.02114
2.03941
1.97303
2.00943
2.0414
2.06818
2.09105
2.11159
2.13024
2.1463
2.16003
2.17791
2.15775
2.18295
2.20293
2.22146
2.23913
2.2559
2.27179
2.28781
2.30495
2.32409
2.34459
2.35547
2.36823
2.38281
2.39644
2.40853
2.41946
2.43082
2.44624
2.46568
2.5265
2.53998
2.54506
2.54607
2.54805
2.55544
2.56917
2.58679
2.60053
2.61188
2.79541
2.74485
2.69739
2.66582
2.65279
2.65736
2.6806
2.72567
2.79237
2.88649
1.22605
1.22304
1.21697
1.20604
1.19353
1.18221
1.17312
1.16632
1.16179
1.15982
1.16095
1.16485
1.17094
1.17917
1.18964
1.20193
1.21426
1.22296
1.22747
1.22963
1.15437
1.16102
1.16626
1.16987
1.17096
1.16931
1.16583
1.16199
1.15895
1.15754
1.15852
1.16147
1.16549
1.16966
1.17265
1.17315
1.17081
1.16641
1.16011
1.15428
1.14429
1.14725
1.15061
1.15309
1.15483
1.156
1.15619
1.15539
1.15426
1.15371
1.15446
1.1561
1.15769
1.15842
1.15796
1.15667
1.15474
1.15185
1.14851
1.14622
1.13829
1.13971
1.14192
1.14418
1.14589
1.14706
1.14791
1.14844
1.14864
1.14884
1.14941
1.15006
1.15031
1.15004
1.14936
1.14817
1.14633
1.14408
1.14231
1.14123
1.13298
1.1338
1.13526
1.13702
1.13875
1.1402
1.1413
1.14218
1.14293
1.14358
1.1441
1.14434
1.14423
1.14378
1.14289
1.14155
1.13998
1.13843
1.13739
1.13673
1.128
1.12855
1.12963
1.13104
1.13255
1.13403
1.13538
1.13653
1.13752
1.1384
1.13898
1.13916
1.13895
1.13833
1.13735
1.13619
1.13496
1.13384
1.13313
1.13267
1.12322
1.12363
1.1245
1.12571
1.12703
1.12843
1.12984
1.1312
1.13242
1.13348
1.13419
1.1344
1.13415
1.13352
1.13267
1.13172
1.13075
1.12988
1.12935
1.129
1.11857
1.1189
1.11962
1.12069
1.12192
1.12325
1.12466
1.12611
1.12753
1.12882
1.12969
1.12999
1.12981
1.12932
1.12865
1.12788
1.12709
1.12642
1.12601
1.12573
1.114
1.11426
1.11487
1.11585
1.11703
1.11833
1.11974
1.12127
1.12284
1.12436
1.12546
1.12594
1.12594
1.12564
1.12515
1.12454
1.12391
1.12339
1.12308
1.12286
1.1094
1.10962
1.11016
1.11109
1.11224
1.11354
1.115
1.11661
1.11834
1.12012
1.1215
1.12226
1.12251
1.12242
1.1221
1.12167
1.12118
1.12078
1.12055
1.12036
1.10473
1.10491
1.10541
1.10631
1.10748
1.10883
1.11038
1.11214
1.1141
1.11618
1.11793
1.11902
1.11954
1.11967
1.11954
1.11925
1.1189
1.11861
1.11843
1.11828
1.09992
1.10007
1.10054
1.10145
1.10266
1.1041
1.10578
1.10775
1.11
1.11247
1.11467
1.11616
1.117
1.11738
1.11746
1.11734
1.11712
1.11692
1.11679
1.11666
1.0949
1.09503
1.09548
1.09643
1.09772
1.09927
1.10113
1.10335
1.10598
1.10897
1.11172
1.11366
1.11489
1.11559
1.11591
1.11596
1.11588
1.11577
1.11568
1.11557
1.08962
1.08973
1.09017
1.09116
1.09256
1.09427
1.09636
1.0989
1.10196
1.10554
1.10898
1.11156
1.11329
1.11435
1.11494
1.11521
1.11528
1.11526
1.11522
1.11513
1.08397
1.08406
1.08452
1.08558
1.08713
1.08907
1.09147
1.09446
1.09814
1.10252
1.10679
1.11005
1.11232
1.11381
1.11471
1.11522
1.11547
1.11556
1.11556
1.11549
1.07788
1.07796
1.07842
1.07954
1.08123
1.0834
1.08616
1.08965
1.09403
1.09934
1.10465
1.10884
1.11184
1.11389
1.11522
1.11609
1.11657
1.11679
1.11684
1.11677
1.07105
1.07113
1.07162
1.07283
1.07472
1.07722
1.08047
1.08466
1.08997
1.09649
1.10307
1.10831
1.11211
1.11482
1.1167
1.11799
1.11876
1.11913
1.11923
1.11916
1.06325
1.06333
1.06387
1.06521
1.06735
1.07026
1.07412
1.07916
1.08564
1.09365
1.10177
1.10831
1.11315
1.11666
1.11918
1.12095
1.12208
1.12263
1.12277
1.12269
1.05397
1.05406
1.0547
1.05622
1.05871
1.06218
1.06685
1.07302
1.08097
1.09082
1.10084
1.10893
1.11497
1.11941
1.12268
1.12503
1.12656
1.12729
1.12746
1.12737
1.0426
1.04272
1.0435
1.04535
1.04838
1.05267
1.05846
1.06613
1.076
1.08815
1.10043
1.11034
1.11776
1.12327
1.12736
1.13033
1.13227
1.13318
1.13339
1.13328
1.02849
1.02866
1.02969
1.03201
1.03583
1.04125
1.04856
1.0582
1.07049
1.08547
1.10049
1.11254
1.12157
1.12829
1.13334
1.13699
1.13935
1.14045
1.14069
1.14056
1.01074
1.01099
1.01239
1.01543
1.02039
1.02744
1.03687
1.04914
1.06455
1.083
1.10122
1.11573
1.12659
1.13469
1.14079
1.14522
1.14806
1.14933
1.14961
1.14946
0.987959
0.988375
0.990366
0.99451
1.0012
1.01058
1.02298
1.03878
1.05814
1.08078
1.10273
1.12004
1.13294
1.1426
1.14988
1.1552
1.15855
1.16001
1.1603
1.16012
0.95782
0.958562
0.961581
0.96759
0.977075
0.990037
1.00667
1.02717
1.05146
1.07907
1.10525
1.12562
1.14077
1.15213
1.16077
1.16707
1.17093
1.17256
1.17286
1.17265
0.916201
0.9177
0.922886
0.93254
0.946854
0.965412
0.988019
1.01462
1.04489
1.07815
1.10895
1.13262
1.15016
1.16338
1.17348
1.18084
1.18516
1.18692
1.18721
1.18696
0.855558
0.860147
0.871009
0.887755
0.9103
0.937166
0.967747
1.00181
1.03894
1.07837
1.11401
1.14109
1.16111
1.17626
1.18781
1.19611
1.20096
1.20279
1.203
1.20273
0.783399
0.791499
0.811226
0.838579
0.8715
0.907709
0.946903
0.988985
1.03361
1.08013
1.12177
1.15341
1.17699
1.19495
1.20857
1.21827
1.22392
1.22609
1.22638
1.22628
0.711119
0.724973
0.753526
0.791072
0.833716
0.879122
0.926906
0.977043
1.02926
1.08301
1.13085
1.16723
1.19445
1.2153
1.23128
1.24275
1.24889
1.25075
1.25128
1.25134
0.651979
0.669497
0.703765
0.748702
0.799101
0.852456
0.908074
0.965809
1.02529
1.08597
1.13962
1.18028
1.2106
1.23369
1.25122
1.26367
1.27046
1.27344
1.27426
1.2744
0.603765
0.623233
0.661749
0.71211
0.768566
0.828381
0.890722
0.955247
1.02142
1.08853
1.14753
1.19195
1.22485
1.24976
1.26871
1.28232
1.29018
1.29362
1.2946
1.29476
0.56342
0.583994
0.625677
0.680262
0.741578
0.80676
0.874869
0.945375
1.01758
1.09058
1.15442
1.20215
1.23725
1.26367
1.28371
1.29817
1.30675
1.31059
1.31167
1.31183
0.528426
0.549746
0.593925
0.651916
0.717264
0.787029
0.860165
0.936003
1.01367
1.09206
1.16031
1.21097
1.24793
1.27554
1.29635
1.31134
1.32053
1.32465
1.32581
1.32596
0.497145
0.519012
0.56518
0.626051
0.694831
0.768576
0.846177
0.926824
1.0095
1.0929
1.16524
1.21859
1.25719
1.28579
1.30716
1.32255
1.33213
1.33639
1.33761
1.33771
0.468395
0.490683
0.538615
0.601899
0.673674
0.750924
0.832514
0.917546
1.00488
1.09299
1.16926
1.22519
1.26532
1.29478
1.31662
1.33223
1.34188
1.34628
1.3475
1.34758
0.441274
0.464037
0.513516
0.578935
0.653364
0.733725
0.818906
0.90795
0.99963
1.09227
1.17239
1.23088
1.27256
1.30288
1.32516
1.34098
1.35069
1.35519
1.35629
1.35626
0.415336
0.438632
0.489316
0.556767
0.633579
0.716734
0.805161
0.897889
0.993651
1.09066
1.17464
1.2358
1.27911
1.31039
1.33317
1.34921
1.35897
1.36342
1.36451
1.36444
0.390233
0.414059
0.465845
0.535162
0.614106
0.699783
0.791158
0.887268
0.986854
1.08811
1.176
1.24
1.28515
1.31751
1.34089
1.35721
1.36705
1.37141
1.37247
1.37236
0.365745
0.390064
0.443028
0.513969
0.594832
0.682779
0.776819
0.876032
0.979198
1.08457
1.17647
1.24353
1.29074
1.32437
1.34848
1.36513
1.37504
1.3793
1.38024
1.38011
0.341759
0.366626
0.420694
0.493105
0.575705
0.665686
0.762126
0.864167
0.970669
1.08
1.17598
1.24636
1.2959
1.33103
1.35598
1.37301
1.38293
1.38702
1.38783
1.38765
0.31825
0.343684
0.398777
0.472544
0.556708
0.648513
0.747102
0.851691
0.961259
1.07438
1.17446
1.2484
1.30062
1.33751
1.36344
1.38084
1.39072
1.39457
1.3952
1.39497
0.295267
0.321202
0.377297
0.452298
0.537866
0.631289
0.731786
0.83865
0.950995
1.06766
1.1718
1.24955
1.30484
1.34385
1.37093
1.38866
1.39831
1.4018
1.40226
1.40199
0.272761
0.299239
0.356294
0.432413
0.51923
0.614076
0.716248
0.825111
0.939939
1.05985
1.16796
1.24968
1.30843
1.35003
1.37856
1.39654
1.40569
1.40865
1.4089
1.4086
0.250857
0.27786
0.335807
0.412932
0.500857
0.596953
0.700572
0.811164
0.928165
1.051
1.16286
1.24863
1.3112
1.356
1.3865
1.40478
1.413
1.41504
1.415
1.4147
0.22955
0.257117
0.315869
0.393917
0.482821
0.579994
0.684855
0.79692
0.915766
1.04116
1.15646
1.24624
1.31291
1.36154
1.39491
1.41397
1.42079
1.42111
1.42048
1.42023
0.20894
0.237019
0.29654
0.375422
0.465181
0.563282
0.66918
0.782464
0.902862
1.03043
1.14875
1.24238
1.31326
1.36623
1.40364
1.42486
1.4306
1.42802
1.42548
1.42488
0.188967
0.217598
0.27787
0.357509
0.448018
0.546905
0.653671
0.767936
0.889587
1.01892
1.13978
1.23693
1.31194
1.36941
1.41189
1.43752
1.44474
1.44017
1.4315
1.41384
0.169698
0.198864
0.259719
0.339976
0.431031
0.530521
0.637899
0.752858
0.8754
1.00607
1.12896
1.22923
1.30844
1.3702
1.41815
1.45049
1.46315
1.45991
1.44336
1.45567
0.151007
0.180834
0.242147
0.322878
0.414277
0.514194
0.621873
0.737261
0.860305
0.991794
1.11612
1.2187
1.30216
1.36734
1.41829
1.4551
1.47257
1.46729
1.40586
1.3871
0.1323
0.162946
0.225406
0.306617
0.398246
0.498373
0.6058
0.72141
0.844595
0.976317
1.10133
1.20502
1.29242
1.3603
1.40687
1.44233
1.45151
1.41811
1.348
1.30523
0.112883
0.144311
0.2099
0.291564
0.38333
0.483203
0.59005
0.705477
0.828359
0.959672
1.0845
1.18817
1.27734
1.34952
1.39748
1.39777
1.37975
1.3206
1.24769
1.2029
0.519789
0.631587
0.750218
0.876436
1.00519
1.11974
1.21163
1.06976
0.0918632
0.110697
0.148676
0.217389
0.303164
0.398202
0.501386
0.612052
0.729759
0.854606
0.981956
1.09524
1.18551
1.26019
1.31242
1.28048
1.13988
1.05265
0.983992
0.0741084
0.0871576
0.131312
0.201752
0.287806
0.382879
0.485501
0.595615
0.712353
0.835659
0.960525
1.07008
1.15491
1.21548
1.21589
1.11638
0.971939
0.865201
0.775191
0.050747
0.0635267
0.11061
0.182147
0.268431
0.363614
0.466256
0.575942
0.691637
0.81319
0.934815
1.0393
1.11642
1.15908
1.12079
0.962482
0.79436
0.65787
0.538015
0.0272067
0.0401578
0.0888604
0.161599
0.248346
0.343507
0.44586
0.554753
0.669141
0.788542
0.906537
1.00546
1.07465
1.09368
1.01078
0.814108
0.612173
0.427302
0.250382
0.00447244
0.0169104
0.0664427
0.140232
0.227452
0.322618
0.424552
0.532528
0.645448
0.762386
0.876357
0.969074
1.02878
1.01291
0.88311
0.677394
0.452238
0.235998
0.0390191
-0.0187667
-0.00663373
0.0431496
0.117633
0.205237
0.300462
0.402052
0.509177
0.620585
0.734944
0.844727
0.930804
0.978367
0.936454
0.766332
0.563988
0.346097
0.13955
0.0132065
-0.0234408
-0.0433109
-0.0313451
0.0186421
0.0934977
0.18129
0.276481
0.377654
0.483815
0.593489
0.704902
0.81
0.888779
0.922102
0.861062
0.66111
0.469264
0.283909
0.143619
0.0979126
0.0724403
-0.0692464
-0.0574592
-0.00734383
0.0677134
0.155538
0.250509
0.351088
0.456019
0.563614
0.671591
0.771346
0.842521
0.858859
0.760075
0.567727
0.390705
0.235428
0.14682
0.127459
0.121588
-0.0968747
-0.0852135
-0.034915
0.0402776
0.128012
0.222606
0.322353
0.425778
0.530926
0.634997
0.728714
0.792191
0.781588
0.658121
0.480391
0.314223
0.190003
0.146019
0.14369
0.141898
-0.126167
-0.114606
-0.0640989
0.0112063
0.0987439
0.192798
0.291481
0.39312
0.495435
0.595141
0.682276
0.737015
0.705148
0.562072
0.398169
0.24373
0.169439
0.152022
0.152473
0.152691
-0.156918
-0.145285
-0.0947747
-0.0193878
0.0678496
0.161172
0.258565
0.358108
0.457197
0.552063
0.632297
0.675485
0.636723
0.474818
0.323683
0.202208
0.160394
0.160859
0.159338
0.159516
-0.188605
-0.176921
-0.126611
-0.0512342
0.0355505
0.127949
0.223792
0.320924
0.416406
0.506008
0.57901
0.612085
0.563222
0.398354
0.258864
0.171845
0.157173
0.162491
0.164609
0.165466
-0.220646
-0.209016
-0.158964
-0.0839237
0.002259
0.093509
0.18752
0.281913
0.373396
0.457387
0.522943
0.547259
0.476027
0.330409
0.201431
0.171687
0.157407
0.163677
0.169601
0.171437
-0.251964
-0.240755
-0.191155
-0.116687
-0.0314261
0.0584078
0.150287
0.241616
0.328751
0.406728
0.465106
0.475015
0.389433
0.271172
0.167259
0.132888
0.149336
0.159242
0.165672
0.16956
-0.281425
-0.270667
-0.222259
-0.14861
-0.0646325
0.0234424
0.112871
0.200809
0.283325
0.35477
0.406761
0.401287
0.303749
0.214794
0.164279
0.0928119
0.125213
0.136726
0.139629
0.142285
-0.30776
-0.297397
-0.250731
-0.178559
-0.0962667
-0.0103052
0.0763035
0.160538
0.238228
0.302911
0.348193
0.333855
0.210683
0.146813
0.185209
0.168337
0.104658
0.0739875
0.0630566
0.0617754
-0.328684
-0.319053
-0.27471
-0.204875
-0.12494
-0.0415644
0.0418855
0.122178
0.194852
0.25299
0.289013
0.267092
0.102863
-0.0435724
-0.0213747
-0.0317775
-0.0781378
-0.110349
-0.115719
-0.105329
-0.342481
-0.33388
-0.292533
-0.225849
-0.148954
-0.0687742
0.0111582
0.0873468
0.155026
0.206844
0.230061
0.201497
-0.0110658
-0.341569
-0.723843
-0.50981
-0.33838
-0.305841
-0.290652
-0.279245
-0.346725
-0.339709
-0.302388
-0.23978
-0.166591
-0.0902062
-0.0141518
0.0580423
0.121021
0.166764
0.177354
0.148696
-0.0667868
-0.220495
-0.385848
-0.263896
-0.305265
-0.326638
-0.312024
-0.30957
-0.340381
-0.334622
-0.302311
-0.244951
-0.176342
-0.104261
-0.032191
0.036378
0.0956205
0.136291
0.141804
0.103107
0.0318764
0.164367
0.639211
0.415862
-0.0164465
-0.216626
-0.251755
-0.264923
-0.320168
-0.315925
-0.290019
-0.240104
-0.17727
-0.109794
-0.0414702
0.0242816
0.0818768
0.120923
0.125006
0.0709973
-0.0898538
-0.30922
-0.711336
-1.20906
-1.38373
-1.12445
-0.74935
-0.577723
-0.288341
-0.285706
-0.266776
-0.225442
-0.16937
-0.106491
-0.0412633
0.0231734
0.081928
0.125408
0.131725
0.0636593
-0.325556
-1.04441
-1.78867
-2.25079
-2.35689
-2.14461
-1.77767
-1.49685
-0.24928
-0.247721
-0.236476
-0.203585
-0.154375
-0.0954394
-0.032095
0.0334787
0.0966453
0.152008
0.179415
0.168771
-0.0898353
-0.426556
-0.839193
-1.02596
-0.925061
-0.666155
-0.387367
-0.206726
-0.209767
-0.208818
-0.203228
-0.179707
-0.135829
-0.0792115
-0.0159815
0.0529176
0.125581
0.197907
0.275578
0.341722
0.463719
0.670058
1.01244
1.40077
1.78214
2.06486
2.22973
2.30471
-0.175803
-0.175251
-0.172616
-0.157323
-0.118322
-0.0624779
0.00319419
0.0772941
0.160637
0.254713
0.367988
0.509018
0.7375
1.19012
1.80929
2.42271
2.93019
3.27149
3.44803
3.5106
-0.144877
-0.144329
-0.14354
-0.135915
-0.103489
-0.0481635
0.0210246
0.100002
0.188903
0.292849
0.409915
0.54721
0.699265
1.07447
1.63538
2.17468
2.62006
2.90719
3.05698
3.11429
-0.116289
-0.115833
-0.115317
-0.112454
-0.088439
-0.034631
0.0370177
0.118483
0.208665
0.309489
0.421864
0.54323
0.668611
0.891924
1.33329
1.75412
2.09219
2.32052
2.43832
2.4823
-0.0954123
-0.0941573
-0.093141
-0.0925281
-0.0741057
-0.0202532
0.053597
0.135952
0.224351
0.320688
0.425059
0.526594
0.627693
0.758821
1.05057
1.35452
1.59695
1.75752
1.83866
1.86783
-0.0840156
-0.0833458
-0.0858409
-0.0868632
-0.0647788
-0.00323957
0.0755255
0.157726
0.241626
0.329509
0.419892
0.499218
0.573907
0.65757
0.848198
1.04973
1.20936
1.31546
1.36828
1.3874
-0.0502818
-0.0521808
-0.0580934
-0.0591258
-0.0318488
0.0329469
0.110699
0.187244
0.262208
0.337787
0.412944
0.474908
0.527808
0.5781
0.706233
0.837991
0.938125
1.00331
1.03428
1.04361
0.0491808
0.0457913
0.0394316
0.0396404
0.0623796
0.111422
0.169424
0.229273
0.288585
0.349357
0.409135
0.455487
0.488042
0.515732
0.602716
0.689715
0.75364
0.79292
0.810745
0.815774
0.195493
0.193046
0.18945
0.187966
0.19665
0.217597
0.24639
0.281074
0.320381
0.364092
0.40896
0.443033
0.462635
0.475956
0.53574
0.5918
0.632738
0.656987
0.667833
0.670781
0.325801
0.324529
0.322742
0.318738
0.314007
0.312749
0.318152
0.331273
0.352416
0.380963
0.413525
0.439289
0.453862
0.46872
0.505218
0.540807
0.565178
0.578966
0.584757
0.585766
0.405834
0.405195
0.403896
0.39864
0.388371
0.377212
0.370639
0.371254
0.380093
0.397129
0.420626
0.442316
0.458295
0.47326
0.499831
0.520665
0.533605
0.540496
0.543207
0.543329
0.44226
0.441828
0.440665
0.435926
0.426088
0.413949
0.403999
0.398973
0.40078
0.410442
0.428291
0.449328
0.468938
0.485812
0.502375
0.513211
0.520179
0.524629
0.526481
0.52646
0.453453
0.453116
0.452106
0.448556
0.441213
0.431455
0.422234
0.415959
0.414478
0.41966
0.433075
0.45403
0.477983
0.498325
0.506704
0.51076
0.515988
0.519867
0.522403
0.522332
0.453471
0.453176
0.452334
0.449842
0.444945
0.438074
0.430828
0.424906
0.42187
0.423619
0.432905
0.452012
0.477407
0.497184
0.499735
0.50138
0.507884
0.516004
0.520359
0.520041
0.449975
0.449702
0.449006
0.447194
0.443937
0.439246
0.433773
0.42854
0.424546
0.423051
0.42658
0.438248
0.458318
0.47118
0.470869
0.476043
0.486727
0.497642
0.504295
0.504509
0.446306
0.446055
0.445488
0.444055
0.441602
0.438223
0.433986
0.429254
0.424235
0.419148
0.413912
0.411056
0.412841
0.414595
0.414674
0.428677
0.44713
0.462657
0.470957
0.471103
0.443343
0.443128
0.442715
0.441611
0.439545
0.436821
0.433294
0.428957
0.423186
0.414812
0.399912
0.376856
0.348531
0.332257
0.343056
0.369757
0.39512
0.411327
0.418244
0.417974
0.440641
0.440482
0.440265
0.439581
0.438066
0.435744
0.432875
0.429131
0.42355
0.414091
0.391346
0.351496
0.290443
0.261852
0.285771
0.320358
0.343037
0.353782
0.35767
0.35897
0.43703
0.436926
0.436902
0.436658
0.435891
0.434322
0.432952
0.430846
0.426989
0.418972
0.397191
0.349822
0.278997
0.253153
0.280394
0.308929
0.32181
0.326318
0.3276
0.328535
0.43128
0.431256
0.431514
0.43185
0.432162
0.432132
0.432481
0.433172
0.433212
0.431266
0.417391
0.382351
0.331212
0.316549
0.328935
0.336207
0.333917
0.331128
0.329425
0.328946
0.421908
0.421993
0.422441
0.423297
0.424499
0.426558
0.430017
0.434782
0.440631
0.447059
0.448566
0.435124
0.41372
0.40655
0.393361
0.375812
0.358212
0.347035
0.343717
0.343658
0.4066
0.40681
0.407733
0.409571
0.412463
0.416884
0.423929
0.433557
0.447112
0.462781
0.479721
0.488588
0.495862
0.4868
0.452873
0.419192
0.394348
0.378945
0.372624
0.371117
0.381988
0.382379
0.38389
0.38694
0.391859
0.399297
0.410363
0.425883
0.445768
0.471979
0.500043
0.522366
0.537033
0.525421
0.480863
0.447257
0.424299
0.410895
0.400435
0.398791
0.343988
0.344623
0.346837
0.351325
0.358842
0.369777
0.384971
0.405634
0.431408
0.462118
0.49364
0.514037
0.518153
0.499741
0.470762
0.450663
0.447199
0.438406
0.429264
0.427991
0.288699
0.289508
0.292284
0.298373
0.308582
0.323072
0.341871
0.365078
0.390411
0.415535
0.442179
0.461412
0.456587
0.431635
0.419846
0.43318
0.443041
0.445838
0.435132
0.431353
0.214303
0.215038
0.217692
0.225206
0.237556
0.254308
0.274218
0.293741
0.306022
0.31558
0.336041
0.356517
0.343782
0.310894
0.320343
0.358308
0.387807
0.380397
0.37329
0.370156
0.123167
0.123562
0.126062
0.133134
0.144726
0.159814
0.175726
0.184495
0.175424
0.154949
0.179661
0.21296
0.197785
0.166559
0.19583
0.245988
0.265007
0.260043
0.251909
0.247524
0.0740769
0.07446
0.0769602
0.0843235
0.0965629
0.108873
0.117075
0.107369
0.0774837
0.0846253
0.118667
0.136251
0.102116
0.0971339
0.146586
0.166605
0.170056
0.163738
0.158831
0.0522519
0.0723217
0.430048
0.665023
0.863919
1.025
1.15423
1.25845
1.34717
1.41081
1.40718
0.597791
0.759214
0.90755
1.0354
1.1449
1.2366
1.31225
1.37089
1.40664
1.42001
0.876201
0.977524
1.07571
1.16414
1.24116
1.30666
1.36031
1.40121
1.43022
1.44976
1.06442
1.13249
1.2025
1.26725
1.3232
1.37136
1.41156
1.44392
1.46978
1.48814
1.20689
1.25443
1.30833
1.35622
1.39912
1.43678
1.46929
1.49667
1.51936
1.53512
1.32134
1.35935
1.40138
1.43933
1.47461
1.50649
1.53467
1.5588
1.57885
1.59187
1.42034
1.45316
1.48875
1.52264
1.5544
1.58363
1.60965
1.63181
1.64982
1.6604
1.51243
1.54398
1.57862
1.61226
1.64355
1.6721
1.69723
1.71823
1.73457
1.74325
1.60787
1.64276
1.67977
1.71543
1.74752
1.77594
1.80025
1.8201
1.83498
1.84302
1.72117
1.76149
1.80077
1.83778
1.8697
1.89687
1.91952
1.93782
1.95156
1.96068
1.86528
1.90816
1.94569
1.97939
2.00747
2.0313
2.05196
2.0694
2.08328
2.09444
2.04311
2.08074
2.10894
2.13325
2.15429
2.1736
2.19187
2.20904
2.22496
2.23949
2.24082
2.26187
2.27687
2.29272
2.30901
2.32432
2.33806
2.35133
2.36684
2.38521
2.43161
2.43874
2.44928
2.46084
2.47077
2.47998
2.49025
2.50136
2.51299
2.52186
2.64457
2.64636
2.63845
2.62195
2.61081
2.61026
2.62243
2.64704
2.68116
2.7057
3.06424
2.87035
2.7693
2.71146
2.68235
2.67573
2.69093
2.73176
2.80762
2.95057
0.128363
0.123894
0.163061
0.233944
0.31984
0.415567
1.29795
1.36755
1.36847
1.29219
1.22364
1.15202
0.913872
0.681108
0.399495
0.025301
-0.357665
)
;

boundaryField
{
    wall-4
    {
        type            zeroGradient;
    }
    pressure-outlet-7
    {
        type            fixedValue;
        value           uniform 0;
    }
    velocity-inlet-6
    {
        type            zeroGradient;
    }
    velocity-inlet-5
    {
        type            zeroGradient;
    }
    frontAndBackPlanes
    {
        type            empty;
    }
}


// ************************************************************************* //
