/*--------------------------------*- C++ -*----------------------------------*\
| =========                 |                                                 |
| \\      /  F ield         | OpenFOAM: The Open Source CFD Toolbox           |
|  \\    /   O peration     | Version:  4.0                                   |
|   \\  /    A nd           | Web:      www.OpenFOAM.org                      |
|    \\/     M anipulation  |                                                 |
\*---------------------------------------------------------------------------*/
FoamFile
{
    version     2.0;
    format      ascii;
    class       volScalarField;
    location    "72";
    object      p;
}
// * * * * * * * * * * * * * * * * * * * * * * * * * * * * * * * * * * * * * //

dimensions      [0 2 -2 0 0 0 0];

internalField   nonuniform List<scalar> 
8800
(
0.807895
0.76011
0.721424
0.692434
0.671578
0.656758
0.646179
0.638723
0.633938
0.631928
0.633248
0.637481
0.644158
0.653498
0.666294
0.68404
0.708824
0.74277
0.785324
0.844027
0.639137
0.646816
0.654297
0.657609
0.656111
0.651043
0.64457
0.638515
0.633822
0.631021
0.630794
0.63335
0.637878
0.643852
0.650642
0.656935
0.660585
0.659854
0.654442
0.645757
0.617528
0.623689
0.62782
0.630771
0.632829
0.633446
0.632358
0.63028
0.628303
0.627448
0.628467
0.630897
0.633732
0.63594
0.636565
0.63538
0.633048
0.629663
0.625107
0.621347
0.611698
0.61435
0.617107
0.619516
0.621161
0.622337
0.623099
0.623247
0.622994
0.623003
0.623819
0.625042
0.625922
0.626017
0.625429
0.624354
0.622549
0.619987
0.617589
0.616086
0.606291
0.607716
0.6095
0.611541
0.613336
0.614693
0.615706
0.616538
0.617202
0.617832
0.618556
0.619113
0.619258
0.619006
0.618334
0.617105
0.615423
0.613586
0.612284
0.611452
0.601179
0.6021
0.603347
0.604923
0.606569
0.608112
0.609425
0.610531
0.611552
0.612522
0.613296
0.613695
0.613708
0.61331
0.61246
0.611283
0.609974
0.608727
0.60791
0.607358
0.596229
0.5969
0.597868
0.599181
0.600605
0.602084
0.603555
0.604923
0.606187
0.607384
0.608304
0.608756
0.608737
0.608279
0.60751
0.606591
0.605601
0.604693
0.604114
0.603708
0.591392
0.591909
0.592699
0.593841
0.595136
0.596534
0.598016
0.599541
0.601044
0.602485
0.603608
0.60418
0.604233
0.603909
0.603352
0.602662
0.601917
0.601252
0.600825
0.600506
0.586595
0.587006
0.587669
0.588689
0.589914
0.59127
0.592756
0.594372
0.59608
0.597799
0.599183
0.599961
0.60022
0.600125
0.599799
0.599326
0.598791
0.598321
0.598006
0.597746
0.58175
0.582085
0.582659
0.583601
0.584781
0.586126
0.587654
0.589376
0.591284
0.593307
0.595027
0.596117
0.596667
0.596837
0.596751
0.59651
0.596175
0.595869
0.595638
0.59542
0.576767
0.577044
0.577558
0.578456
0.579621
0.580995
0.582603
0.584475
0.586624
0.589001
0.591145
0.592635
0.593534
0.594008
0.594186
0.594182
0.594047
0.593884
0.593722
0.593533
0.571555
0.571787
0.572262
0.573147
0.574337
0.575784
0.577515
0.579591
0.582049
0.584865
0.587526
0.589496
0.590806
0.59163
0.592104
0.592341
0.592414
0.592386
0.592281
0.592111
0.566018
0.566215
0.566671
0.567571
0.568829
0.570393
0.572304
0.574653
0.577502
0.580865
0.584153
0.586696
0.588486
0.589711
0.59052
0.591024
0.591317
0.591416
0.591358
0.591202
0.560052
0.560221
0.560675
0.56162
0.562986
0.564719
0.566876
0.569578
0.572922
0.57696
0.581008
0.584234
0.586592
0.588281
0.589473
0.590296
0.590812
0.591035
0.591017
0.590868
0.553535
0.553679
0.554147
0.555167
0.556687
0.55865
0.56113
0.564281
0.568246
0.573111
0.578076
0.58212
0.585152
0.587387
0.589018
0.590192
0.590963
0.591314
0.591334
0.591189
0.546324
0.546444
0.54694
0.548064
0.549791
0.552052
0.554946
0.558666
0.5634
0.569275
0.575346
0.580364
0.584193
0.587075
0.589225
0.590801
0.59186
0.592345
0.592399
0.592253
0.538228
0.538337
0.538872
0.540134
0.542124
0.544763
0.548184
0.552618
0.558303
0.565408
0.57281
0.578988
0.583755
0.587396
0.590169
0.59222
0.5936
0.594225
0.59431
0.594159
0.529017
0.529116
0.529711
0.531138
0.533462
0.536591
0.540679
0.546005
0.552864
0.561467
0.570463
0.578014
0.583891
0.588424
0.591935
0.594541
0.596283
0.597055
0.597169
0.597008
0.518369
0.518449
0.519132
0.520785
0.523548
0.527304
0.53223
0.538674
0.546986
0.557411
0.56831
0.577478
0.584657
0.590242
0.594592
0.597859
0.600006
0.600931
0.601067
0.600893
0.5059
0.505966
0.50675
0.508715
0.512037
0.516594
0.522592
0.53045
0.540568
0.553205
0.566363
0.57742
0.586105
0.592913
0.598246
0.602267
0.604854
0.605927
0.606078
0.605889
0.49104
0.491094
0.492022
0.494404
0.498468
0.504078
0.511471
0.521139
0.533512
0.54883
0.564648
0.577891
0.588292
0.596498
0.602965
0.60783
0.610875
0.612084
0.612238
0.61203
0.473002
0.473045
0.474188
0.477158
0.482236
0.489272
0.498522
0.51054
0.525745
0.544301
0.563215
0.57894
0.591283
0.601057
0.608767
0.614569
0.618065
0.619377
0.619519
0.61929
0.450602
0.450643
0.452137
0.455996
0.462536
0.471579
0.483374
0.498493
0.517259
0.53969
0.562154
0.58064
0.595116
0.60662
0.615676
0.622447
0.626339
0.627698
0.627807
0.627558
0.422055
0.422118
0.424209
0.429501
0.438325
0.450314
0.465701
0.484939
0.508151
0.53515
0.561599
0.583078
0.599829
0.61316
0.623659
0.631342
0.63551
0.636831
0.636885
0.636619
0.384267
0.384435
0.387758
0.395698
0.408372
0.424882
0.445389
0.470035
0.498683
0.530935
0.561729
0.586354
0.605458
0.62065
0.632596
0.641029
0.645271
0.646447
0.646426
0.646152
0.331307
0.33232
0.338937
0.352336
0.371712
0.395219
0.422795
0.454278
0.489325
0.527395
0.562746
0.590556
0.612006
0.629016
0.642267
0.65116
0.655205
0.656135
0.656037
0.655764
0.254084
0.261551
0.276877
0.300518
0.329876
0.362753
0.398967
0.43831
0.480435
0.524776
0.564969
0.596145
0.620093
0.639031
0.653464
0.662559
0.666235
0.666909
0.666762
0.666527
0.171127
0.188767
0.213596
0.248094
0.287837
0.330208
0.375091
0.422441
0.471975
0.523175
0.568983
0.604175
0.631034
0.652153
0.667806
0.676577
0.679468
0.679848
0.679725
0.679562
0.101937
0.122726
0.155391
0.199106
0.247997
0.299305
0.35259
0.40778
0.464558
0.522379
0.573475
0.612327
0.641704
0.664484
0.680497
0.688556
0.690914
0.691234
0.691167
0.691041
0.0452634
0.0677292
0.105985
0.156214
0.212327
0.271149
0.331864
0.394247
0.457823
0.521928
0.578001
0.620248
0.651859
0.675893
0.692118
0.699801
0.701913
0.702218
0.702192
0.702094
-0.00188256
0.0217722
0.0638591
0.119251
0.181167
0.246196
0.313286
0.382058
0.45186
0.521856
0.582658
0.628106
0.661822
0.687123
0.703754
0.71119
0.713189
0.713521
0.713531
0.713458
-0.0417753
-0.0174718
0.0275136
0.0869846
0.153783
0.224094
0.29673
0.371199
0.446699
0.522212
0.587539
0.63611
0.671935
0.698514
0.715592
0.723185
0.725203
0.725487
0.725524
0.725467
-0.0764693
-0.0517573
-0.00449873
0.058345
0.129274
0.204189
0.281757
0.361381
0.442144
0.522872
0.592565
0.644213
0.682141
0.710042
0.727815
0.735724
0.737783
0.73808
0.738111
0.738072
-0.107486
-0.0824271
-0.0333193
0.0324014
0.106903
0.185864
0.267864
0.352213
0.437902
0.523609
0.597546
0.652227
0.692276
0.721571
0.740147
0.7484
0.7506
0.750886
0.750912
0.750888
-0.135822
-0.110461
-0.0597777
0.00843372
0.0860755
0.168636
0.254641
0.343345
0.43367
0.524162
0.602265
0.659964
0.702127
0.732808
0.752149
0.760801
0.76316
0.763462
0.763472
0.763458
-0.162305
-0.136603
-0.0845185
-0.0141154
0.0663377
0.152122
0.241761
0.334489
0.42919
0.52432
0.606542
0.667235
0.711458
0.743504
0.763592
0.772609
0.775125
0.775444
0.77542
0.775402
-0.187332
-0.161289
-0.107884
-0.0356255
0.0473534
0.136037
0.228981
0.325435
0.42428
0.52392
0.61024
0.673929
0.720193
0.753503
0.774231
0.78355
0.786171
0.78648
0.786428
0.786398
-0.211375
-0.184911
-0.130481
-0.0563408
0.0288808
0.120173
0.216133
0.316033
0.41879
0.522814
0.613253
0.679989
0.72827
0.762764
0.783983
0.793478
0.796142
0.796432
0.796344
0.796299
-0.234575
-0.207649
-0.152278
-0.0764552
0.0107664
0.104407
0.203102
0.306177
0.412614
0.520906
0.615511
0.685398
0.735728
0.771285
0.792833
0.802375
0.804996
0.805255
0.805137
0.805076
-0.25709
-0.229768
-0.173365
-0.0960897
-0.00707208
0.0886691
0.189826
0.295804
0.405687
0.518112
0.616939
0.690149
0.742637
0.77921
0.800918
0.810292
0.81281
0.813022
0.812882
0.812804
-0.279057
-0.251256
-0.193882
-0.115302
-0.0246864
0.0729276
0.176291
0.284901
0.397974
0.514361
0.617469
0.694244
0.749121
0.78672
0.808376
0.817389
0.819685
0.819818
0.819659
0.81957
-0.30055
-0.272164
-0.213912
-0.134112
-0.0420704
0.0571875
0.162516
0.273482
0.389467
0.509602
0.617026
0.697663
0.755279
0.794036
0.815469
0.82383
0.825735
0.825752
0.825572
0.82548
-0.321434
-0.292493
-0.233392
-0.152509
-0.059213
0.0414928
0.148535
0.261592
0.380199
0.503828
0.615524
0.700349
0.761167
0.801418
0.822549
0.829878
0.831086
0.830907
0.830724
0.830641
-0.341693
-0.31222
-0.252324
-0.170464
-0.0760751
0.0258847
0.134421
0.249291
0.370223
0.497039
0.612891
0.702184
0.766772
0.809088
0.83012
0.836089
0.836052
0.835404
0.835248
0.83523
-0.361403
-0.331324
-0.270701
-0.187957
-0.092607
0.0104328
0.120247
0.236665
0.359612
0.489274
0.609052
0.703006
0.771959
0.817115
0.838741
0.843466
0.841482
0.839654
0.839406
0.839749
-0.380411
-0.349794
-0.288476
-0.204944
-0.108759
-0.0047893
0.106097
0.223814
0.348466
0.480605
0.603966
0.702612
0.776468
0.825275
0.848664
0.853271
0.849526
0.845361
0.843744
0.843917
-0.398811
-0.367629
-0.305673
-0.221461
-0.124569
-0.0198259
0.0919163
0.210683
0.336722
0.470965
0.597497
0.700722
0.780021
0.833162
0.859545
0.866079
0.86255
0.85517
0.847854
0.834673
-0.416539
-0.384817
-0.322407
-0.237709
-0.140312
-0.0349952
0.0773065
0.196815
0.323879
0.459762
0.589057
0.696642
0.782191
0.840291
0.870077
0.880421
0.877458
0.863441
0.842224
0.832479
-0.433432
-0.401523
-0.338497
-0.253496
-0.155635
-0.0499613
0.0624833
0.182519
0.310217
0.447215
0.578634
0.689785
0.781964
0.845391
0.876243
0.886756
0.885029
0.859075
0.792122
0.762389
-0.448836
-0.419028
-0.353644
-0.268352
-0.169734
-0.0642216
0.0477662
0.168022
0.295948
0.433432
0.566115
0.679737
0.777673
0.847577
0.872491
0.87796
0.861525
0.804331
0.734865
0.692429
-0.503255
-0.434439
-0.367313
-0.28341
-0.184292
-0.0792843
0.0330792
0.153029
0.28068
0.417915
0.550821
0.665686
0.765154
0.842215
0.841738
0.839054
0.782547
0.708373
0.630404
0.587034
-0.464877
-0.44895
-0.387688
-0.302675
-0.205835
-0.100849
0.0104926
0.129852
0.256631
0.392689
0.524087
0.637971
0.730866
0.813984
0.794349
0.673245
0.563376
0.486987
0.411868
0.440116
-0.494911
-0.465938
-0.403819
-0.319658
-0.22287
-0.118
-0.00636248
0.112387
0.238147
0.372504
0.501273
0.611014
0.694009
0.737879
0.684425
0.528359
0.396085
0.301706
0.201491
0.249356
-0.51801
-0.486126
-0.422923
-0.338645
-0.241742
-0.136984
-0.0254216
0.0925044
0.216886
0.348884
0.47398
0.577413
0.651177
0.659959
0.547529
0.369825
0.213447
0.0918525
-0.0408383
-0.00919601
-0.540535
-0.507193
-0.44289
-0.357724
-0.260757
-0.156165
-0.0451392
0.0718195
0.194609
0.323825
0.444212
0.539428
0.597305
0.574274
0.409941
0.209656
0.0166405
-0.153202
-0.342683
-0.362837
-0.562451
-0.52871
-0.463575
-0.377671
-0.280595
-0.17625
-0.0658992
0.0499528
0.170867
0.296857
0.411734
0.498497
0.536373
0.475777
0.278739
0.0648296
-0.154496
-0.345037
-0.587439
-0.882694
-0.584649
-0.550932
-0.485313
-0.398972
-0.301748
-0.197607
-0.08787
0.0268234
0.145727
0.268176
0.377115
0.455295
0.470892
0.3584
0.164336
-0.0487212
-0.255087
-0.428669
-0.499307
-0.577328
-0.608068
-0.574325
-0.50845
-0.421936
-0.324705
-0.22087
-0.11185
0.00149615
0.118046
0.236376
0.338912
0.405702
0.395615
0.249215
0.0623841
-0.13162
-0.296797
-0.391156
-0.41556
-0.43134
-0.633012
-0.599177
-0.533155
-0.446637
-0.349593
-0.246247
-0.138196
-0.0265157
0.0872378
0.200756
0.296405
0.348337
0.320183
0.147595
-0.0301914
-0.199021
-0.327732
-0.367531
-0.380327
-0.38163
-0.659679
-0.625659
-0.559492
-0.47307
-0.376363
-0.273743
-0.166927
-0.0572634
0.0532348
0.161336
0.249102
0.286273
0.237122
0.0536819
-0.115007
-0.266231
-0.34381
-0.360889
-0.362296
-0.362118
-0.688128
-0.653834
-0.587489
-0.501237
-0.405032
-0.303348
-0.19805
-0.0907622
0.0160489
0.118194
0.197144
0.222093
0.136117
-0.0321572
-0.192304
-0.316965
-0.354256
-0.352587
-0.351692
-0.351115
-0.718074
-0.683533
-0.617047
-0.531053
-0.435518
-0.335012
-0.231534
-0.126986
-0.0242791
0.0714434
0.141437
0.148936
0.0444562
-0.111658
-0.253523
-0.331232
-0.341602
-0.344245
-0.344921
-0.344657
-0.748973
-0.714294
-0.647911
-0.562297
-0.467639
-0.368581
-0.267231
-0.165801
-0.0675593
0.0214558
0.0824978
0.0747214
-0.0377186
-0.179055
-0.298423
-0.330383
-0.339127
-0.34061
-0.340369
-0.340073
-0.780365
-0.745586
-0.679625
-0.59458
-0.501053
-0.403739
-0.304864
-0.20692
-0.1135
-0.0310523
0.0194396
0.00440599
-0.112797
-0.23416
-0.329309
-0.347243
-0.338214
-0.337066
-0.336972
-0.336731
-0.81135
-0.77671
-0.711355
-0.627302
-0.535227
-0.440019
-0.343988
-0.249864
-0.161618
-0.0854243
-0.0448884
-0.0595653
-0.178064
-0.276191
-0.332686
-0.341105
-0.337612
-0.335991
-0.335289
-0.335013
-0.840414
-0.806493
-0.742125
-0.659554
-0.569407
-0.476732
-0.383956
-0.293954
-0.211106
-0.141059
-0.104134
-0.12937
-0.229119
-0.314013
-0.32041
-0.33593
-0.337913
-0.335454
-0.33454
-0.334018
-0.865941
-0.833079
-0.770828
-0.690184
-0.602571
-0.512957
-0.423916
-0.338349
-0.260841
-0.197066
-0.160116
-0.195941
-0.270125
-0.329499
-0.35356
-0.344182
-0.340704
-0.339419
-0.338655
-0.338065
-0.885824
-0.854697
-0.795313
-0.717802
-0.633446
-0.547577
-0.462795
-0.382032
-0.309714
-0.252131
-0.217296
-0.24921
-0.298666
-0.347207
-0.380967
-0.357193
-0.347499
-0.346488
-0.345684
-0.34521
-0.897865
-0.869438
-0.813862
-0.740492
-0.660562
-0.579291
-0.499422
-0.423811
-0.356691
-0.304654
-0.272117
-0.293484
-0.311017
-0.333516
-0.33158
-0.340016
-0.345715
-0.347469
-0.348
-0.348437
-0.899475
-0.875074
-0.824459
-0.756506
-0.682241
-0.606696
-0.532481
-0.462452
-0.400629
-0.353403
-0.317831
-0.334051
-0.331489
-0.323929
-0.332813
-0.345289
-0.349396
-0.350657
-0.351408
-0.351625
-0.888409
-0.868782
-0.824951
-0.764279
-0.697044
-0.628343
-0.560657
-0.496666
-0.440302
-0.397262
-0.35738
-0.370867
-0.386737
-0.410013
-0.399544
-0.378247
-0.367498
-0.363638
-0.361949
-0.361303
-0.86282
-0.848114
-0.813575
-0.762574
-0.703983
-0.643257
-0.582788
-0.525131
-0.474273
-0.435378
-0.391021
-0.389229
-0.396439
-0.447272
-0.418159
-0.380737
-0.364953
-0.360421
-0.358497
-0.357624
-0.825288
-0.815821
-0.791192
-0.751551
-0.70306
-0.651176
-0.598229
-0.546792
-0.500894
-0.46593
-0.433392
-0.389228
-0.323221
-0.289734
-0.293882
-0.313848
-0.329736
-0.337285
-0.339657
-0.339854
-0.782494
-0.777105
-0.762625
-0.734034
-0.696216
-0.652902
-0.607145
-0.561191
-0.518971
-0.48557
-0.455136
-0.395262
-0.300233
-0.225145
-0.254734
-0.311055
-0.336689
-0.351144
-0.359199
-0.361792
-0.744145
-0.740866
-0.733995
-0.715411
-0.686353
-0.650333
-0.610597
-0.568871
-0.527932
-0.494282
-0.469276
-0.437184
-0.425563
-0.400382
-0.360946
-0.382043
-0.437695
-0.471628
-0.480061
-0.487866
-0.716705
-0.714668
-0.711165
-0.699904
-0.677284
-0.646499
-0.610632
-0.570786
-0.529325
-0.491061
-0.466102
-0.475467
-0.607963
-0.845598
-1.1434
-1.28804
-1.29251
-1.21186
-1.05748
-1.005
-0.696006
-0.695264
-0.694116
-0.688533
-0.671595
-0.644034
-0.609135
-0.569006
-0.524246
-0.475608
-0.439778
-0.420083
-0.508697
-0.677092
-0.898249
-0.97666
-0.913309
-0.816178
-0.692401
-0.643386
-0.683913
-0.683626
-0.682991
-0.680424
-0.668701
-0.642998
-0.607254
-0.565005
-0.515063
-0.45857
-0.410184
-0.366045
-0.304744
-0.191111
-0.0768413
0.0417313
0.147796
0.225361
0.289613
0.319144
-0.675885
-0.675707
-0.675166
-0.674308
-0.667358
-0.643628
-0.606633
-0.560324
-0.505641
-0.440347
-0.367878
-0.294802
-0.124734
0.188963
0.517721
0.844547
1.05906
1.15708
1.19499
1.20051
-0.670825
-0.670855
-0.670885
-0.671369
-0.666917
-0.64613
-0.60749
-0.557059
-0.496528
-0.420651
-0.330841
-0.237882
-0.0148062
0.345858
0.725685
1.07692
1.31428
1.41105
1.4305
1.42926
-0.666191
-0.666244
-0.666233
-0.665999
-0.664924
-0.649344
-0.610572
-0.556205
-0.489603
-0.408349
-0.308469
-0.207733
-0.00835232
0.306902
0.619212
0.895481
1.08161
1.16782
1.20521
1.21755
-0.662922
-0.663022
-0.662954
-0.662024
-0.661247
-0.653187
-0.615384
-0.558174
-0.488474
-0.403113
-0.303097
-0.20431
-0.0426092
0.237709
0.497831
0.712311
0.862938
0.948021
0.995572
1.01387
-0.661703
-0.662795
-0.665896
-0.672108
-0.678081
-0.665027
-0.622072
-0.563978
-0.494769
-0.407876
-0.311998
-0.217701
-0.0922554
0.143706
0.376857
0.571566
0.726233
0.821762
0.868254
0.882271
-0.663811
-0.665326
-0.66833
-0.673729
-0.680392
-0.663568
-0.624281
-0.57491
-0.507427
-0.41963
-0.330068
-0.244898
-0.146312
0.0563062
0.258369
0.426699
0.564457
0.651126
0.689997
0.699598
-0.693347
-0.693565
-0.68506
-0.648563
-0.599666
-0.59275
-0.612665
-0.59164
-0.525303
-0.436435
-0.349496
-0.269622
-0.191641
-0.0389106
0.131267
0.27016
0.381801
0.449733
0.478617
0.48406
-0.745362
-0.742852
-0.730054
-0.68867
-0.639888
-0.630375
-0.658789
-0.629469
-0.550701
-0.45473
-0.367743
-0.296545
-0.234911
-0.116832
0.0177677
0.125778
0.210969
0.260326
0.279842
0.282525
-0.845024
-0.852556
-0.889547
-0.938049
-0.949705
-0.91659
-0.846124
-0.71217
-0.584832
-0.471476
-0.383203
-0.317351
-0.265513
-0.178282
-0.0760056
0.00669651
0.0695271
0.104024
0.117976
0.118456
-1.00789
-1.0357
-1.09782
-1.15548
-1.17321
-1.12931
-0.994918
-0.785175
-0.611691
-0.479974
-0.389263
-0.331255
-0.287129
-0.222831
-0.148503
-0.0876042
-0.0437767
-0.0194938
-0.011466
-0.0117631
-1.06293
-1.08831
-1.13179
-1.17321
-1.18594
-1.14132
-0.991136
-0.776125
-0.598653
-0.467454
-0.38373
-0.333668
-0.300356
-0.254473
-0.203003
-0.1614
-0.132365
-0.117933
-0.113237
-0.114511
-0.915411
-0.936479
-0.973911
-1.01243
-1.02754
-0.98409
-0.839235
-0.673172
-0.532203
-0.427459
-0.359444
-0.319417
-0.294098
-0.26415
-0.235001
-0.21422
-0.202926
-0.199098
-0.198305
-0.199116
-0.593871
-0.611171
-0.644719
-0.683971
-0.707442
-0.686512
-0.608003
-0.514497
-0.431736
-0.366866
-0.321655
-0.292568
-0.273246
-0.258042
-0.248991
-0.246982
-0.249425
-0.253176
-0.254433
-0.254713
-0.238696
-0.248867
-0.271123
-0.304526
-0.339823
-0.35991
-0.360069
-0.345637
-0.324011
-0.298425
-0.276915
-0.259011
-0.245028
-0.242748
-0.247072
-0.255203
-0.264729
-0.271179
-0.272671
-0.272749
0.0103139
0.00513736
-0.010314
-0.0399303
-0.0835554
-0.133155
-0.176596
-0.208171
-0.226581
-0.233466
-0.234288
-0.231379
-0.227579
-0.230816
-0.237149
-0.246178
-0.254584
-0.258447
-0.259027
-0.259219
0.1247
0.121359
0.109778
0.0842134
0.0416823
-0.0133781
-0.0692791
-0.117518
-0.15407
-0.180324
-0.198799
-0.214182
-0.22391
-0.223168
-0.22393
-0.225038
-0.227482
-0.227835
-0.227836
-0.228314
0.150515
0.14816
0.139484
0.11952
0.0852311
0.0392925
-0.0115532
-0.061041
-0.10364
-0.138701
-0.168936
-0.199947
-0.219743
-0.21223
-0.202744
-0.197421
-0.194307
-0.192759
-0.192828
-0.193558
0.137169
0.135573
0.129482
0.115198
0.0902413
0.0556388
0.0147377
-0.0275157
-0.0673758
-0.103748
-0.136757
-0.17003
-0.188423
-0.180815
-0.171612
-0.166601
-0.163253
-0.162182
-0.162585
-0.163389
0.111813
0.110857
0.106847
0.0971869
0.0799082
0.0551846
0.0243584
-0.0092224
-0.0425256
-0.0734006
-0.10055
-0.123102
-0.13268
-0.132721
-0.133673
-0.135936
-0.137662
-0.139224
-0.140148
-0.140785
0.0852671
0.0847958
0.0823463
0.0761351
0.0646278
0.0475859
0.0255312
0.000763418
-0.0245741
-0.047219
-0.0629492
-0.0727718
-0.0752282
-0.0831783
-0.0952148
-0.106585
-0.114705
-0.119468
-0.121051
-0.121388
0.0611071
0.060885
0.0595174
0.0557264
0.0484097
0.0372214
0.0222791
0.0052393
-0.01225
-0.0267368
-0.0327868
-0.0269333
-0.0215415
-0.0402913
-0.0608047
-0.0776304
-0.0894818
-0.0961024
-0.0981177
-0.0982298
0.0398693
0.0398037
0.0391559
0.0370669
0.0327636
0.0259366
0.0166094
0.00591664
-0.0048454
-0.0125155
-0.0113125
-0.00135683
0.00435666
-0.0134913
-0.0339339
-0.0496401
-0.0605022
-0.0664684
-0.0683721
-0.0684123
0.0209759
0.0210529
0.0208391
0.0198889
0.0178545
0.0144548
0.00967009
0.00423246
-0.00117117
-0.00419157
-0.000958707
0.00815253
0.0115993
-0.000792566
-0.0145919
-0.0245025
-0.0303435
-0.033547
-0.034789
-0.034926
0.00360784
0.0036879
0.00369668
0.00391107
0.00392156
0.00351848
0.00272377
0.0016796
0.000381905
-0.00041806
-0.000382231
0.00226022
0.00478852
0.00159921
-0.00121873
-0.0026152
-0.00453457
-0.00598277
-0.00616617
-0.00597116
-0.118514
0.046665
0.239028
0.40684
0.540231
0.644405
0.730043
0.803037
0.836584
0.813396
0.179069
0.298337
0.426463
0.536879
0.629566
0.705936
0.767709
0.811635
0.833627
0.84587
0.394437
0.47609
0.563611
0.640685
0.706819
0.762108
0.806106
0.838311
0.861702
0.879798
0.552977
0.611505
0.67199
0.728305
0.777149
0.818659
0.852807
0.880108
0.902703
0.921072
0.676827
0.719326
0.764739
0.807961
0.846186
0.879598
0.90824
0.932126
0.952388
0.970264
0.780156
0.812673
0.850414
0.885599
0.91793
0.946944
0.972326
0.99369
1.01146
1.02883
0.872089
0.900575
0.9343
0.966224
0.995993
1.02302
1.04666
1.0663
1.08175
1.09884
0.960308
0.989382
1.02324
1.05516
1.08465
1.11115
1.13395
1.15239
1.16572
1.18275
1.0554
1.08852
1.12508
1.15859
1.18857
1.2147
1.2366
1.25385
1.26569
1.28309
1.17026
1.20804
1.24663
1.28083
1.31014
1.33485
1.35519
1.37106
1.38251
1.40058
1.31512
1.35364
1.38975
1.42041
1.44606
1.46813
1.48717
1.50269
1.5151
1.5331
1.49015
1.52176
1.54792
1.57035
1.59031
1.60902
1.62672
1.64319
1.65853
1.6766
1.67873
1.69593
1.71095
1.72717
1.74307
1.7576
1.77079
1.78472
1.80225
1.8224
1.86044
1.86997
1.8815
1.89231
1.90159
1.91117
1.92195
1.93331
1.94467
1.96002
2.06766
2.07132
2.05637
2.04156
2.03528
2.04095
2.05943
2.08974
2.12191
2.14857
2.37398
2.23912
2.16247
2.12008
2.10266
2.10662
2.13402
2.19043
2.29305
2.51741
0.698491
0.696364
0.691882
0.683261
0.671043
0.658922
0.648706
0.640829
0.635237
0.632019
0.631707
0.634486
0.639622
0.646868
0.656271
0.667822
0.68048
0.69152
0.697634
0.700691
0.622933
0.628781
0.635117
0.639614
0.64209
0.641775
0.639051
0.63526
0.631777
0.629555
0.629453
0.631694
0.63539
0.639703
0.643527
0.645422
0.644494
0.641019
0.635859
0.629238
0.614489
0.616786
0.620192
0.623194
0.625276
0.626783
0.627553
0.627257
0.626262
0.62542
0.625644
0.627118
0.628969
0.630302
0.630501
0.629625
0.628085
0.625756
0.622498
0.61958
0.608951
0.610037
0.611873
0.614257
0.61629
0.617729
0.618767
0.619543
0.619978
0.620246
0.620793
0.621653
0.622291
0.622388
0.621998
0.621166
0.619708
0.617633
0.615553
0.614173
0.603711
0.604374
0.605485
0.607197
0.608989
0.610634
0.611949
0.612993
0.613915
0.614758
0.615551
0.616164
0.616404
0.616273
0.615733
0.614698
0.613285
0.611753
0.610442
0.609665
0.598689
0.599149
0.599938
0.601244
0.602743
0.604276
0.605764
0.607093
0.608274
0.609392
0.610382
0.611021
0.611223
0.610991
0.610326
0.609362
0.608255
0.607137
0.606231
0.605715
0.593803
0.594146
0.594761
0.595838
0.597145
0.598538
0.600002
0.601485
0.60291
0.604262
0.605461
0.606237
0.606482
0.606259
0.605699
0.604954
0.604127
0.603278
0.602616
0.60224
0.588996
0.589263
0.58976
0.590678
0.591863
0.593181
0.594606
0.596137
0.597738
0.599341
0.600794
0.601765
0.602148
0.602092
0.601749
0.601228
0.60061
0.599994
0.599514
0.599227
0.584187
0.584399
0.584812
0.585621
0.586728
0.588002
0.589422
0.591006
0.592748
0.594601
0.596357
0.597607
0.598245
0.598442
0.598339
0.598048
0.597643
0.597223
0.596885
0.596661
0.579284
0.579455
0.579809
0.580547
0.58161
0.582866
0.584319
0.585994
0.587903
0.590026
0.592144
0.593772
0.594751
0.595249
0.595411
0.59536
0.595176
0.594934
0.594714
0.594536
0.574198
0.574335
0.574649
0.575343
0.576392
0.577676
0.579202
0.581012
0.583144
0.585594
0.588155
0.590251
0.591639
0.592489
0.592953
0.59316
0.593195
0.593129
0.59301
0.592867
0.568836
0.568946
0.569232
0.569908
0.570978
0.572336
0.573979
0.575979
0.578401
0.581266
0.584372
0.587031
0.588902
0.590159
0.590966
0.591456
0.591726
0.591835
0.591804
0.591688
0.563099
0.563185
0.563456
0.564137
0.565265
0.566739
0.568554
0.570813
0.573605
0.576992
0.580765
0.5841
0.586545
0.588276
0.589472
0.590294
0.590824
0.591101
0.591149
0.591054
0.556874
0.55694
0.557203
0.557914
0.559137
0.560775
0.562826
0.565422
0.568686
0.572721
0.577306
0.581454
0.584581
0.58687
0.588517
0.589711
0.59053
0.590992
0.591115
0.591037
0.55003
0.550075
0.550339
0.551101
0.552459
0.554317
0.556678
0.559705
0.563564
0.568398
0.573969
0.579093
0.58303
0.58598
0.588157
0.589774
0.590926
0.591586
0.591784
0.591719
0.542409
0.542431
0.542697
0.543534
0.545072
0.547213
0.549971
0.553546
0.558146
0.56396
0.570727
0.577019
0.581918
0.585645
0.588453
0.590572
0.592102
0.592979
0.593252
0.593195
0.533781
0.533794
0.534076
0.535013
0.536784
0.539274
0.54254
0.546805
0.552326
0.559344
0.567556
0.575242
0.581278
0.58592
0.58947
0.592197
0.59416
0.595271
0.595617
0.595567
0.523868
0.523851
0.524184
0.525265
0.527328
0.530278
0.534189
0.539319
0.545986
0.554481
0.564436
0.573776
0.581153
0.586875
0.591296
0.594728
0.597192
0.598561
0.59898
0.598931
0.512352
0.51231
0.512691
0.513966
0.516399
0.519943
0.524671
0.530895
0.538995
0.549303
0.561353
0.572649
0.58159
0.588574
0.594017
0.598258
0.601299
0.60294
0.603426
0.603374
0.498736
0.498667
0.499129
0.500658
0.503578
0.507892
0.513678
0.521303
0.531208
0.543747
0.558306
0.571892
0.58264
0.591069
0.597706
0.602879
0.606553
0.60847
0.609013
0.608952
0.482351
0.482253
0.482843
0.484727
0.4883
0.493645
0.500832
0.510285
0.522485
0.537772
0.555315
0.571551
0.584358
0.594429
0.602408
0.608635
0.612991
0.615171
0.615748
0.615671
0.462233
0.462109
0.462905
0.465308
0.469802
0.47658
0.48568
0.497568
0.512716
0.531382
0.55244
0.571691
0.586806
0.598702
0.608147
0.615536
0.620585
0.622984
0.623565
0.623464
0.436931
0.436792
0.437927
0.441137
0.447028
0.455904
0.46772
0.482919
0.50187
0.524662
0.549796
0.572412
0.590035
0.603906
0.614941
0.62355
0.629228
0.631758
0.632299
0.632167
0.404079
0.403964
0.405721
0.410334
0.418549
0.430706
0.446508
0.466252
0.490069
0.517812
0.547572
0.573839
0.594111
0.610054
0.622734
0.632545
0.638698
0.641222
0.641671
0.641505
0.359436
0.359492
0.362624
0.370164
0.382697
0.400208
0.421922
0.447794
0.477667
0.511176
0.546022
0.576113
0.599098
0.617123
0.631437
0.642304
0.648643
0.650975
0.651287
0.651089
0.295053
0.296305
0.303972
0.318053
0.338499
0.364535
0.39458
0.428261
0.465298
0.505222
0.545417
0.579365
0.605004
0.625035
0.640796
0.652365
0.658558
0.660459
0.660597
0.660384
0.218783
0.220626
0.235312
0.259519
0.291043
0.327129
0.366238
0.408204
0.452862
0.499772
0.546051
0.58462
0.613529
0.635988
0.653338
0.665472
0.671241
0.672769
0.672854
0.672722
0.140154
0.146509
0.168198
0.2028
0.244836
0.290688
0.338815
0.389099
0.441433
0.495393
0.54785
0.591083
0.623212
0.648007
0.667043
0.679123
0.683963
0.684963
0.684991
0.684925
0.0757913
0.0845287
0.11083
0.15255
0.202818
0.256976
0.31322
0.371279
0.430925
0.49165
0.549974
0.597531
0.632549
0.65923
0.679057
0.690855
0.695258
0.696151
0.696219
0.696209
0.0234526
0.0327933
0.0626912
0.109707
0.166182
0.22703
0.290134
0.355054
0.421368
0.488415
0.552288
0.603917
0.641609
0.669996
0.69056
0.702317
0.706454
0.707251
0.707364
0.707407
-0.0202951
-0.0106712
0.0217003
0.0727496
0.13432
0.20072
0.269641
0.340561
0.412881
0.485779
0.554898
0.610425
0.650693
0.680792
0.702246
0.714031
0.717965
0.718906
0.719062
0.719149
-0.0578291
-0.0481038
-0.0138889
0.0403842
0.106175
0.177315
0.251316
0.327566
0.405343
0.483676
0.557784
0.617101
0.659928
0.691725
0.714062
0.726167
0.730306
0.731278
0.731443
0.731565
-0.0908464
-0.0811035
-0.0454832
0.0115079
0.080842
0.156078
0.234583
0.315642
0.398445
0.481888
0.560786
0.623804
0.669168
0.702702
0.726097
0.73877
0.743116
0.744155
0.74431
0.744417
-0.120656
-0.110897
-0.074132
-0.0147958
0.0575794
0.136409
0.218932
0.304374
0.391846
0.480139
0.563669
0.63033
0.678226
0.713533
0.738023
0.75128
0.755909
0.756979
0.757112
0.757192
-0.148173
-0.138391
-0.100651
-0.0392407
0.0358164
0.117837
0.203971
0.293418
0.385244
0.47816
0.566216
0.63649
0.68689
0.723916
0.749459
0.76331
0.768255
0.769358
0.769455
0.769507
-0.173989
-0.164159
-0.125525
-0.0623674
0.0151187
0.0999996
0.189393
0.282509
0.378403
0.475752
0.568259
0.642126
0.695008
0.733706
0.760252
0.774603
0.779819
0.78094
0.780994
0.781011
-0.198603
-0.188669
-0.149157
-0.0845017
-0.00481157
0.0826276
0.174974
0.271457
0.371162
0.472755
0.569649
0.647144
0.702508
0.742813
0.770261
0.784988
0.790331
0.79147
0.791493
0.791477
-0.222325
-0.212203
-0.17195
-0.105834
-0.024181
0.0655421
0.160565
0.260134
0.363384
0.469042
0.570287
0.651479
0.709376
0.75124
0.779434
0.794371
0.799791
0.800874
0.800865
0.800818
-0.245272
-0.234963
-0.194046
-0.126509
-0.0431307
0.0486485
0.146074
0.248451
0.354989
0.464519
0.570084
0.655095
0.71563
0.759046
0.787833
0.802837
0.808143
0.809179
0.809136
0.809064
-0.267646
-0.257082
-0.215447
-0.146647
-0.0617306
0.0318825
0.131456
0.236373
0.345938
0.459131
0.568955
0.657946
0.721329
0.766384
0.795634
0.810477
0.815555
0.816473
0.816393
0.816305
-0.28942
-0.278604
-0.236297
-0.166318
-0.0800083
0.0152303
0.116717
0.223906
0.336223
0.452833
0.566833
0.659981
0.726531
0.773411
0.803041
0.817481
0.822141
0.822875
0.822743
0.822639
-0.310653
-0.299571
-0.256554
-0.185521
-0.0979641
-0.00129679
0.101876
0.211085
0.325867
0.445619
0.563656
0.661129
0.731245
0.7803
0.810353
0.8241
0.828034
0.828466
0.828278
0.828172
-0.33123
-0.319939
-0.276215
-0.204224
-0.115569
-0.0176451
0.0869802
0.197958
0.314921
0.437521
0.559373
0.661298
0.735428
0.787183
0.81793
0.830772
0.833524
0.83336
0.833084
0.833008
-0.35128
-0.339676
-0.295287
-0.222425
-0.132805
-0.0337895
0.0721074
0.184593
0.303457
0.428596
0.55397
0.660367
0.738952
0.794076
0.826137
0.838213
0.839301
0.837883
0.837298
0.837326
-0.370654
-0.358763
-0.31375
-0.240092
-0.149606
-0.0496549
0.0573282
0.171098
0.291567
0.41889
0.54746
0.658204
0.741616
0.800826
0.835125
0.847274
0.84674
0.843258
0.841298
0.840861
-0.389423
-0.377257
-0.331562
-0.257186
-0.165942
-0.0651792
0.0427185
0.157543
0.279355
0.408526
0.539887
0.654674
0.743152
0.80707
0.844543
0.858301
0.857716
0.852214
0.8461
0.838589
-0.40751
-0.395116
-0.348817
-0.273859
-0.18202
-0.0806246
0.0279598
0.143553
0.266403
0.397044
0.530777
0.649296
0.743166
0.812631
0.853996
0.87106
0.872912
0.866477
0.855047
0.850853
-0.424871
-0.412264
-0.365505
-0.290091
-0.197854
-0.0959897
0.0130585
0.129102
0.252654
0.384309
0.519899
0.641632
0.740804
0.816707
0.861597
0.88173
0.885447
0.881112
0.84269
0.791243
-0.441237
-0.427919
-0.381476
-0.305812
-0.213552
-0.111444
-0.00204939
0.114298
0.23815
0.370354
0.50714
0.631352
0.734831
0.818555
0.864942
0.882064
0.884551
0.861626
0.804106
0.742659
-0.456908
-0.442795
-0.396706
-0.320352
-0.228584
-0.126516
-0.0175869
0.0991885
0.223038
0.355347
0.492506
0.618137
0.723881
0.818343
0.861463
0.892485
0.85053
0.796683
0.723221
0.655942
-0.442702
-0.424504
-0.373767
-0.293024
-0.194806
-0.0897762
0.0246601
0.144421
0.271822
0.408751
0.54144
0.656463
0.754848
0.853198
0.879658
0.792627
0.734685
0.663608
0.588078
0.538844
-0.466748
-0.450182
-0.414189
-0.343001
-0.251663
-0.150804
-0.0415202
0.0747255
0.198042
0.329505
0.465565
0.590622
0.695956
0.782732
0.855903
0.834842
0.703515
0.613106
0.545552
0.461562
-0.485909
-0.470291
-0.428615
-0.356044
-0.26422
-0.163778
-0.0555793
0.0597815
0.182219
0.312436
0.447149
0.570579
0.673027
0.74852
0.772652
0.683982
0.536476
0.435239
0.356627
0.267805
-0.505581
-0.493131
-0.446949
-0.373319
-0.281417
-0.180504
-0.0723319
0.0427641
0.164366
0.293189
0.42526
0.544267
0.637094
0.698356
0.67197
0.53173
0.373713
0.251945
0.150992
0.014923
-0.528343
-0.515508
-0.467307
-0.39251
-0.300481
-0.199451
-0.0914183
0.0231228
0.143658
0.270642
0.39936
0.512688
0.595698
0.635361
0.571874
0.382815
0.197496
0.0419215
-0.100284
-0.29721
-0.550073
-0.537624
-0.488313
-0.412259
-0.319845
-0.21889
-0.11128
0.00240776
0.121589
0.246291
0.371096
0.477887
0.55321
0.555867
0.442433
0.240746
0.0254024
-0.175887
-0.35154
-0.739757
-0.571904
-0.559823
-0.510051
-0.433102
-0.340377
-0.239436
-0.132272
-0.0194802
0.098193
0.220301
0.340702
0.439883
0.503156
0.472946
0.317175
0.113787
-0.105114
-0.317224
-0.496218
-0.767878
-0.594663
-0.582735
-0.532785
-0.45531
-0.362399
-0.261471
-0.154725
-0.0428284
0.073242
0.192515
0.30812
0.399073
0.44673
0.399042
0.205123
0.00888199
-0.190127
-0.358079
-0.431014
-0.470124
-0.618836
-0.607036
-0.556896
-0.479167
-0.386276
-0.285553
-0.179395
-0.0686439
0.0454655
0.16136
0.271415
0.353782
0.383882
0.299892
0.105193
-0.0788783
-0.24506
-0.352546
-0.390719
-0.399694
-0.644627
-0.632849
-0.582553
-0.504692
-0.411953
-0.311636
-0.206302
-0.0969826
0.0147649
0.126732
0.230453
0.304033
0.306455
0.192925
0.013572
-0.156453
-0.297441
-0.353421
-0.365488
-0.370369
-0.672225
-0.660371
-0.609841
-0.531906
-0.439433
-0.339725
-0.235454
-0.12789
-0.0188971
0.0886609
0.18531
0.249184
0.226596
0.093008
-0.0716861
-0.231225
-0.331636
-0.360404
-0.356603
-0.356684
-0.701344
-0.689686
-0.638735
-0.560776
-0.468686
-0.36978
-0.266841
-0.161354
-0.0555051
0.0471627
0.136291
0.188185
0.156301
0.00134553
-0.148693
-0.28853
-0.32994
-0.342408
-0.347378
-0.347645
-0.73183
-0.720162
-0.669023
-0.591141
-0.499585
-0.401701
-0.300375
-0.197299
-0.0949952
0.00242112
0.0836365
0.124216
0.0857116
-0.076728
-0.216127
-0.313192
-0.358864
-0.345793
-0.342841
-0.342537
-0.763164
-0.751485
-0.700402
-0.622685
-0.531845
-0.435244
-0.335828
-0.235515
-0.13715
-0.0452085
0.0277864
0.0595681
0.000382168
-0.144537
-0.269874
-0.323007
-0.337767
-0.338775
-0.338936
-0.3387
-0.794609
-0.782999
-0.731983
-0.654865
-0.565011
-0.469999
-0.372846
-0.275646
-0.181588
-0.0953183
-0.0298911
-0.0125806
-0.0800695
-0.202401
-0.302929
-0.325859
-0.332746
-0.3363
-0.336209
-0.336121
-0.824951
-0.813778
-0.763012
-0.686883
-0.598397
-0.50536
-0.410864
-0.31714
-0.227672
-0.147373
-0.0875896
-0.0837068
-0.148878
-0.251792
-0.323812
-0.373982
-0.348358
-0.337339
-0.335009
-0.334486
-0.852733
-0.842053
-0.792342
-0.717498
-0.631073
-0.540489
-0.44912
-0.359258
-0.274556
-0.20036
-0.145021
-0.145642
-0.210485
-0.285981
-0.342531
-0.333409
-0.336671
-0.33711
-0.3363
-0.33577
-0.876266
-0.866271
-0.818076
-0.745532
-0.661804
-0.574296
-0.486621
-0.401069
-0.321258
-0.252886
-0.202847
-0.20063
-0.259361
-0.311594
-0.345153
-0.349591
-0.344891
-0.344153
-0.342736
-0.341969
-0.89321
-0.884121
-0.838291
-0.769051
-0.689074
-0.605547
-0.522192
-0.44145
-0.366721
-0.303736
-0.259333
-0.251142
-0.293698
-0.323725
-0.329745
-0.34389
-0.347976
-0.34858
-0.348631
-0.348171
-0.901546
-0.89324
-0.85091
-0.786144
-0.711117
-0.632726
-0.554577
-0.479111
-0.409789
-0.351835
-0.311191
-0.29679
-0.32275
-0.311979
-0.316826
-0.33305
-0.343356
-0.346479
-0.348043
-0.348823
-0.896838
-0.890115
-0.854286
-0.794964
-0.726283
-0.654303
-0.582357
-0.512852
-0.449188
-0.396081
-0.358296
-0.33808
-0.357613
-0.353586
-0.358922
-0.3597
-0.359184
-0.358069
-0.357471
-0.357158
-0.878034
-0.873405
-0.845404
-0.794198
-0.733309
-0.669025
-0.604283
-0.541354
-0.483551
-0.435604
-0.401178
-0.383282
-0.384456
-0.416025
-0.443048
-0.402743
-0.377931
-0.368672
-0.364796
-0.36322
-0.845595
-0.842265
-0.823356
-0.782887
-0.731687
-0.676322
-0.619562
-0.563519
-0.51152
-0.468422
-0.441048
-0.404568
-0.36946
-0.360511
-0.363983
-0.34802
-0.349668
-0.349843
-0.349492
-0.34897
-0.804209
-0.802093
-0.791376
-0.763179
-0.722539
-0.676698
-0.628147
-0.578826
-0.53202
-0.492661
-0.465308
-0.42672
-0.343606
-0.250764
-0.216458
-0.258315
-0.304744
-0.328878
-0.338356
-0.341129
-0.762438
-0.761186
-0.75587
-0.739481
-0.709508
-0.672019
-0.630996
-0.587592
-0.544534
-0.5067
-0.478834
-0.441355
-0.377731
-0.30934
-0.264893
-0.305503
-0.349872
-0.389119
-0.407423
-0.412261
-0.729057
-0.728394
-0.725686
-0.716323
-0.695561
-0.665592
-0.630144
-0.590857
-0.549903
-0.510396
-0.482334
-0.453338
-0.491607
-0.570187
-0.64886
-0.688199
-0.710526
-0.686773
-0.666508
-0.648491
-0.705503
-0.704789
-0.703366
-0.69961
-0.685351
-0.660479
-0.628015
-0.59063
-0.548862
-0.504886
-0.467495
-0.431432
-0.505025
-0.6915
-0.998063
-1.26998
-1.32649
-1.24306
-1.07405
-0.963039
-0.689389
-0.689143
-0.688555
-0.686625
-0.678826
-0.657865
-0.626484
-0.58828
-0.543884
-0.49443
-0.442916
-0.411426
-0.394361
-0.421295
-0.458595
-0.485784
-0.43039
-0.349704
-0.270254
-0.203881
-0.679436
-0.679365
-0.678968
-0.678239
-0.674546
-0.657257
-0.625988
-0.585252
-0.53757
-0.481142
-0.41806
-0.371842
-0.285477
-0.0995779
0.140383
0.379523
0.586491
0.712088
0.781192
0.814116
-0.673076
-0.673066
-0.672865
-0.672571
-0.671118
-0.658487
-0.627057
-0.5835
-0.53091
-0.467392
-0.39102
-0.30815
-0.17926
0.111817
0.490863
0.871439
1.18392
1.34197
1.39668
1.40089
-0.668471
-0.668562
-0.668678
-0.668865
-0.668149
-0.660505
-0.630143
-0.584067
-0.525718
-0.455821
-0.367972
-0.267085
-0.12769
0.160841
0.513724
0.850474
1.12905
1.27956
1.33232
1.34469
-0.664187
-0.664282
-0.664212
-0.663832
-0.663612
-0.660201
-0.634993
-0.586628
-0.524545
-0.448521
-0.355972
-0.25158
-0.131847
0.123211
0.421806
0.684219
0.886869
1.00308
1.0635
1.0934
-0.662061
-0.662457
-0.663193
-0.664484
-0.66524
-0.665278
-0.642384
-0.591328
-0.527344
-0.449342
-0.357612
-0.255721
-0.155196
0.0580648
0.31816
0.543402
0.725002
0.845899
0.913585
0.943906
-0.66005
-0.661337
-0.664101
-0.671279
-0.682687
-0.683842
-0.650456
-0.597449
-0.536616
-0.458767
-0.367721
-0.272846
-0.194031
-0.0156116
0.215237
0.414508
0.58045
0.70348
0.769858
0.794838
-0.673708
-0.674921
-0.675711
-0.669744
-0.655306
-0.640303
-0.628708
-0.60369
-0.552422
-0.473352
-0.383133
-0.297238
-0.223718
-0.0851415
0.104686
0.275943
0.416061
0.51917
0.572735
0.590824
-0.717937
-0.717442
-0.7139
-0.681362
-0.613395
-0.567412
-0.600468
-0.6211
-0.57614
-0.492569
-0.40081
-0.320514
-0.255128
-0.153747
-0.000174171
0.136642
0.247907
0.327525
0.366689
0.379588
-0.785224
-0.780813
-0.783569
-0.787342
-0.788573
-0.766914
-0.756659
-0.712141
-0.617713
-0.51447
-0.417383
-0.341843
-0.281734
-0.208056
-0.0870917
0.0175303
0.10276
0.160452
0.189242
0.19537
-0.93123
-0.932114
-0.972774
-1.04104
-1.08712
-1.07449
-1.00677
-0.842732
-0.674236
-0.535346
-0.429253
-0.355346
-0.300132
-0.247384
-0.15657
-0.0763845
-0.0138246
0.02673
0.0456051
0.0509376
-1.05873
-1.06838
-1.11242
-1.16744
-1.20286
-1.19058
-1.10585
-0.901652
-0.696076
-0.538501
-0.42853
-0.359127
-0.313974
-0.272387
-0.20846
-0.151185
-0.107137
-0.079074
-0.0666857
-0.0642575
-1.01269
-1.02344
-1.05549
-1.09551
-1.12364
-1.11246
-1.02248
-0.827812
-0.647549
-0.50583
-0.408087
-0.348204
-0.31245
-0.282741
-0.240839
-0.204477
-0.178556
-0.164459
-0.159064
-0.158637
-0.765854
-0.777614
-0.807319
-0.849238
-0.883803
-0.880208
-0.797022
-0.663289
-0.537093
-0.438319
-0.36734
-0.322313
-0.295252
-0.274317
-0.252273
-0.238079
-0.230872
-0.229552
-0.230716
-0.230857
-0.406262
-0.414459
-0.434823
-0.466578
-0.502397
-0.520037
-0.499726
-0.455297
-0.402028
-0.354347
-0.314943
-0.286716
-0.266288
-0.254025
-0.24983
-0.250908
-0.257285
-0.264224
-0.268048
-0.268236
-0.0945705
-0.0991386
-0.111471
-0.136563
-0.173593
-0.213982
-0.24666
-0.266218
-0.273845
-0.269529
-0.259945
-0.24947
-0.238251
-0.233611
-0.238758
-0.247396
-0.257551
-0.265884
-0.268877
-0.268967
0.0836661
0.0810252
0.0731162
0.0531726
0.0169688
-0.0342865
-0.0898155
-0.137775
-0.173963
-0.197495
-0.211164
-0.219279
-0.223431
-0.225559
-0.228593
-0.233966
-0.239672
-0.243781
-0.244593
-0.24473
0.145924
0.14421
0.13856
0.122718
0.0918748
0.0457679
-0.0083922
-0.0619287
-0.107882
-0.143727
-0.171366
-0.196049
-0.218012
-0.222448
-0.216895
-0.212788
-0.2114
-0.210591
-0.210065
-0.210474
0.147012
0.145949
0.141893
0.130227
0.107062
0.0716079
0.0278421
-0.0190308
-0.0636609
-0.103008
-0.137158
-0.170671
-0.201806
-0.205187
-0.193916
-0.184759
-0.179672
-0.177051
-0.176508
-0.177204
0.125244
0.124686
0.121971
0.113967
0.0977476
0.0723553
0.0394269
0.00193352
-0.0358177
-0.0712929
-0.103631
-0.133995
-0.158214
-0.159439
-0.154655
-0.151813
-0.150163
-0.149675
-0.150175
-0.150942
0.0984113
0.0982146
0.096541
0.0913468
0.0804774
0.0629648
0.0393662
0.0113246
-0.0183527
-0.0467987
-0.0711367
-0.0897366
-0.101974
-0.104717
-0.11069
-0.117921
-0.123909
-0.127992
-0.130152
-0.130892
0.072715
0.0726975
0.0718036
0.0686412
0.0617024
0.0500978
0.0338905
0.0140969
-0.00728875
-0.0275824
-0.0428507
-0.0486317
-0.0466927
-0.053218
-0.0693016
-0.085257
-0.0979878
-0.106176
-0.109778
-0.110457
0.0501058
0.0502182
0.0497148
0.0479219
0.0437231
0.0364237
0.0259331
0.0128776
-0.00126839
-0.0141104
-0.0209071
-0.0170542
-0.0070615
-0.0139649
-0.0357797
-0.0553954
-0.0701625
-0.0794047
-0.0834564
-0.0840807
0.0300934
0.0302554
0.0300775
0.029215
0.0270065
0.0229444
0.0169443
0.009378
0.00116847
-0.00579538
-0.00736636
-0.000414338
0.00995364
0.00332349
-0.0154853
-0.0305357
-0.0413976
-0.0480195
-0.0511855
-0.0517813
0.00367426
0.00367573
0.00376479
0.00395775
0.00377639
0.00317431
0.00220924
0.00102814
-4.89507e-05
-0.000620022
0.000553364
0.00373892
0.00435759
-0.000149585
-0.00171733
-0.00340181
-0.00538432
-0.00618193
-0.00605982
-0.0190348
-1.14569
-0.473579
-0.0257059
0.231148
0.414953
0.554939
0.662539
0.74881
0.842387
0.933739
-0.105225
0.0872164
0.262917
0.410721
0.533833
0.633586
0.714385
0.780556
0.821715
0.825259
0.222527
0.336416
0.447998
0.547115
0.632042
0.703433
0.761846
0.806285
0.834938
0.852317
0.429737
0.507217
0.583972
0.654185
0.715226
0.767322
0.810235
0.843963
0.8697
0.888628
0.582009
0.634415
0.692756
0.744965
0.790803
0.830684
0.864592
0.892787
0.915941
0.932832
0.702617
0.743018
0.788167
0.827756
0.864523
0.897377
0.926187
0.950851
0.97152
0.985697
0.804329
0.838457
0.87506
0.908938
0.940836
0.970159
0.996265
1.01869
1.03724
1.04892
0.896838
0.927658
0.961343
0.993698
1.02422
1.05237
1.07734
1.09849
1.11536
1.12485
0.987364
1.01976
1.05489
1.08874
1.1199
1.14805
1.17251
1.19274
1.20814
1.21632
1.08902
1.12644
1.16461
1.20076
1.23271
1.26049
1.28386
1.3028
1.3169
1.32537
1.21576
1.25807
1.29719
1.33299
1.36332
1.38894
1.41045
1.42803
1.44151
1.45166
1.37717
1.41859
1.45225
1.48176
1.50625
1.52773
1.54729
1.56469
1.57941
1.5921
1.56751
1.59829
1.6195
1.6386
1.65664
1.67384
1.69003
1.70584
1.72234
1.73926
1.76531
1.7767
1.78773
1.80181
1.81608
1.82891
1.84026
1.8511
1.86399
1.88087
1.95109
1.96099
1.96962
1.97206
1.97293
1.97718
1.98796
2.0039
2.02151
2.02611
2.25211
2.1967
2.14587
2.10563
2.08323
2.07917
2.09267
2.12646
2.1829
2.25845
0.840708
0.782014
0.739537
0.705681
0.681029
0.663483
0.650984
0.64207
0.635981
0.632529
0.632177
0.635073
0.64054
0.648498
0.659435
0.674499
0.695516
0.724617
0.763384
0.811211
0.642252
0.651012
0.656549
0.657375
0.653896
0.647859
0.641437
0.635982
0.632169
0.630551
0.631762
0.635387
0.640692
0.647186
0.653966
0.659246
0.660877
0.657645
0.650315
0.642647
0.619273
0.621304
0.62591
0.629425
0.631941
0.633375
0.633097
0.631374
0.629204
0.627664
0.627718
0.629581
0.632332
0.634979
0.636477
0.636153
0.634308
0.631517
0.627473
0.623092
0.61234
0.613207
0.615693
0.618411
0.620427
0.621795
0.62279
0.623256
0.623135
0.622914
0.623307
0.624433
0.625561
0.626067
0.625784
0.624954
0.623557
0.621329
0.618698
0.616735
0.606659
0.607121
0.608519
0.610546
0.612492
0.614076
0.615231
0.616146
0.616891
0.617505
0.618185
0.618876
0.619238
0.619175
0.618729
0.617785
0.616295
0.614482
0.612844
0.61183
0.601438
0.601725
0.602645
0.60412
0.605754
0.607367
0.608805
0.609998
0.61105
0.612047
0.612941
0.613544
0.613747
0.613562
0.612933
0.611896
0.610627
0.609327
0.60825
0.607628
0.596423
0.596624
0.597315
0.598495
0.599887
0.601343
0.602831
0.604258
0.605567
0.606798
0.607888
0.608588
0.608803
0.608554
0.607919
0.60706
0.606104
0.605126
0.604353
0.603916
0.591542
0.591694
0.592244
0.593235
0.594474
0.595826
0.597269
0.59878
0.600301
0.601778
0.603098
0.603963
0.604261
0.604105
0.60365
0.603017
0.602296
0.601566
0.601002
0.600674
0.586713
0.586833
0.587283
0.588141
0.589283
0.590578
0.591998
0.593552
0.595222
0.59695
0.598547
0.599646
0.600143
0.600206
0.599983
0.599575
0.599061
0.598543
0.598139
0.597886
0.581844
0.58194
0.582321
0.58309
0.584171
0.585434
0.586868
0.588493
0.590312
0.592294
0.594222
0.595649
0.596448
0.59679
0.596818
0.596643
0.596346
0.596015
0.595739
0.59554
0.576841
0.57692
0.577252
0.577963
0.579016
0.580283
0.58177
0.583507
0.585518
0.587795
0.590123
0.591973
0.593146
0.593814
0.594126
0.594197
0.594123
0.593967
0.593799
0.593639
0.571612
0.571678
0.571975
0.572656
0.573711
0.575031
0.576612
0.578509
0.580776
0.58342
0.58624
0.588604
0.590222
0.591268
0.591903
0.592243
0.592394
0.592411
0.592337
0.592209
0.566061
0.566116
0.566392
0.567066
0.56816
0.569575
0.571301
0.57342
0.576015
0.579126
0.582548
0.58553
0.587673
0.589158
0.590159
0.590803
0.591198
0.591389
0.591399
0.591294
0.560082
0.560128
0.560393
0.561084
0.562254
0.563809
0.565739
0.568155
0.571167
0.57486
0.579019
0.582742
0.58551
0.587509
0.588929
0.589931
0.590591
0.590958
0.591044
0.590958
0.553552
0.55359
0.553853
0.554584
0.555867
0.557615
0.559817
0.562615
0.566157
0.57057
0.575624
0.580238
0.58375
0.586357
0.588267
0.589662
0.590629
0.591188
0.59135
0.591279
0.546326
0.546356
0.546625
0.547417
0.548854
0.550856
0.55341
0.556693
0.5609
0.566198
0.572337
0.578021
0.582414
0.585739
0.58823
0.59008
0.5914
0.592168
0.592405
0.592345
0.53822
0.538246
0.538531
0.5394
0.54104
0.54336
0.546363
0.550262
0.555295
0.56168
0.569134
0.576094
0.581533
0.585701
0.588878
0.591278
0.593003
0.593997
0.594308
0.594256
0.528991
0.529014
0.529327
0.530301
0.5322
0.534923
0.538501
0.543171
0.549231
0.556949
0.565991
0.574469
0.581147
0.586307
0.590292
0.593341
0.595533
0.596775
0.59716
0.597112
0.518325
0.51834
0.518692
0.519812
0.522041
0.525301
0.529603
0.535243
0.542583
0.551936
0.562891
0.57317
0.581298
0.587628
0.592558
0.596352
0.599089
0.600598
0.601055
0.601006
0.505835
0.505844
0.50624
0.507555
0.510218
0.514161
0.519391
0.526266
0.535213
0.546576
0.559825
0.572224
0.582036
0.589719
0.595757
0.600414
0.603759
0.605546
0.606066
0.606011
0.490949
0.490954
0.491412
0.492996
0.496234
0.501082
0.507525
0.515996
0.526975
0.540814
0.556801
0.571669
0.583416
0.592638
0.59996
0.605591
0.609601
0.611662
0.61223
0.612163
0.472878
0.472879
0.473433
0.475401
0.479438
0.485518
0.493589
0.504162
0.517739
0.534627
0.553857
0.571558
0.585492
0.596454
0.605174
0.611915
0.616622
0.61893
0.61952
0.619433
0.450432
0.450428
0.45115
0.453719
0.458929
0.466763
0.477098
0.490503
0.507429
0.528056
0.551079
0.571974
0.588325
0.601193
0.611449
0.619379
0.62476
0.62725
0.627824
0.62771
0.421819
0.421816
0.42283
0.426398
0.433477
0.443949
0.457556
0.474841
0.496078
0.521237
0.548618
0.573032
0.591971
0.606869
0.618752
0.627903
0.633855
0.636416
0.636924
0.636776
0.383924
0.383938
0.385594
0.391104
0.401504
0.416168
0.434638
0.457226
0.483916
0.514442
0.546696
0.574864
0.596499
0.613486
0.62703
0.637314
0.643634
0.646102
0.646493
0.646308
0.330788
0.331041
0.334829
0.344825
0.361419
0.382988
0.408538
0.438109
0.471438
0.508088
0.545588
0.577614
0.601952
0.621002
0.63613
0.647328
0.653702
0.655891
0.656129
0.655914
0.254653
0.257043
0.268153
0.287788
0.314743
0.345941
0.380519
0.418336
0.459138
0.502464
0.545553
0.58166
0.608866
0.630116
0.646855
0.65874
0.664935
0.666761
0.666864
0.666651
0.173652
0.180163
0.199893
0.229842
0.267663
0.308783
0.352423
0.39856
0.447066
0.497516
0.546915
0.587862
0.618451
0.642241
0.660749
0.673071
0.678536
0.679789
0.679798
0.679653
0.104152
0.111062
0.137521
0.176225
0.223276
0.273494
0.325811
0.380074
0.436124
0.493506
0.548931
0.594361
0.627977
0.653851
0.673474
0.685436
0.690173
0.691178
0.69121
0.691108
0.0473438
0.0545112
0.085063
0.130003
0.183932
0.2416
0.301406
0.363005
0.426064
0.490004
0.551137
0.600755
0.637141
0.664748
0.685092
0.696891
0.701256
0.702153
0.70222
0.702151
0.000189335
0.00766743
0.0407413
0.0904232
0.149805
0.213532
0.279639
0.347648
0.417034
0.487058
0.553587
0.607178
0.646165
0.675447
0.696632
0.708437
0.71255
0.713438
0.713547
0.713507
-0.0397378
-0.0321001
0.00272563
0.0559652
0.119917
0.188765
0.260292
0.333943
0.409048
0.484706
0.556344
0.613777
0.655329
0.68631
0.708324
0.720349
0.724622
0.725389
0.725534
0.725512
-0.0744738
-0.066744
-0.0306703
0.0255213
0.0932688
0.16652
0.242827
0.321536
0.401868
0.482789
0.55931
0.620487
0.664586
0.697269
0.720246
0.732758
0.737182
0.737997
0.73812
0.738107
-0.105531
-0.0977148
-0.0606337
-0.00192562
0.0690452
0.146127
0.226687
0.309982
0.395158
0.481053
0.562281
0.627125
0.673755
0.708188
0.732251
0.745293
0.749957
0.75081
0.750916
0.750905
-0.133891
-0.126004
-0.0880756
-0.0271831
0.0465864
0.12705
0.211419
0.298904
0.388588
0.479215
0.565017
0.633489
0.682642
0.718829
0.743926
0.757551
0.762456
0.763387
0.763479
0.763466
-0.160347
-0.152368
-0.113633
-0.0509099
0.0253946
0.108881
0.196676
0.287996
0.381887
0.47704
0.567331
0.6394
0.69104
0.728915
0.755033
0.76922
0.774353
0.775378
0.775439
0.775408
-0.18538
-0.17729
-0.137788
-0.0735211
0.00510607
0.0912986
0.182198
0.277033
0.374861
0.474354
0.569059
0.644733
0.698856
0.738368
0.765401
0.780055
0.785353
0.786431
0.78646
0.786407
-0.209392
-0.201145
-0.160847
-0.0952371
-0.0145282
0.0740815
0.167796
0.265856
0.367363
0.471011
0.570083
0.649416
0.706035
0.74713
0.774992
0.789914
0.795317
0.796399
0.79639
0.796312
-0.232557
-0.224157
-0.183282
-0.116225
-0.033679
0.0570997
0.153351
0.254358
0.359283
0.4669
0.570309
0.653395
0.712593
0.75523
0.783748
0.798785
0.804183
0.80525
0.805194
0.805096
-0.255065
-0.246471
-0.204981
-0.136624
-0.0524491
0.0402696
0.138796
0.242477
0.350564
0.461949
0.569653
0.656631
0.718558
0.762781
0.791825
0.8068
0.812044
0.813026
0.81295
0.812829
-0.276987
-0.268242
-0.226043
-0.15653
-0.070889
0.0235594
0.124115
0.230203
0.341173
0.456103
0.568032
0.659079
0.724003
0.769941
0.799391
0.814079
0.819005
0.81985
0.819727
0.819601
-0.298364
-0.289434
-0.246578
-0.175974
-0.0890136
0.00696691
0.109315
0.217549
0.331129
0.44935
0.565388
0.66068
0.728962
0.776879
0.806709
0.820848
0.825205
0.82582
0.825651
0.825515
-0.319159
-0.310065
-0.266517
-0.194934
-0.1068
-0.00948542
0.0944427
0.204561
0.320472
0.441688
0.561663
0.661353
0.733423
0.783752
0.814103
0.827418
0.830834
0.831029
0.8308
0.830676
-0.339356
-0.330083
-0.285867
-0.213393
-0.124224
-0.0257426
0.0795483
0.191307
0.309256
0.433168
0.556817
0.660987
0.737299
0.790647
0.821956
0.834365
0.836342
0.835665
0.835286
0.835235
-0.358956
-0.349493
-0.304628
-0.231332
-0.141255
-0.0417456
0.0647087
0.177867
0.297563
0.423837
0.55086
0.659456
0.740423
0.797501
0.83056
0.842518
0.842738
0.840372
0.839378
0.83954
-0.377899
-0.368247
-0.322767
-0.248722
-0.157835
-0.0574501
0.0499968
0.164321
0.285494
0.413785
0.543803
0.656625
0.742563
0.804055
0.839847
0.852584
0.851738
0.847183
0.844289
0.84356
-0.396219
-0.386386
-0.340276
-0.26557
-0.173994
-0.0728718
0.0353919
0.150645
0.273024
0.402984
0.535579
0.652274
0.743428
0.80998
0.849356
0.864572
0.864966
0.859082
0.851235
0.836399
-0.413946
-0.403911
-0.35726
-0.282057
-0.189973
-0.0883062
0.0205261
0.136392
0.259631
0.390834
0.52557
0.645778
0.742387
0.814926
0.858205
0.876914
0.880139
0.871619
0.86221
0.81818
-0.431342
-0.420435
-0.373624
-0.298059
-0.205694
-0.103669
0.00555572
0.121765
0.245512
0.377499
0.513771
0.636852
0.738414
0.817949
0.864016
0.883353
0.88584
0.8784
0.826829
0.76764
-0.449386
-0.434911
-0.389139
-0.313426
-0.221367
-0.119196
-0.00979035
0.106757
0.230644
0.362948
0.500024
0.625112
0.730089
0.818659
0.863796
0.869768
0.873149
0.836239
0.769441
0.705208
-0.467192
-0.469919
-0.409905
-0.325838
-0.233712
-0.131936
-0.0248814
0.0920312
0.215772
0.347965
0.484959
0.610746
0.716864
0.818369
0.826586
0.840409
0.81289
0.745805
0.669306
0.598572
-0.44311
-0.441732
-0.382733
-0.298945
-0.201726
-0.0967286
0.0152723
0.134891
0.262016
0.398564
0.53079
0.645585
0.742244
0.83925
0.842966
0.738552
0.650392
0.580123
0.505598
0.363592
-0.482991
-0.457001
-0.395125
-0.310462
-0.213707
-0.108752
0.00269292
0.121775
0.248109
0.383421
0.513619
0.625755
0.713313
0.775968
0.740969
0.604047
0.480543
0.395899
0.310649
0.149578
-0.506669
-0.475951
-0.413233
-0.32917
-0.232294
-0.127501
-0.0158182
0.102537
0.227638
0.36086
0.487933
0.594702
0.673244
0.700758
0.617207
0.449785
0.307743
0.20237
0.0863102
-0.145653
-0.529734
-0.496734
-0.432879
-0.348153
-0.251212
-0.146523
-0.0351828
0.0822755
0.205885
0.336539
0.45939
0.558838
0.62553
0.617455
0.478444
0.288678
0.115748
-0.0275163
-0.187885
-0.567255
-0.551822
-0.518018
-0.453158
-0.367545
-0.270529
-0.166049
-0.0553626
0.0610576
0.182945
0.310599
0.42831
0.519245
0.567268
0.529496
0.343161
0.134133
-0.0797796
-0.258665
-0.50498
-1.04491
-0.573709
-0.53987
-0.474354
-0.388162
-0.291001
-0.186767
-0.0767362
0.0385314
0.158451
0.282685
0.39462
0.477053
0.504868
0.41645
0.219129
0.00359819
-0.213532
-0.413562
-0.579941
-1.15952
-0.596529
-0.562635
-0.496756
-0.410251
-0.312986
-0.208975
-0.0995798
0.0144829
0.13226
0.252736
0.358502
0.43126
0.433711
0.302488
0.112093
-0.0931832
-0.280784
-0.409505
-0.443174
-0.4898
-0.620701
-0.586765
-0.520679
-0.434091
-0.336911
-0.233299
-0.124728
-0.0121712
0.103029
0.21903
0.318193
0.377616
0.357728
0.197456
0.0151225
-0.165324
-0.310784
-0.372633
-0.395301
-0.401025
-0.646576
-0.612435
-0.546216
-0.459666
-0.362749
-0.259736
-0.152268
-0.0415572
0.0706292
0.181498
0.273323
0.317305
0.281773
0.09956
-0.0734732
-0.231923
-0.34198
-0.368578
-0.369741
-0.370125
-0.674242
-0.639793
-0.573415
-0.486966
-0.390469
-0.288291
-0.182201
-0.0736804
0.0350277
0.140207
0.22357
0.254915
0.187001
0.0097722
-0.154444
-0.294184
-0.341223
-0.355462
-0.356739
-0.356341
-0.703596
-0.66878
-0.602242
-0.515984
-0.420061
-0.318939
-0.214515
-0.108548
-0.00374549
0.095234
0.169532
0.186613
0.0882593
-0.0731747
-0.223071
-0.333001
-0.346681
-0.346562
-0.347689
-0.347378
-0.734178
-0.699197
-0.632517
-0.546556
-0.451397
-0.351583
-0.249135
-0.146098
-0.0455776
0.0467964
0.112178
0.111473
0.0025827
-0.146408
-0.27771
-0.316945
-0.338949
-0.342296
-0.342647
-0.342415
-0.765641
-0.730347
-0.663887
-0.578386
-0.484222
-0.385997
-0.285849
-0.186115
-0.0902336
-0.00455191
0.0511763
0.0389
-0.076717
-0.207218
-0.313756
-0.354288
-0.342676
-0.339286
-0.338796
-0.338583
-0.797056
-0.761795
-0.695809
-0.610982
-0.518097
-0.421789
-0.324296
-0.228226
-0.137346
-0.058059
-0.0134245
-0.0274434
-0.147252
-0.254074
-0.333557
-0.33071
-0.335143
-0.336156
-0.336182
-0.336037
-0.827428
-0.792692
-0.727164
-0.643619
-0.552385
-0.458389
-0.363934
-0.27184
-0.186276
-0.113153
-0.0756876
-0.0937061
-0.205221
-0.295721
-0.321967
-0.341512
-0.338111
-0.335804
-0.334672
-0.334287
-0.855171
-0.821408
-0.757102
-0.67524
-0.586197
-0.494989
-0.40402
-0.316201
-0.236039
-0.169113
-0.13247
-0.164192
-0.250325
-0.321602
-0.332546
-0.335827
-0.337297
-0.336671
-0.33602
-0.33544
-0.8786
-0.8463
-0.783889
-0.704607
-0.6184
-0.530563
-0.443584
-0.360374
-0.285477
-0.224849
-0.188826
-0.224333
-0.285774
-0.335992
-0.373302
-0.354904
-0.34505
-0.343315
-0.342308
-0.341648
-0.895424
-0.865261
-0.805605
-0.729992
-0.64761
-0.563906
-0.481479
-0.403256
-0.333534
-0.278833
-0.246003
-0.272203
-0.305442
-0.345625
-0.352361
-0.347352
-0.348476
-0.348654
-0.348287
-0.348184
-0.903317
-0.875817
-0.820377
-0.74953
-0.672207
-0.593663
-0.516507
-0.443611
-0.379143
-0.32962
-0.296603
-0.31411
-0.316309
-0.316258
-0.322922
-0.338591
-0.345098
-0.347385
-0.348523
-0.349013
-0.899331
-0.876115
-0.826377
-0.761475
-0.6906
-0.618354
-0.547291
-0.480218
-0.421115
-0.376071
-0.338293
-0.353957
-0.354396
-0.353782
-0.355794
-0.359386
-0.358387
-0.357725
-0.35729
-0.357037
-0.880179
-0.862895
-0.82176
-0.764546
-0.701523
-0.636724
-0.572575
-0.511722
-0.458172
-0.417215
-0.383588
-0.386399
-0.397068
-0.431327
-0.419746
-0.387928
-0.371535
-0.366332
-0.363798
-0.36289
-0.847458
-0.835534
-0.805166
-0.758155
-0.704351
-0.648129
-0.591407
-0.536914
-0.488659
-0.452006
-0.419212
-0.390406
-0.360513
-0.365967
-0.351283
-0.34853
-0.349804
-0.349756
-0.349234
-0.348662
-0.805813
-0.798408
-0.779466
-0.743839
-0.700051
-0.652761
-0.603527
-0.554965
-0.511188
-0.477379
-0.447482
-0.391597
-0.294303
-0.223267
-0.232918
-0.282594
-0.319555
-0.334771
-0.34027
-0.341322
-0.763648
-0.759459
-0.749332
-0.72586
-0.691444
-0.652053
-0.609524
-0.565914
-0.524662
-0.491176
-0.46317
-0.410857
-0.346901
-0.276615
-0.277806
-0.328685
-0.372377
-0.400659
-0.411431
-0.412843
-0.729771
-0.727555
-0.722246
-0.707316
-0.681543
-0.648216
-0.610978
-0.570544
-0.529471
-0.494669
-0.470615
-0.468902
-0.525532
-0.611805
-0.666201
-0.705241
-0.701426
-0.676973
-0.654578
-0.652015
-0.705202
-0.704176
-0.7022
-0.693975
-0.674015
-0.645041
-0.610062
-0.570136
-0.527329
-0.48389
-0.454541
-0.448206
-0.585794
-0.828047
-1.16388
-1.32194
-1.3003
-1.1637
-1.00706
-0.942697
-0.689321
-0.68887
-0.688103
-0.684074
-0.669872
-0.643282
-0.608108
-0.566957
-0.51975
-0.466785
-0.426318
-0.393803
-0.406045
-0.434631
-0.48436
-0.465824
-0.389204
-0.310152
-0.233762
-0.187537
-0.679431
-0.679207
-0.678572
-0.677154
-0.667938
-0.64297
-0.606619
-0.562425
-0.510305
-0.450142
-0.38971
-0.330745
-0.210708
0.0202376
0.260968
0.489846
0.661337
0.751171
0.80215
0.82162
-0.673092
-0.672988
-0.672673
-0.672608
-0.666936
-0.644668
-0.606563
-0.558296
-0.501128
-0.430034
-0.347702
-0.264834
-0.05496
0.300114
0.680696
1.04563
1.28047
1.3795
1.4016
1.40053
-0.668517
-0.668608
-0.668777
-0.669092
-0.666668
-0.647855
-0.608802
-0.556459
-0.492573
-0.413447
-0.317681
-0.218092
-0.00375539
0.33724
0.68481
1.00275
1.22136
1.31391
1.3413
1.34657
-0.664255
-0.664268
-0.664059
-0.663251
-0.662188
-0.651116
-0.612849
-0.557169
-0.488152
-0.404687
-0.303562
-0.203816
-0.0227191
0.275681
0.558009
0.795393
0.955234
1.03779
1.08205
1.09938
-0.662253
-0.662752
-0.663837
-0.664983
-0.665923
-0.658193
-0.619029
-0.560618
-0.490626
-0.404281
-0.306211
-0.208472
-0.0648954
0.190127
0.43574
0.640157
0.793507
0.885088
0.933007
0.949423
-0.660706
-0.662342
-0.666967
-0.676647
-0.687317
-0.67187
-0.624753
-0.568686
-0.500452
-0.41312
-0.320171
-0.231374
-0.121537
0.101282
0.319447
0.500822
0.649467
0.743036
0.786633
0.798465
-0.674406
-0.675469
-0.67409
-0.663221
-0.649065
-0.63521
-0.618411
-0.582131
-0.515656
-0.427447
-0.340106
-0.256944
-0.168411
0.00783783
0.194487
0.349228
0.474055
0.551581
0.585215
0.592695
-0.717995
-0.717683
-0.702836
-0.649765
-0.583634
-0.573781
-0.618947
-0.605646
-0.536964
-0.445749
-0.358635
-0.283396
-0.214627
-0.0802753
0.0720193
0.194967
0.293224
0.351568
0.375461
0.379509
-0.782723
-0.780725
-0.787099
-0.787605
-0.779504
-0.756003
-0.744708
-0.666834
-0.566764
-0.46347
-0.376392
-0.307955
-0.251795
-0.149274
-0.0318861
0.0623641
0.136291
0.176944
0.194472
0.195376
-0.927621
-0.948269
-1.00468
-1.06946
-1.08917
-1.04871
-0.934309
-0.755161
-0.601516
-0.477592
-0.387428
-0.325136
-0.276969
-0.20243
-0.114451
-0.0430021
0.00952476
0.0385439
0.0491286
0.0496777
-1.05839
-1.08692
-1.14102
-1.18891
-1.20498
-1.1604
-1.01437
-0.794281
-0.611649
-0.476984
-0.388839
-0.33448
-0.296557
-0.240523
-0.178459
-0.127345
-0.0907486
-0.0713103
-0.0643805
-0.0654694
-1.01554
-1.03694
-1.07552
-1.11242
-1.12491
-1.08007
-0.928805
-0.734019
-0.57154
-0.450784
-0.373677
-0.328378
-0.299289
-0.262165
-0.221494
-0.190196
-0.17
-0.160924
-0.158346
-0.159477
-0.769738
-0.790234
-0.827536
-0.869005
-0.888629
-0.851189
-0.731216
-0.59806
-0.484294
-0.398831
-0.341773
-0.307305
-0.285397
-0.262423
-0.24408
-0.234035
-0.229387
-0.230252
-0.230785
-0.231323
-0.409459
-0.422935
-0.449785
-0.485134
-0.514928
-0.514357
-0.479423
-0.428359
-0.377635
-0.332969
-0.299507
-0.275863
-0.258985
-0.251065
-0.249816
-0.25362
-0.261017
-0.266756
-0.268339
-0.268445
-0.0966426
-0.103922
-0.122346
-0.153933
-0.193948
-0.23191
-0.25812
-0.271234
-0.272851
-0.264822
-0.254786
-0.243887
-0.234194
-0.235621
-0.242486
-0.252481
-0.262391
-0.267981
-0.269029
-0.269131
0.0823654
0.0781967
0.0649306
0.0372117
-0.00720854
-0.062325
-0.114932
-0.157387
-0.186952
-0.205293
-0.215778
-0.221758
-0.224553
-0.227241
-0.230994
-0.236589
-0.242347
-0.244401
-0.244635
-0.244971
0.145068
0.142284
0.132214
0.10933
0.0704588
0.0191744
-0.0355666
-0.0860309
-0.1268
-0.158311
-0.18373
-0.207994
-0.223373
-0.219095
-0.215132
-0.211811
-0.210996
-0.210203
-0.210176
-0.210795
0.146537
0.144579
0.137251
0.120224
0.0907208
0.0504957
0.00451757
-0.041778
-0.0838817
-0.120665
-0.153491
-0.187745
-0.208475
-0.200182
-0.187921
-0.182001
-0.178056
-0.176537
-0.176779
-0.177574
0.12504
0.12378
0.118808
0.106999
0.0861344
0.0567501
0.0209748
-0.0170276
-0.0538115
-0.0880148
-0.118979
-0.147838
-0.161876
-0.157703
-0.152867
-0.150896
-0.149717
-0.149884
-0.150534
-0.151283
0.0984069
0.0976708
0.0945115
0.0867144
0.0725353
0.0519069
0.0256784
-0.00342926
-0.032818
-0.0599741
-0.0808111
-0.0975216
-0.103925
-0.107318
-0.114284
-0.121201
-0.126185
-0.129318
-0.13062
-0.131125
0.0727429
0.0724528
0.0705987
0.0657148
0.0564883
0.0425787
0.0242715
0.00355796
-0.0177535
-0.0361994
-0.0471498
-0.0478083
-0.045569
-0.0612434
-0.0774854
-0.0922147
-0.102719
-0.108479
-0.110342
-0.110561
0.0502146
0.0500514
0.0490491
0.0461771
0.0404714
0.0315962
0.0196
0.0059094
-0.00804335
-0.0187202
-0.0203514
-0.0115133
-0.00537671
-0.0244372
-0.0461275
-0.0635254
-0.0754873
-0.0820583
-0.0840291
-0.0840953
0.0302001
0.0302267
0.0297705
0.0283061
0.0252293
0.020197
0.0132697
0.00531148
-0.002586
-0.00757926
-0.00495903
0.00504722
0.0105413
-0.00595012
-0.0235421
-0.0364629
-0.0452064
-0.0500568
-0.0516599
-0.0517402
0.0122358
0.0123779
0.012366
0.0120939
0.0113373
0.00983891
0.00752035
0.00453975
0.00115128
-0.00180328
-0.00176265
0.00289636
0.0106696
0.00466697
-0.00444927
-0.0107793
-0.0153404
-0.0178089
-0.0187579
-0.0190883
-0.764933
-0.203966
0.114635
0.327293
0.488978
0.611287
0.708326
0.791312
0.898726
0.897747
0.0358838
0.181525
0.34004
0.475529
0.586516
0.67594
0.749397
0.805549
0.828568
0.83294
0.295527
0.393586
0.499456
0.59132
0.669382
0.734262
0.78599
0.822439
0.845286
0.862527
0.479805
0.547301
0.620324
0.685831
0.742406
0.789939
0.828222
0.857647
0.880939
0.899734
0.61822
0.668645
0.719663
0.768665
0.811488
0.848372
0.879384
0.904893
0.926374
0.944779
0.730476
0.767284
0.808193
0.846614
0.881452
0.912285
0.939058
0.9616
0.980595
0.998413
0.82718
0.857138
0.892252
0.925168
0.955866
0.983644
1.00798
1.0284
1.04501
1.06239
0.916175
0.944498
0.977746
1.00921
1.03864
1.06529
1.08843
1.10745
1.12183
1.13896
1.00627
1.03715
1.07214
1.10465
1.13439
1.16078
1.18319
1.20106
1.21359
1.23084
1.10967
1.14534
1.18319
1.21724
1.24714
1.27274
1.2939
1.31045
1.32199
1.33983
1.23867
1.27767
1.31577
1.34879
1.37668
1.40018
1.41975
1.4352
1.447
1.46524
1.39971
1.43571
1.46775
1.49449
1.51727
1.53774
1.55632
1.57232
1.58601
1.60388
1.58435
1.60938
1.62924
1.64772
1.66536
1.68208
1.69793
1.71391
1.73103
1.75016
1.771
1.78184
1.79455
1.80909
1.82269
1.83475
1.84565
1.85699
1.87239
1.89182
1.95288
1.96631
1.97136
1.97238
1.97434
1.9817
1.99539
2.01299
2.02672
2.03806
2.22174
2.17115
2.12368
2.0921
2.07904
2.08358
2.10683
2.15188
2.21857
2.31269
0.697332
0.694324
0.688267
0.677345
0.66486
0.653558
0.644511
0.637773
0.633333
0.631474
0.632743
0.636764
0.642953
0.651257
0.661771
0.674099
0.686459
0.695175
0.699689
0.701856
0.625625
0.632273
0.637524
0.641146
0.642265
0.640639
0.637199
0.633426
0.63047
0.629197
0.630322
0.633398
0.637516
0.641763
0.644809
0.64535
0.64304
0.638668
0.632376
0.626553
0.615495
0.618458
0.621825
0.624321
0.626088
0.627283
0.627525
0.6268
0.625768
0.625358
0.626269
0.62805
0.629754
0.630568
0.630173
0.628936
0.627048
0.624187
0.620857
0.61857
0.609418
0.610843
0.613061
0.61534
0.617072
0.618279
0.619188
0.619799
0.620106
0.620466
0.621218
0.62203
0.622415
0.622247
0.621651
0.620531
0.618737
0.616525
0.614781
0.613697
0.604016
0.604836
0.606305
0.608088
0.60984
0.611331
0.612491
0.613462
0.614341
0.615168
0.615901
0.616334
0.616386
0.616065
0.615281
0.614028
0.61253
0.611027
0.610016
0.609349
0.598912
0.599467
0.600556
0.60198
0.603506
0.605029
0.606448
0.607693
0.608836
0.609923
0.610762
0.611176
0.611166
0.610712
0.609873
0.608823
0.607686
0.60663
0.605948
0.605479
0.593973
0.594389
0.59526
0.596482
0.597829
0.599261
0.600743
0.602204
0.603591
0.604905
0.605921
0.606425
0.606425
0.606013
0.605345
0.604546
0.603688
0.602908
0.602411
0.602053
0.589129
0.589456
0.590177
0.591252
0.592507
0.593878
0.595357
0.596929
0.59854
0.600117
0.601362
0.602024
0.602167
0.60195
0.601508
0.600925
0.60029
0.599728
0.599361
0.599075
0.584292
0.584557
0.585172
0.586148
0.587347
0.58869
0.590191
0.591856
0.593662
0.595529
0.597071
0.597993
0.598391
0.598422
0.598214
0.597856
0.597426
0.59704
0.596769
0.596532
0.579367
0.579588
0.58013
0.581047
0.582214
0.583564
0.585126
0.586917
0.588939
0.591131
0.593052
0.594332
0.595052
0.595365
0.595407
0.595287
0.595054
0.594821
0.594626
0.594424
0.574263
0.574452
0.574944
0.575833
0.577004
0.578405
0.580066
0.582034
0.584329
0.586913
0.589303
0.591023
0.592122
0.592761
0.593083
0.5932
0.593169
0.593077
0.592944
0.592765
0.568886
0.56905
0.569514
0.570404
0.571622
0.573116
0.574927
0.577132
0.579775
0.58285
0.58581
0.588054
0.589597
0.59061
0.591246
0.591611
0.591799
0.591837
0.591756
0.591593
0.563135
0.563281
0.563736
0.564657
0.565961
0.567597
0.56962
0.572135
0.575219
0.578903
0.582553
0.585422
0.587489
0.58893
0.589922
0.59059
0.590993
0.591153
0.591115
0.590964
0.556898
0.557031
0.557491
0.558473
0.559908
0.561739
0.564046
0.566961
0.5706
0.575031
0.579516
0.583133
0.585819
0.587761
0.589159
0.590161
0.590807
0.591093
0.591094
0.590947
0.55004
0.550163
0.550643
0.551717
0.553331
0.555423
0.558096
0.561518
0.565848
0.571194
0.576686
0.581196
0.584615
0.587151
0.589021
0.590407
0.591321
0.591737
0.591773
0.591628
0.542411
0.542512
0.543027
0.544228
0.546076
0.548501
0.551641
0.555701
0.560887
0.567348
0.574054
0.579627
0.583911
0.587147
0.589585
0.59141
0.592628
0.59318
0.593249
0.593101
0.533762
0.533884
0.534441
0.535806
0.537943
0.540795
0.54453
0.549388
0.555631
0.56345
0.571613
0.578447
0.583753
0.58781
0.59093
0.593274
0.594829
0.595524
0.595622
0.595466
0.523832
0.523957
0.524606
0.526179
0.528694
0.532097
0.536579
0.542436
0.549985
0.559456
0.569362
0.577686
0.584197
0.589221
0.593135
0.596083
0.598022
0.598866
0.59899
0.598823
0.512297
0.512424
0.513193
0.515038
0.518034
0.522141
0.527569
0.534682
0.54385
0.555328
0.567309
0.577382
0.585298
0.591457
0.596281
0.59994
0.602301
0.603295
0.603438
0.603257
0.498658
0.498803
0.499734
0.501942
0.505562
0.510579
0.517229
0.525939
0.537123
0.551038
0.565474
0.577582
0.587107
0.594573
0.600467
0.604924
0.607733
0.608871
0.609023
0.608824
0.482244
0.48243
0.483594
0.486296
0.490752
0.496983
0.505238
0.516007
0.529718
0.546582
0.563891
0.578332
0.589688
0.598634
0.605728
0.61108
0.614346
0.615604
0.615751
0.615533
0.462091
0.462356
0.463873
0.467281
0.472906
0.480811
0.491235
0.5047
0.521587
0.541998
0.56263
0.579695
0.593095
0.603687
0.612084
0.618399
0.622096
0.62343
0.623556
0.623317
0.436746
0.437159
0.439238
0.443726
0.451096
0.461414
0.474857
0.491895
0.512767
0.537396
0.561802
0.581753
0.597361
0.60974
0.61954
0.626809
0.630848
0.632189
0.63227
0.632013
0.403841
0.404561
0.407625
0.413969
0.424151
0.438121
0.455855
0.477627
0.503434
0.53298
0.561564
0.584598
0.602527
0.616751
0.628019
0.636131
0.64035
0.641602
0.641618
0.64135
0.359156
0.360612
0.365792
0.375798
0.390888
0.410519
0.434313
0.462207
0.493949
0.529055
0.562113
0.588327
0.608615
0.624685
0.637361
0.64608
0.650215
0.65127
0.651209
0.65094
0.294794
0.299381
0.310221
0.327478
0.350935
0.379046
0.41093
0.446325
0.484869
0.525986
0.563643
0.593011
0.61559
0.633388
0.647194
0.656153
0.6599
0.660634
0.6605
0.660249
0.218304
0.226611
0.246399
0.274433
0.308621
0.346252
0.386789
0.43013
0.475973
0.523773
0.566814
0.600031
0.625419
0.645249
0.660209
0.669099
0.672356
0.672882
0.672791
0.672658
0.141592
0.155319
0.184407
0.223002
0.267356
0.31439
0.363584
0.414923
0.468127
0.522681
0.57118
0.60824
0.636362
0.658219
0.674126
0.682304
0.684719
0.685015
0.684952
0.684893
0.0778476
0.0954862
0.13032
0.176844
0.229473
0.284755
0.341907
0.400802
0.461056
0.522073
0.575696
0.616272
0.64676
0.670031
0.686066
0.693799
0.695921
0.696215
0.696214
0.696186
0.0255674
0.0452935
0.0846376
0.137028
0.196127
0.258213
0.322247
0.387928
0.454695
0.5218
0.580269
0.624134
0.65678
0.681317
0.697629
0.705119
0.70704
0.70733
0.707395
0.707393
-0.0182078
0.00278454
0.045492
0.102543
0.166987
0.23477
0.30473
0.376432
0.44915
0.521951
0.585041
0.632056
0.666817
0.692659
0.709436
0.716673
0.718629
0.719015
0.719118
0.719151
-0.0557853
-0.0340013
0.0113809
0.0722087
0.141152
0.213857
0.289035
0.366147
0.44433
0.522487
0.590016
0.640132
0.677001
0.70414
0.721447
0.728913
0.730994
0.731396
0.73152
0.731581
-0.0888534
-0.0665278
-0.0189829
0.0450225
0.117805
0.194818
0.274666
0.356705
0.439974
0.523221
0.595051
0.64822
0.687198
0.715736
0.733791
0.741667
0.74387
0.744264
0.744374
0.744441
-0.11866
-0.095958
-0.0465792
0.0201537
0.0962783
0.177101
0.261157
0.347733
0.435777
0.5239
0.599928
0.65612
0.697232
0.727188
0.746028
0.754346
0.756675
0.757077
0.757154
0.757221
-0.146225
-0.123127
-0.072183
-0.00303454
0.0760516
0.160276
0.248145
0.338905
0.431449
0.524281
0.604449
0.663648
0.706839
0.738191
0.757797
0.766594
0.769052
0.769438
0.769478
0.769538
-0.172077
-0.148583
-0.0962118
-0.0250226
0.0567335
0.144011
0.235344
0.329974
0.426779
0.52418
0.608454
0.670641
0.715888
0.748564
0.768884
0.778055
0.780648
0.780999
0.780994
0.781038
-0.196693
-0.172746
-0.119213
-0.0460994
0.0380332
0.12806
0.222553
0.320766
0.421597
0.523447
0.61182
0.677022
0.724294
0.7582
0.779151
0.788528
0.79119
0.79152
0.791473
0.791496
-0.220375
-0.195961
-0.141434
-0.0664891
0.0197597
0.112263
0.209626
0.311151
0.415776
0.521952
0.614467
0.682762
0.732058
0.767087
0.788459
0.797957
0.800606
0.800912
0.800826
0.800826
-0.243319
-0.218431
-0.16288
-0.0863471
0.0017941
0.0965178
0.196478
0.301043
0.409237
0.519612
0.616321
0.687843
0.739228
0.775289
0.79693
0.806363
0.808943
0.809185
0.80908
0.809061
-0.265641
-0.240275
-0.183684
-0.10576
-0.0159259
0.0807826
0.183077
0.290407
0.40192
0.516346
0.617309
0.692264
0.745911
0.782985
0.804682
0.813877
0.816283
0.816462
0.816318
0.816289
-0.287345
-0.26153
-0.203965
-0.124769
-0.0334227
0.0650413
0.169418
0.279245
0.393806
0.512099
0.61736
0.696025
0.752223
0.790366
0.811924
0.820642
0.822751
0.82283
0.822665
0.82262
-0.308487
-0.282207
-0.223724
-0.14337
-0.050688
0.0493168
0.155534
0.267581
0.384916
0.506837
0.616402
0.699091
0.758242
0.797685
0.818961
0.826847
0.828444
0.828377
0.828201
0.82815
-0.329014
-0.302278
-0.242927
-0.16155
-0.0676966
0.0336616
0.14148
0.255476
0.37529
0.50055
0.614346
0.701369
0.763998
0.805189
0.826215
0.832884
0.833548
0.83319
0.833026
0.832993
-0.348964
-0.321714
-0.261586
-0.179273
-0.084397
0.0181261
0.12733
0.243011
0.364983
0.493267
0.611118
0.702722
0.769418
0.813045
0.834251
0.839524
0.838585
0.837464
0.837265
0.837402
-0.368242
-0.340529
-0.279665
-0.196511
-0.100747
0.00277995
0.113147
0.230252
0.354089
0.485044
0.60666
0.702962
0.774306
0.821189
0.843534
0.847972
0.844965
0.842029
0.840924
0.841101
-0.386929
-0.358703
-0.297127
-0.213225
-0.11668
-0.0123001
0.0990473
0.217325
0.34272
0.475952
0.600946
0.701873
0.778344
0.829218
0.853959
0.859207
0.855223
0.849185
0.842965
0.827024
-0.404964
-0.37623
-0.314108
-0.229616
-0.132483
-0.0274292
0.0846311
0.2038
0.330402
0.465522
0.593506
0.69897
0.781319
0.836896
0.865078
0.873363
0.870506
0.862216
0.848161
0.86367
-0.42247
-0.393101
-0.33055
-0.24566
-0.148081
-0.042553
0.0698997
0.189695
0.317117
0.453631
0.584088
0.693572
0.782411
0.843123
0.873936
0.885179
0.884011
0.872579
0.811721
0.796952
-0.440025
-0.409947
-0.346217
-0.261038
-0.162887
-0.0572232
0.0550657
0.175266
0.303139
0.440457
0.572633
0.685151
0.780432
0.8469
0.875751
0.88642
0.87605
0.837103
0.769835
0.729728
-0.458286
-0.42773
-0.360705
-0.275488
-0.176536
-0.0713071
0.0405189
0.160681
0.288537
0.425984
0.558932
0.673357
0.772713
0.846474
0.892995
0.86188
0.827743
0.759561
0.686653
0.642807
-0.0311708
0.0855925
0.209214
0.341192
0.477647
0.602865
0.708267
0.525605
-0.477972
-0.459097
-0.420954
-0.349247
-0.25774
-0.157297
-0.0486746
0.0670085
0.189879
0.320739
0.456302
0.580991
0.685702
0.767525
0.818837
0.765299
0.615943
0.523072
0.451016
-0.494629
-0.481709
-0.437303
-0.364186
-0.272272
-0.171578
-0.0634554
0.0517564
0.173794
0.30335
0.43686
0.558318
0.656887
0.725815
0.720205
0.607381
0.456636
0.346196
0.254315
-0.516842
-0.504275
-0.456957
-0.382832
-0.290914
-0.189909
-0.081751
0.0331313
0.154238
0.282206
0.41267
0.528962
0.616303
0.667921
0.625627
0.457073
0.286739
0.149972
0.0295866
-0.539173
-0.526491
-0.477667
-0.40227
-0.310066
-0.209076
-0.101235
0.0129048
0.132782
0.258675
0.385516
0.495668
0.575563
0.598405
0.50778
0.310561
0.109726
-0.0710764
-0.239151
-0.560705
-0.548548
-0.49899
-0.422495
-0.329938
-0.228991
-0.121619
-0.00838732
0.110054
0.23348
0.35612
0.459315
0.529404
0.512529
0.378307
0.174182
-0.0464571
-0.254559
-0.442375
-0.582828
-0.57096
-0.521154
-0.443974
-0.35115
-0.250192
-0.143228
-0.0308635
0.0860528
0.206816
0.324925
0.420075
0.475752
0.436953
0.259809
0.0595734
-0.152969
-0.351575
-0.474471
-0.514518
-0.606254
-0.594534
-0.544528
-0.467
-0.374108
-0.273253
-0.166778
-0.0554154
0.0597198
0.177377
0.290317
0.37709
0.416348
0.352747
0.153773
-0.0377272
-0.219301
-0.355925
-0.402634
-0.426272
-0.631116
-0.619528
-0.569375
-0.491683
-0.398881
-0.298347
-0.192557
-0.082486
0.0304897
0.144491
0.251491
0.329692
0.347145
0.245454
0.0587615
-0.118172
-0.271982
-0.355996
-0.376407
-0.381736
-0.65773
-0.646145
-0.595816
-0.51804
-0.425457
-0.325429
-0.220587
-0.112112
-0.00168924
0.108142
0.208412
0.277643
0.265359
0.142355
-0.0298439
-0.195999
-0.317066
-0.361688
-0.36136
-0.362486
-0.686002
-0.674516
-0.623893
-0.546075
-0.453835
-0.354501
-0.250866
-0.144293
-0.0368247
0.0683522
0.161301
0.219764
0.190025
0.0454926
-0.111555
-0.265843
-0.332859
-0.350694
-0.351777
-0.351506
-0.715783
-0.704303
-0.653504
-0.575708
-0.483928
-0.385512
-0.283338
-0.179007
-0.0748914
0.0251897
0.110435
0.156542
0.122864
-0.0385925
-0.185458
-0.301759
-0.351766
-0.345005
-0.344828
-0.344854
-0.746585
-0.735033
-0.684388
-0.60669
-0.51555
-0.418285
-0.317867
-0.216121
-0.11574
-0.0210436
0.0561096
0.0926444
0.0439709
-0.111963
-0.245799
-0.32611
-0.342186
-0.340558
-0.340508
-0.340234
-0.777887
-0.766281
-0.715931
-0.638615
-0.548331
-0.452491
-0.354158
-0.25535
-0.159097
-0.0699645
-0.000850242
0.0246746
-0.0414494
-0.174721
-0.292492
-0.312843
-0.330152
-0.336451
-0.337067
-0.336869
-0.808718
-0.797155
-0.747322
-0.670806
-0.581706
-0.487638
-0.391757
-0.296241
-0.20445
-0.121137
-0.0586797
-0.0488074
-0.115222
-0.229524
-0.311782
-0.360116
-0.343227
-0.337506
-0.335557
-0.335135
-0.8373
-0.826537
-0.777626
-0.702247
-0.614865
-0.523002
-0.430002
-0.338151
-0.251049
-0.173819
-0.116111
-0.115996
-0.180344
-0.272167
-0.33982
-0.34975
-0.340892
-0.336436
-0.334861
-0.334314
-0.862818
-0.852363
-0.805426
-0.731724
-0.646726
-0.557615
-0.468014
-0.380247
-0.297967
-0.226744
-0.173733
-0.173804
-0.236874
-0.300764
-0.344212
-0.338678
-0.340009
-0.339998
-0.338987
-0.338371
-0.882637
-0.872852
-0.828408
-0.757832
-0.675931
-0.590317
-0.5047
-0.421496
-0.344192
-0.278565
-0.231292
-0.226436
-0.277859
-0.322906
-0.345765
-0.352982
-0.348753
-0.346897
-0.346074
-0.345386
-0.894797
-0.886074
-0.844922
-0.778409
-0.700813
-0.619716
-0.538849
-0.460676
-0.38861
-0.328177
-0.285761
-0.2745
-0.308001
-0.319397
-0.317397
-0.335364
-0.343614
-0.346882
-0.347731
-0.34821
-0.896696
-0.889614
-0.8529
-0.791705
-0.719625
-0.644277
-0.569093
-0.496529
-0.430007
-0.374468
-0.334948
-0.317731
-0.339469
-0.324578
-0.332101
-0.342235
-0.348574
-0.350167
-0.351085
-0.351572
-0.886493
-0.880814
-0.849957
-0.795861
-0.730921
-0.662542
-0.594071
-0.527813
-0.467047
-0.416412
-0.379959
-0.357211
-0.375618
-0.402299
-0.419282
-0.388224
-0.371721
-0.365274
-0.36261
-0.361545
-0.861037
-0.857042
-0.833614
-0.789477
-0.73368
-0.67357
-0.612717
-0.553246
-0.498373
-0.452876
-0.419496
-0.385161
-0.38446
-0.424508
-0.447177
-0.396728
-0.370886
-0.36221
-0.359264
-0.357998
-0.823663
-0.821185
-0.805967
-0.772801
-0.728004
-0.677285
-0.62458
-0.57197
-0.522694
-0.481661
-0.453416
-0.414588
-0.355086
-0.299322
-0.285274
-0.30348
-0.322982
-0.334441
-0.338816
-0.339961
-0.781063
-0.779476
-0.771949
-0.749713
-0.716124
-0.674847
-0.630109
-0.583903
-0.539124
-0.500847
-0.473502
-0.430207
-0.348614
-0.252979
-0.23068
-0.289706
-0.325027
-0.344859
-0.355838
-0.360998
-0.743142
-0.742113
-0.738614
-0.726414
-0.701932
-0.668846
-0.630804
-0.589747
-0.547906
-0.509791
-0.48157
-0.450319
-0.429053
-0.418134
-0.376288
-0.365155
-0.409341
-0.459885
-0.476155
-0.485596
-0.716091
-0.715525
-0.713199
-0.707147
-0.68982
-0.662715
-0.629073
-0.591026
-0.550144
-0.508775
-0.477677
-0.446778
-0.531452
-0.710628
-1.0049
-1.23584
-1.30046
-1.268
-1.12827
-1.01384
-0.696147
-0.695718
-0.694837
-0.692469
-0.681703
-0.658905
-0.627228
-0.589701
-0.546893
-0.500155
-0.455401
-0.419273
-0.452064
-0.58336
-0.790085
-0.963183
-0.951765
-0.869591
-0.757982
-0.651437
-0.683943
-0.683812
-0.683381
-0.68186
-0.676566
-0.657297
-0.626168
-0.586938
-0.540973
-0.488016
-0.430559
-0.396962
-0.340793
-0.252237
-0.133089
-0.0162855
0.0972267
0.188662
0.260364
0.30801
-0.675875
-0.675835
-0.675513
-0.675143
-0.672734
-0.65762
-0.626475
-0.584324
-0.534299
-0.474079
-0.404926
-0.339061
-0.228734
0.0240226
0.352312
0.686739
0.970725
1.11614
1.18286
1.19782
-0.6708
-0.670841
-0.670866
-0.670903
-0.669629
-0.659459
-0.628547
-0.583553
-0.527739
-0.46118
-0.378118
-0.284137
-0.145054
0.156898
0.537719
0.908959
1.21534
1.37636
1.42605
1.42963
-0.666131
-0.666227
-0.666259
-0.66616
-0.666139
-0.660298
-0.632541
-0.584675
-0.524607
-0.451491
-0.360542
-0.256403
-0.125136
0.145023
0.466448
0.764806
1.00257
1.13348
1.1905
1.21341
-0.662827
-0.662985
-0.663025
-0.662734
-0.661927
-0.660794
-0.637779
-0.588299
-0.525308
-0.447669
-0.355165
-0.251967
-0.142704
0.0941522
0.373697
0.611478
0.797467
0.91149
0.975672
1.00757
-0.661294
-0.662109
-0.663984
-0.668641
-0.674668
-0.675057
-0.646595
-0.594267
-0.531101
-0.453249
-0.362013
-0.262491
-0.17304
0.0203244
0.265079
0.479036
0.655388
0.781222
0.849998
0.877719
-0.663049
-0.664424
-0.666728
-0.670431
-0.677763
-0.676753
-0.645567
-0.601202
-0.543847
-0.465502
-0.374854
-0.285228
-0.210453
-0.0500975
0.161772
0.346609
0.500299
0.614648
0.675332
0.69695
-0.692919
-0.693555
-0.692106
-0.669918
-0.621642
-0.585478
-0.604396
-0.609644
-0.562788
-0.482411
-0.392011
-0.308868
-0.238784
-0.120758
0.0497524
0.204486
0.330054
0.421554
0.467909
0.483186
-0.745986
-0.744256
-0.738896
-0.714543
-0.661717
-0.62915
-0.646413
-0.653382
-0.593925
-0.503294
-0.409224
-0.331748
-0.269791
-0.182993
-0.0456774
0.0744102
0.172087
0.240053
0.272874
0.282954
-0.848492
-0.844499
-0.868815
-0.914791
-0.950237
-0.937045
-0.890729
-0.780379
-0.64641
-0.525701
-0.42445
-0.34966
-0.291357
-0.229465
-0.12443
-0.0324628
0.0410778
0.089998
0.113155
0.119006
-1.01092
-1.01663
-1.06279
-1.13062
-1.17104
-1.15847
-1.08057
-0.885677
-0.692779
-0.540601
-0.430947
-0.358839
-0.308591
-0.261755
-0.184213
-0.115768
-0.0633078
-0.0294021
-0.0139599
-0.0105004
-1.06083
-1.07225
-1.10979
-1.15324
-1.18461
-1.17273
-1.08484
-0.880561
-0.681287
-0.527093
-0.421094
-0.355908
-0.315394
-0.279984
-0.227864
-0.180671
-0.145138
-0.123662
-0.114626
-0.113483
-0.913447
-0.922621
-0.954058
-0.994446
-1.02492
-1.01658
-0.923381
-0.753661
-0.597802
-0.475542
-0.389779
-0.336778
-0.305655
-0.280313
-0.248521
-0.223613
-0.207362
-0.200306
-0.198584
-0.198481
-0.589453
-0.600567
-0.626211
-0.665427
-0.699692
-0.704524
-0.651622
-0.561195
-0.47041
-0.397183
-0.342084
-0.305528
-0.281735
-0.265327
-0.252788
-0.246922
-0.247964
-0.25137
-0.254186
-0.254397
-0.236084
-0.242374
-0.258417
-0.28673
-0.322953
-0.353276
-0.361508
-0.354594
-0.335544
-0.311252
-0.287143
-0.267618
-0.250978
-0.242525
-0.244458
-0.250705
-0.260009
-0.268531
-0.272414
-0.272577
0.0119644
0.00867528
-0.000968915
-0.0231754
-0.0603665
-0.108384
-0.156367
-0.19396
-0.21938
-0.23115
-0.234484
-0.233169
-0.228974
-0.22833
-0.23374
-0.241855
-0.25054
-0.257115
-0.258957
-0.259029
0.125832
0.123652
0.117025
0.0990843
0.0650276
0.0149756
-0.0420481
-0.0948772
-0.137415
-0.168523
-0.190143
-0.207052
-0.220202
-0.224004
-0.222959
-0.224321
-0.226465
-0.227831
-0.227787
-0.22803
0.151168
0.149797
0.144969
0.131227
0.104176
0.0632447
0.0140203
-0.0370025
-0.0835282
-0.122166
-0.153889
-0.184448
-0.213193
-0.217694
-0.207441
-0.199378
-0.195652
-0.193364
-0.192631
-0.193208
0.137495
0.1367
0.133347
0.123606
0.104095
0.0739198
0.0356598
-0.00660307
-0.0479881
-0.0860828
-0.120293
-0.1537
-0.183035
-0.184758
-0.175535
-0.169056
-0.164645
-0.162475
-0.162267
-0.163018
0.111924
0.111563
0.109406
0.102901
0.0895541
0.0683764
0.0403666
0.0076802
-0.0261615
-0.058363
-0.0873393
-0.112314
-0.130322
-0.132015
-0.132917
-0.134834
-0.136813
-0.138517
-0.139745
-0.140496
0.0852533
0.0852133
0.083928
0.0798426
0.0710994
0.056762
0.0370813
0.0133597
-0.0121243
-0.0364409
-0.0560301
-0.0687506
-0.0743974
-0.0780918
-0.0892701
-0.101168
-0.111004
-0.117538
-0.120543
-0.121228
0.0610213
0.0610343
0.0604443
0.0580099
0.0525558
0.0432884
0.030153
0.0139183
-0.00371851
-0.0201407
-0.0310793
-0.031237
-0.0235554
-0.0301274
-0.0509529
-0.0697469
-0.0841895
-0.0933915
-0.0975542
-0.0981818
0.0397661
0.0399021
0.0396162
0.0383385
0.0352323
0.029658
0.0215471
0.0113613
0.000332386
-0.00938359
-0.0132689
-0.00707384
0.00352123
-0.00369949
-0.0244125
-0.0423269
-0.0557114
-0.06402
-0.0678422
-0.068426
0.0208772
0.0210391
0.0209858
0.0204826
0.0190342
0.0163239
0.0122144
0.006997
0.00141679
-0.00330729
-0.00341576
0.00330721
0.0115662
0.00655176
-0.00809471
-0.0200229
-0.0277815
-0.0322051
-0.0343841
-0.034934
0.0123328
0.0123882
0.0122678
0.0118157
0.0106834
0.00879648
0.0060577
0.00291852
-0.000382971
-0.0025226
0.000110723
0.00685716
0.00966051
0.000467701
-0.00788907
-0.0132623
-0.016864
-0.0183974
-0.0189232
-0.00598533
-0.413868
-0.0751634
0.140141
0.326661
0.4767
0.59526
0.688968
0.768442
0.8267
0.821942
0.076433
0.225776
0.364591
0.483913
0.585423
0.669608
0.738662
0.792404
0.825098
0.837092
0.33408
0.428783
0.520796
0.603552
0.675108
0.735818
0.785577
0.823629
0.850691
0.869365
0.510497
0.573581
0.640189
0.70119
0.753638
0.798821
0.836642
0.867232
0.89188
0.909666
0.645127
0.690693
0.74189
0.786968
0.827686
0.863486
0.894509
0.920756
0.942672
0.958054
0.754968
0.79197
0.831946
0.868322
0.902157
0.93287
0.960115
0.983514
1.00306
1.01582
0.851318
0.883309
0.91764
0.950514
0.981409
1.00989
1.03531
1.057
1.07467
1.08506
0.941552
0.972573
1.00648
1.0395
1.07024
1.09832
1.12305
1.14375
1.15987
1.16841
1.03583
1.07045
1.10705
1.14229
1.17403
1.20214
1.2262
1.24586
1.26059
1.26851
1.14834
1.18858
1.22769
1.26438
1.29607
1.32305
1.34555
1.36373
1.37736
1.38641
1.29199
1.33462
1.37219
1.40581
1.43375
1.45748
1.47805
1.49541
1.50923
1.52034
1.46973
1.50729
1.53526
1.55955
1.58054
1.59979
1.61801
1.63513
1.65101
1.66551
1.66734
1.68835
1.70323
1.719
1.73525
1.75054
1.76424
1.77748
1.79297
1.81132
1.85792
1.86508
1.87561
1.88714
1.89705
1.90624
1.91647
1.92756
1.93917
1.94802
2.07092
2.07269
2.06476
2.04824
2.03709
2.03651
2.04866
2.07326
2.10737
2.1319
2.49057
2.29668
2.19562
2.13774
2.10859
2.10196
2.11715
2.15797
2.23382
2.37677
-0.442465
-0.446947
-0.407257
-0.33432
-0.242017
-0.140646
0.804101
0.867864
0.851091
0.762816
0.683752
0.607372
0.380477
0.16136
-0.106032
-0.459569
-0.804691
)
;

boundaryField
{
    wall-4
    {
        type            zeroGradient;
    }
    pressure-outlet-7
    {
        type            fixedValue;
        value           uniform 0;
    }
    velocity-inlet-6
    {
        type            zeroGradient;
    }
    velocity-inlet-5
    {
        type            zeroGradient;
    }
    frontAndBackPlanes
    {
        type            empty;
    }
}


// ************************************************************************* //
