/*--------------------------------*- C++ -*----------------------------------*\
| =========                 |                                                 |
| \\      /  F ield         | OpenFOAM: The Open Source CFD Toolbox           |
|  \\    /   O peration     | Version:  4.0                                   |
|   \\  /    A nd           | Web:      www.OpenFOAM.org                      |
|    \\/     M anipulation  |                                                 |
\*---------------------------------------------------------------------------*/
FoamFile
{
    version     2.0;
    format      ascii;
    class       volVectorField;
    location    "11";
    object      U;
}
// * * * * * * * * * * * * * * * * * * * * * * * * * * * * * * * * * * * * * //

dimensions      [0 1 -1 0 0 0 0];

internalField   nonuniform List<vector> 
2200
(
(0.879788 -0.0300355 0)
(1.00619 -0.0512318 0)
(1.00268 -0.0346422 0)
(0.999954 -0.024197 0)
(1.00042 -0.0169095 0)
(0.999918 -0.0108842 0)
(0.999541 -0.00709428 0)
(0.999839 -0.00439158 0)
(1.00007 -0.00243662 0)
(1.00019 -0.000718539 0)
(1.00011 0.000852615 0)
(1.00004 0.00258847 0)
(0.999781 0.00448248 0)
(0.999481 0.00715288 0)
(0.999912 0.0109368 0)
(1.00045 0.0169442 0)
(0.99998 0.0242363 0)
(1.0027 0.0346785 0)
(1.0062 0.0512435 0)
(0.879787 0.03005 0)
(0.713149 -0.0333231 0)
(0.997472 -0.0624107 0)
(1.03373 -0.0559988 0)
(1.02438 -0.0454692 0)
(1.0152 -0.0343741 0)
(1.01016 -0.0250515 0)
(1.00672 -0.0170131 0)
(1.00408 -0.0104584 0)
(1.00262 -0.00530557 0)
(1.00199 -0.00142629 0)
(1.002 0.00188077 0)
(1.0026 0.00572868 0)
(1.00408 0.0109005 0)
(1.00676 0.0174639 0)
(1.01014 0.025457 0)
(1.01515 0.0347239 0)
(1.02431 0.0457123 0)
(1.03363 0.0561516 0)
(0.997366 0.0625363 0)
(0.71302 0.0333519 0)
(0.534149 -0.0229254 0)
(0.971683 -0.0561169 0)
(1.05783 -0.0530023 0)
(1.05285 -0.0464726 0)
(1.03519 -0.0373873 0)
(1.02306 -0.0295804 0)
(1.01486 -0.0214708 0)
(1.00981 -0.0142976 0)
(1.00675 -0.00800077 0)
(1.00554 -0.00245085 0)
(1.00539 0.0033585 0)
(1.00663 0.00891256 0)
(1.00966 0.0150628 0)
(1.01461 0.0220726 0)
(1.02278 0.0300133 0)
(1.03491 0.0377182 0)
(1.05258 0.0467638 0)
(1.05757 0.0532842 0)
(0.971301 0.0562793 0)
(0.533602 0.0229689 0)
(0.402635 -0.011221 0)
(0.915899 -0.0423029 0)
(1.06151 -0.0433004 0)
(1.07268 -0.040454 0)
(1.05686 -0.0345852 0)
(1.0398 -0.0283561 0)
(1.02671 -0.0223384 0)
(1.01762 -0.016315 0)
(1.01186 -0.00974282 0)
(1.00967 -0.00296644 0)
(1.00954 0.00439562 0)
(1.01164 0.0108737 0)
(1.01731 0.0172633 0)
(1.02635 0.0231618 0)
(1.03942 0.0291138 0)
(1.05647 0.0352424 0)
(1.07226 0.0410011 0)
(1.06085 0.0436187 0)
(0.915008 0.0425272 0)
(0.401651 0.0112675 0)
(0.332513 -0.0030206 0)
(0.859749 -0.0258314 0)
(1.05313 -0.031807 0)
(1.08137 -0.0311118 0)
(1.07031 -0.0279438 0)
(1.0532 -0.0231195 0)
(1.0397 -0.018708 0)
(1.02934 -0.0139007 0)
(1.02193 -0.00852183 0)
(1.01829 -0.00241263 0)
(1.01815 0.00424404 0)
(1.02155 0.0101846 0)
(1.02884 0.0153854 0)
(1.03914 0.0200715 0)
(1.05256 0.0242343 0)
(1.06962 0.0288343 0)
(1.08056 0.0317816 0)
(1.05211 0.0323411 0)
(0.858165 0.026066 0)
(0.331053 0.0030934 0)
(0.301982 0.00104368 0)
(0.818543 -0.0121381 0)
(1.03884 -0.0182984 0)
(1.08091 -0.0205749 0)
(1.07362 -0.019753 0)
(1.05788 -0.0173662 0)
(1.0452 -0.0150278 0)
(1.03543 -0.0117111 0)
(1.02838 -0.00711803 0)
(1.02457 -0.00161368 0)
(1.02433 0.00389761 0)
(1.02772 0.00935644 0)
(1.03446 0.0136766 0)
(1.0439 0.0164541 0)
(1.05656 0.0185659 0)
(1.07226 0.0206352 0)
(1.07939 0.0212352 0)
(1.037 0.0188004 0)
(0.816127 0.0124009 0)
(0.299964 -0.000952384 0)
(0.294656 0.00178447 0)
(0.793656 -0.00314271 0)
(1.02401 -0.00784695 0)
(1.07333 -0.0113923 0)
(1.06896 -0.0128014 0)
(1.0556 -0.0134611 0)
(1.0444 -0.0126199 0)
(1.03591 -0.00985753 0)
(1.02996 -0.00605692 0)
(1.0266 -0.000987559 0)
(1.02636 0.003965 0)
(1.02926 0.00879421 0)
(1.03475 0.0121236 0)
(1.04293 0.0144862 0)
(1.054 0.0148704 0)
(1.06726 0.0139193 0)
(1.07139 0.0122649 0)
(1.02158 0.00844255 0)
(0.790523 0.00346068 0)
(0.29181 -0.00169623 0)
(0.295995 0.00129959 0)
(0.782652 0.000422052 0)
(1.01237 -0.00212701 0)
(1.06456 -0.0057901 0)
(1.06334 -0.00803868 0)
(1.05319 -0.00991828 0)
(1.04426 -0.00980745 0)
(1.03717 -0.00800123 0)
(1.03187 -0.00491824 0)
(1.0287 -0.000421717 0)
(1.02836 0.00429892 0)
(1.03094 0.00850489 0)
(1.03578 0.0112133 0)
(1.04249 0.0125979 0)
(1.05104 0.0122509 0)
(1.061 0.0098845 0)
(1.06193 0.00719137 0)
(1.00908 0.00301935 0)
(0.77836 3.65475e-07 0)
(0.292582 -0.00118822 0)
(0.299536 0.000443446 0)
(0.780318 0.000554722 0)
(1.00629 -0.000764398 0)
(1.05902 -0.00383429 0)
(1.06071 -0.00583894 0)
(1.0541 -0.00742476 0)
(1.04731 -0.00744362 0)
(1.04133 -0.00610129 0)
(1.03664 -0.00348403 0)
(1.03357 0.000397771 0)
(1.03289 0.00456963 0)
(1.03495 0.00826524 0)
(1.03884 0.0104522 0)
(1.04432 0.0111956 0)
(1.05073 0.0104024 0)
(1.05709 0.00818887 0)
(1.05504 0.0055254 0)
(1.00142 0.00187673 0)
(0.774533 -9.96801e-05 0)
(0.294931 -0.000294652 0)
(0.300759 3.92443e-06 0)
(0.77978 0.000259267 0)
(1.00252 -0.000613422 0)
(1.05473 -0.002908 0)
(1.05825 -0.00447366 0)
(1.05418 -0.00557592 0)
(1.04954 -0.00536606 0)
(1.04515 -0.00409274 0)
(1.0414 -0.00175115 0)
(1.0386 0.00154096 0)
(1.03771 0.00494871 0)
(1.03881 0.00772129 0)
(1.04149 0.00915284 0)
(1.04515 0.00940744 0)
(1.04958 0.00887722 0)
(1.05331 0.00701149 0)
(1.04927 0.00475794 0)
(0.99595 0.00186096 0)
(0.772381 0.00042575 0)
(0.294982 6.19781e-05 0)
(0.301402 0.000124696 0)
(0.779772 0.00041252 0)
(0.998928 0.000104813 0)
(1.0505 -0.00135442 0)
(1.05509 -0.0024938 0)
(1.05249 -0.0033318 0)
(1.0491 -0.00319926 0)
(1.04572 -0.00214311 0)
(1.04264 -0.000133562 0)
(1.04015 0.0026063 0)
(1.03921 0.00554315 0)
(1.0397 0.00746833 0)
(1.04141 0.00838739 0)
(1.04396 0.00838964 0)
(1.04653 0.00742016 0)
(1.04859 0.00567886 0)
(1.04342 0.00369626 0)
(0.990803 0.00146989 0)
(0.769804 0.000396923 0)
(0.294059 6.80943e-05 0)
(0.302672 0.000266479 0)
(0.780316 0.000633079 0)
(0.997538 0.000954291 0)
(1.0479 0.00021836 0)
(1.05308 -0.000359652 0)
(1.05146 -0.000892531 0)
(1.04899 -0.000722459 0)
(1.04628 9.74339e-05 0)
(1.04357 0.00170343 0)
(1.04116 0.00386586 0)
(1.03988 0.00618698 0)
(1.03998 0.00754063 0)
(1.04082 0.00775811 0)
(1.04213 0.0073336 0)
(1.04365 0.00617305 0)
(1.04457 0.00454462 0)
(1.03867 0.00284403 0)
(0.986653 0.00115358 0)
(0.767653 0.000310039 0)
(0.2932 6.22606e-05 0)
(0.304421 0.000236103 0)
(0.781851 0.000792036 0)
(0.997695 0.00121733 0)
(1.04737 0.00120269 0)
(1.05266 0.00108123 0)
(1.05174 0.00112081 0)
(1.05 0.00155626 0)
(1.04786 0.00240305 0)
(1.04543 0.00376583 0)
(1.04298 0.0054828 0)
(1.04118 0.00708128 0)
(1.04042 0.00788708 0)
(1.04047 0.00766321 0)
(1.04105 0.00680711 0)
(1.04167 0.00557013 0)
(1.04176 0.00408767 0)
(1.03537 0.00265156 0)
(0.983665 0.00131391 0)
(0.765827 0.000500031 0)
(0.292362 0.000139838 0)
(0.306304 0.000221048 0)
(0.784193 0.000892819 0)
(0.998516 0.0014748 0)
(1.0479 0.00177395 0)
(1.05341 0.00218433 0)
(1.05281 0.00271718 0)
(1.05141 0.00352969 0)
(1.04954 0.00460002 0)
(1.0472 0.00593581 0)
(1.04457 0.00739522 0)
(1.04224 0.00838687 0)
(1.04062 0.00866726 0)
(1.03995 0.00801689 0)
(1.03977 0.00692588 0)
(1.03972 0.00558936 0)
(1.03927 0.00417696 0)
(1.03261 0.00286235 0)
(0.980989 0.00167069 0)
(0.763626 0.000763734 0)
(0.290955 0.00021338 0)
(0.308486 0.000296278 0)
(0.786993 0.00108963 0)
(1.00036 0.00197501 0)
(1.04924 0.00271011 0)
(1.05471 0.00351505 0)
(1.05417 0.00445909 0)
(1.05281 0.00559795 0)
(1.05092 0.00691192 0)
(1.04842 0.00832138 0)
(1.04538 0.00962154 0)
(1.04242 0.0101997 0)
(1.0401 0.009841 0)
(1.03872 0.00889812 0)
(1.03785 0.00758086 0)
(1.03734 0.0060857 0)
(1.03658 0.00461845 0)
(1.02974 0.00326271 0)
(0.97804 0.00203551 0)
(0.760763 0.00097366 0)
(0.288995 0.000260841 0)
(0.31124 0.000398659 0)
(0.790511 0.00139859 0)
(1.00316 0.00260628 0)
(1.05159 0.00366223 0)
(1.05694 0.00485729 0)
(1.05632 0.00621212 0)
(1.0548 0.00777622 0)
(1.05264 0.0094542 0)
(1.04973 0.0110936 0)
(1.04603 0.0123826 0)
(1.04222 0.0127003 0)
(1.03914 0.0118582 0)
(1.03705 0.0104866 0)
(1.03566 0.00873472 0)
(1.03473 0.0069701 0)
(1.03365 0.00530167 0)
(1.0266 0.00379249 0)
(0.974676 0.00243581 0)
(0.757308 0.00118413 0)
(0.286601 0.000312754 0)
(0.315001 0.00052839 0)
(0.79538 0.00186051 0)
(1.00677 0.00349438 0)
(1.05453 0.00508256 0)
(1.0597 0.00668288 0)
(1.05895 0.00850502 0)
(1.05721 0.0104595 0)
(1.05467 0.0125047 0)
(1.05115 0.0144106 0)
(1.04659 0.0157483 0)
(1.04168 0.0158433 0)
(1.03766 0.0145705 0)
(1.03484 0.0126933 0)
(1.0329 0.0105291 0)
(1.03161 0.00842923 0)
(1.0303 0.00647641 0)
(1.02303 0.00470475 0)
(0.970701 0.00307372 0)
(0.752987 0.00150321 0)
(0.283593 0.00039691 0)
(0.319527 0.000672183 0)
(0.801202 0.00227226 0)
(1.01183 0.00429226 0)
(1.05902 0.00617219 0)
(1.06387 0.00834667 0)
(1.06276 0.010795 0)
(1.06056 0.0134629 0)
(1.05738 0.0161644 0)
(1.053 0.0185742 0)
(1.04728 0.0201131 0)
(1.04109 0.0200011 0)
(1.03599 0.0182296 0)
(1.03233 0.0157096 0)
(1.02978 0.0129416 0)
(1.02804 0.0102737 0)
(1.02638 0.00783015 0)
(1.01875 0.00565679 0)
(0.965887 0.00369722 0)
(0.747772 0.00183167 0)
(0.27994 0.00048598 0)
(0.326027 0.000887962 0)
(0.809504 0.00317853 0)
(1.01807 0.00592864 0)
(1.06426 0.00861102 0)
(1.06885 0.0112807 0)
(1.06741 0.0143198 0)
(1.06464 0.0175115 0)
(1.06061 0.0207717 0)
(1.05505 0.0236412 0)
(1.04781 0.0253641 0)
(1.03992 0.0250087 0)
(1.03339 0.0226737 0)
(1.0287 0.0194632 0)
(1.02545 0.0160683 0)
(1.02327 0.0128542 0)
(1.02134 0.00994479 0)
(1.01344 0.00732685 0)
(0.959923 0.00487128 0)
(0.741113 0.00238498 0)
(0.275214 0.000615182 0)
(0.33344 0.00119548 0)
(0.819184 0.00373215 0)
(1.02643 0.00709736 0)
(1.07162 0.0102989 0)
(1.07558 0.0140497 0)
(1.07341 0.018161 0)
(1.06977 0.0225143 0)
(1.06457 0.0267604 0)
(1.05749 0.0303531 0)
(1.04837 0.0323341 0)
(1.03855 0.0316278 0)
(1.03044 0.0285274 0)
(1.02463 0.0243943 0)
(1.0206 0.0200365 0)
(1.01788 0.0158597 0)
(1.01552 0.0120586 0)
(1.00701 0.00866855 0)
(0.952362 0.00562989 0)
(0.732756 0.00278956 0)
(0.269559 0.00074593 0)
(0.344868 0.00156249 0)
(0.832746 0.00561874 0)
(1.03706 0.010125 0)
(1.08067 0.0143914 0)
(1.0842 0.0188033 0)
(1.08124 0.023795 0)
(1.07643 0.0290173 0)
(1.06961 0.0342218 0)
(1.06046 0.0385223 0)
(1.04887 0.040716 0)
(1.03654 0.0395587 0)
(1.02637 0.0355298 0)
(1.01906 0.0303211 0)
(1.01396 0.0249497 0)
(1.01048 0.0199254 0)
(1.00762 0.0154208 0)
(0.998719 0.0114266 0)
(0.94344 0.00764879 0)
(0.722976 0.00373827 0)
(0.262363 0.0009296 0)
(0.358075 0.00222066 0)
(0.850246 0.00648888 0)
(1.05082 0.0124456 0)
(1.09266 0.0179083 0)
(1.09502 0.0244427 0)
(1.0908 0.0310411 0)
(1.08428 0.0379451 0)
(1.0753 0.0443371 0)
(1.06351 0.0493507 0)
(1.04896 0.0515741 0)
(1.03376 0.0496625 0)
(1.02133 0.0444048 0)
(1.01245 0.0378574 0)
(1.00629 0.0311128 0)
(1.00211 0.0246728 0)
(0.99869 0.0188256 0)
(0.988769 0.0135066 0)
(0.931068 0.00872983 0)
(0.708946 0.00425236 0)
(0.253456 0.00113809 0)
(0.378367 0.00317999 0)
(0.872315 0.0105191 0)
(1.06913 0.0180275 0)
(1.10804 0.0251615 0)
(1.10916 0.0326945 0)
(1.10297 0.0409836 0)
(1.09414 0.0493787 0)
(1.08226 0.0570562 0)
(1.06718 0.0627662 0)
(1.04902 0.0648183 0)
(1.03041 0.0618983 0)
(1.01526 0.055153 0)
(1.00435 0.0469855 0)
(0.996632 0.0386716 0)
(0.991261 0.0308684 0)
(0.986922 0.0238118 0)
(0.97631 0.0176643 0)
(0.91807 0.0118188 0)
(0.695192 0.00581903 0)
(0.242951 0.00142255 0)
(0.406044 0.00444577 0)
(0.905948 0.0124507 0)
(1.09311 0.0236066 0)
(1.12844 0.0331039 0)
(1.12688 0.0443044 0)
(1.11792 0.054986 0)
(1.10559 0.065209 0)
(1.08976 0.074078 0)
(1.07045 0.0800037 0)
(1.04794 0.0813858 0)
(1.02536 0.076934 0)
(1.00715 0.0682776 0)
(0.99403 0.0582714 0)
(0.984695 0.0482047 0)
(0.978118 0.0386609 0)
(0.972803 0.029889 0)
(0.960394 0.0215647 0)
(0.897949 0.0139546 0)
(0.671606 0.00658437 0)
(0.22847 0.00163885 0)
(0.441039 0.00881139 0)
(0.943564 0.0229463 0)
(1.1246 0.0359563 0)
(1.15388 0.048598 0)
(1.14852 0.0619811 0)
(1.1353 0.0746231 0)
(1.11831 0.0865014 0)
(1.09774 0.0957034 0)
(1.07352 0.101151 0)
(1.04622 0.10113 0)
(1.01943 0.0945967 0)
(0.997993 0.0836778 0)
(0.982454 0.0715033 0)
(0.971234 0.059412 0)
(0.963091 0.0479335 0)
(0.956247 0.0374854 0)
(0.942333 0.0282997 0)
(0.878316 0.0191606 0)
(0.652185 0.0094345 0)
(0.215233 0.00196432 0)
(0.527148 0.0125424 0)
(1.01196 0.0312972 0)
(1.16577 0.0543919 0)
(1.18619 0.0703273 0)
(1.17444 0.0885341 1.17764e-34)
(1.15477 0.102873 -6.73744e-35)
(1.13192 0.114939 0)
(1.10535 0.123614 0)
(1.07544 0.127661 0)
(1.04277 0.1253 0)
(1.01136 0.115953 0)
(0.98635 0.10237 0)
(0.968012 0.0879656 0)
(0.954447 0.0739645 0)
(0.944341 0.0609136 0)
(0.935652 0.0484817 0)
(0.918415 0.0362526 0)
(0.846823 0.0246777 0)
(0.606143 0.0113377 0)
(0.18753 0.00193052 0)
(0.584708 0.0281281 -3.81341e-21)
(1.08886 0.0571625 2.23225e-21)
(1.21278 0.0856283 0)
(1.22232 0.107892 2.98958e-21)
(1.20063 0.127533 -2.41772e-21)
(1.17419 0.140716 7.10817e-35)
(1.14455 0.151763 0)
(1.11134 0.158998 5.59305e-21)
(1.07526 0.160661 -1.96453e-20)
(1.03661 0.15548 4.27941e-21)
(0.999966 0.143075 0)
(0.970737 0.126702 -1.34351e-20)
(0.948923 0.109976 -1.67468e-20)
(0.932305 0.0938412 2.9444e-20)
(0.919295 0.0785709 -2.36267e-20)
(0.907393 0.0649388 0)
(0.885252 0.0516475 -9.05667e-21)
(0.803162 0.0353881 0)
(0.565777 0.0227629 -4.92263e-20)
(0.170504 0.00460474 5.86178e-20)
(0.602156 0.0548953 -1.12684e-21)
(1.12952 0.105317 -3.60727e-20)
(1.2535 0.139248 1.13355e-20)
(1.25482 0.158857 1.10147e-20)
(1.22487 0.174661 -4.24073e-21)
(1.19152 0.18619 7.48244e-21)
(1.15474 0.195898 0)
(1.11511 0.201034 0)
(1.07271 0.200345 3.0651e-20)
(1.0277 0.192723 0)
(0.985086 0.177898 4.62577e-20)
(0.950577 0.159744 1.44131e-20)
(0.92406 0.141997 4.39844e-22)
(0.90301 0.125526 -3.28564e-20)
(0.885683 0.110566 0)
(0.869665 0.0964345 0)
(0.845227 0.0846508 -1.53249e-19)
(0.771648 0.0702253 3.87452e-19)
(0.552129 0.0450273 -2.29764e-19)
(0.172545 0.0165667 -2.75733e-19)
(0.601839 0.0902486 7.25729e-20)
(1.15588 0.168121 -2.04835e-20)
(1.28402 0.207303 -4.75622e-21)
(1.28105 0.220047 -2.21731e-20)
(1.2448 0.230613 1.35169e-20)
(1.2048 0.238668 -1.42979e-20)
(1.16164 0.245145 8.55855e-21)
(1.11614 0.246864 0)
(1.06766 0.243281 -6.32854e-20)
(1.01663 0.232802 6.78997e-20)
(0.968312 0.215555 -1.26119e-19)
(0.9289 0.196031 6.11855e-20)
(0.898272 0.177934 -4.45481e-20)
(0.873671 0.161819 9.79302e-20)
(0.853339 0.148018 0)
(0.835272 0.135875 -3.81505e-20)
(0.810706 0.122825 0)
(0.744665 0.110187 2.2088e-19)
(0.546453 0.0753787 -5.2413e-19)
(0.184583 0.0286029 3.29627e-19)
(0.585693 0.120879 -3.43899e-19)
(1.1669 0.230783 1.36712e-19)
(1.30232 0.278747 2.11208e-20)
(1.29831 0.285305 0)
(1.25783 0.291558 1.07774e-20)
(1.21264 0.295693 -1.07653e-20)
(1.16465 0.297647 -8.76654e-21)
(1.11394 0.295352 0)
(1.0601 0.28838 4.4604e-20)
(1.00385 0.274643 -4.67253e-20)
(0.950801 0.254771 1.09672e-19)
(0.907728 0.233675 0)
(0.874484 0.21496 -9.3425e-20)
(0.848119 0.198818 5.18131e-20)
(0.826777 0.185093 1.39196e-19)
(0.808475 0.174526 -1.22287e-19)
(0.785921 0.160802 2.03066e-19)
(0.725859 0.147559 -4.52632e-19)
(0.541643 0.10563 2.87938e-19)
(0.190033 0.03957 -3.63107e-19)
(0.564287 0.146618 2.13123e-19)
(1.16387 0.287796 -1.57011e-19)
(1.31066 0.34747 6.56912e-20)
(1.30709 0.350676 -8.81901e-20)
(1.26349 0.354296 5.73715e-20)
(1.21501 0.354251 -8.40068e-21)
(1.16366 0.351455 3.82741e-21)
(1.10873 0.345167 -3.20924e-20)
(1.05068 0.334416 -4.41864e-20)
(0.990213 0.317039 -9.91575e-20)
(0.933473 0.294147 -2.35821e-19)
(0.887919 0.27108 -7.83926e-20)
(0.853379 0.251301 2.8604e-21)
(0.826538 0.234654 -1.83209e-19)
(0.805154 0.220559 -6.17146e-21)
(0.787006 0.210324 1.78285e-19)
(0.766394 0.196854 -5.5272e-20)
(0.709832 0.182348 -3.26675e-20)
(0.534459 0.132212 0)
(0.189239 0.0498067 7.67051e-19)
(0.54368 0.170957 0)
(1.15518 0.34191 4.86401e-20)
(1.31114 0.412583 3.28127e-20)
(1.30847 0.413735 -1.19207e-20)
(1.26272 0.416049 -7.11651e-20)
(1.21267 0.412061 1.13949e-20)
(1.15908 0.405019 5.94065e-21)
(1.10104 0.394983 5.641e-20)
(1.03991 0.380319 -2.59647e-20)
(0.976154 0.359282 4.46938e-20)
(0.916682 0.33326 1.26765e-19)
(0.869397 0.307777 1.73106e-19)
(0.833782 0.286232 -1.07366e-19)
(0.80631 0.268534 1.9814e-19)
(0.78487 0.253872 -1.58896e-19)
(0.766874 0.242996 0)
(0.74733 0.229765 -4.22791e-19)
(0.693223 0.212543 5.68557e-19)
(0.523722 0.156413 4.32612e-20)
(0.185874 0.0576481 -8.04871e-19)
(0.525844 0.19339 -6.55594e-21)
(1.14284 0.393386 -3.34019e-19)
(1.30616 0.474395 -2.46779e-19)
(1.30422 0.473743 2.03413e-19)
(1.25709 0.47484 -4.05818e-20)
(1.20646 0.467447 1.995e-20)
(1.15129 0.457047 -4.08383e-22)
(1.09104 0.443703 -6.94623e-21)
(1.02748 0.425352 -9.249e-20)
(0.960681 0.400723 1.24411e-21)
(0.898221 0.371167 -1.37102e-19)
(0.848806 0.342964 -1.83902e-19)
(0.81251 0.319714 1.20756e-19)
(0.785261 0.300717 -7.10285e-20)
(0.763983 0.28512 1.72707e-19)
(0.746442 0.273093 0)
(0.72787 0.259761 -2.61731e-19)
(0.675893 0.239534 3.87239e-19)
(0.51064 0.177273 7.47165e-19)
(0.180969 0.0646592 -8.72338e-19)
(0.511907 0.214047 -6.39773e-19)
(1.12873 0.442274 3.22061e-19)
(1.29789 0.533687 2.41358e-19)
(1.29657 0.530984 -2.20397e-19)
(1.24832 0.530454 1.08878e-20)
(1.19739 0.51981 5.72534e-20)
(1.14079 0.506835 -5.96789e-21)
(1.07897 0.490658 -2.04349e-20)
(1.01349 0.469044 -5.59538e-20)
(0.944414 0.441104 9.77442e-20)
(0.880234 0.408309 1.30191e-19)
(0.830064 0.377182 2.88559e-19)
(0.792648 0.351203 0)
(0.764113 0.330318 5.41709e-21)
(0.742795 0.313443 -4.79913e-19)
(0.725604 0.300189 1.10264e-19)
(0.70717 0.28605 5.62108e-19)
(0.656916 0.263316 -1.63972e-19)
(0.496225 0.195303 3.57058e-19)
(0.175148 0.0705723 -2.85245e-20)
(0.501823 0.233989 7.42103e-21)
(1.11534 0.488474 2.99163e-19)
(1.28748 0.590168 1.84323e-19)
(1.28679 0.585915 -3.97473e-19)
(1.23773 0.583425 2.46885e-19)
(1.18644 0.569442 -7.30895e-20)
(1.12841 0.554233 2.91499e-21)
(1.06543 0.535484 4.67637e-20)
(0.998217 0.511051 1.00916e-19)
(0.926715 0.480089 -1.23905e-19)
(0.859305 0.443769 0)
(0.806034 0.409539 -1.13559e-19)
(0.768549 0.381567 1.30375e-19)
(0.74175 0.358663 1.74829e-19)
(0.720955 0.340381 -1.00376e-19)
(0.704456 0.325254 -2.53035e-19)
(0.687192 0.310438 -7.69544e-20)
(0.638431 0.284958 -1.35059e-21)
(0.480855 0.211172 0)
(0.168369 0.0753437 0)
(0.494104 0.254421 -3.17566e-19)
(1.1017 0.531578 0)
(1.27524 0.642548 2.12597e-19)
(1.27517 0.638059 -9.89118e-20)
(1.2259 0.633823 -2.57253e-19)
(1.17432 0.616745 7.10855e-20)
(1.11505 0.599467 -3.17182e-21)
(1.05116 0.578245 -2.36926e-20)
(0.982364 0.551335 6.39932e-20)
(0.909081 0.517647 -4.98761e-20)
(0.840724 0.478461 7.29227e-20)
(0.788314 0.441134 3.5471e-19)
(0.749044 0.409699 1.33347e-20)
(0.719453 0.384566 -1.78795e-19)
(0.698606 0.363678 3.44975e-19)
(0.682523 0.347781 4.48247e-21)
(0.66514 0.331317 8.23325e-20)
(0.61811 0.303297 -4.02626e-19)
(0.464569 0.224201 4.11559e-19)
(0.160712 0.0789827 -4.87185e-19)
(0.488884 0.275309 5.26274e-23)
(1.08886 0.572135 0)
(1.26166 0.691013 0)
(1.26233 0.68681 9.11571e-20)
(1.21318 0.681239 1.02039e-19)
(1.16141 0.661666 -5.8358e-20)
(1.10132 0.642529 3.04212e-20)
(1.03669 0.618992 0)
(0.96654 0.589983 -1.03362e-19)
(0.891409 0.554046 1.80538e-19)
(0.819705 0.511682 2.20831e-19)
(0.762143 0.470838 -1.33652e-19)
(0.722998 0.436966 -1.67546e-19)
(0.696057 0.408705 3.96265e-19)
(0.675616 0.387355 -1.22118e-19)
(0.659914 0.368089 -1.48244e-19)
(0.643369 0.350119 -9.09366e-20)
(0.596653 0.320045 -4.37412e-19)
(0.447077 0.234932 6.06059e-20)
(0.151968 0.0814521 5.29642e-19)
(0.485299 0.29434 -1.27292e-19)
(1.07656 0.610053 -1.97889e-19)
(1.24725 0.735862 2.38306e-20)
(1.24865 0.732145 3.49235e-22)
(1.19976 0.725499 3.22492e-20)
(1.14796 0.704023 -1.605e-19)
(1.08739 0.68333 0)
(1.02214 0.6578 1.7411e-20)
(0.950561 0.627054 -1.37292e-20)
(0.873168 0.588933 2.83895e-19)
(0.799219 0.544027 -5.62739e-20)
(0.74279 0.501138 6.12963e-20)
(0.701225 0.463599 0)
(0.671436 0.432694 -2.16361e-19)
(0.651036 0.405565 2.70128e-19)
(0.636473 0.386203 0)
(0.621179 0.3671 -1.99843e-19)
(0.576362 0.333078 5.84163e-19)
(0.428672 0.243203 7.03863e-20)
(0.142678 0.0824288 -6.57924e-19)
(0.48242 0.311619 -2.83233e-19)
(1.06469 0.645614 3.60716e-19)
(1.23287 0.777521 0)
(1.23474 0.77433 2.28141e-19)
(1.18601 0.766684 0)
(1.13416 0.743708 1.48444e-19)
(1.07339 0.72173 0)
(1.00766 0.694577 0)
(0.935028 0.662383 -3.49521e-20)
(0.85643 0.6227 -2.76376e-19)
(0.780857 0.576292 -4.09964e-19)
(0.719435 0.528752 7.74421e-20)
(0.676122 0.487707 2.89788e-19)
(0.646475 0.453106 2.4403e-19)
(0.626598 0.427036 -8.67621e-19)
(0.611379 0.403134 -3.59098e-19)
(0.594821 0.379546 2.08642e-19)
(0.550293 0.344206 0)
(0.408961 0.249052 6.09544e-19)
(0.132131 0.0822371 -7.15292e-19)
(0.479698 0.32781 3.14626e-19)
(1.05324 0.679215 -3.96842e-19)
(1.21856 0.816234 0)
(1.22069 0.813726 -9.55241e-21)
(1.17215 0.805069 -9.37546e-20)
(1.12034 0.780838 0)
(1.0595 0.757734 -1.07793e-20)
(0.993421 0.729274 2.14839e-20)
(0.919869 0.695995 -4.54462e-20)
(0.839192 0.655159 2.75909e-20)
(0.759342 0.605445 0)
(0.695662 0.557051 3.08955e-19)
(0.65062 0.513649 3.84512e-21)
(0.61893 0.474777 1.32679e-19)
(0.597587 0.441073 1.60003e-19)
(0.585336 0.41492 0)
(0.573109 0.392406 -3.54802e-19)
(0.529975 0.353161 6.95894e-19)
(0.388392 0.252292 -7.45469e-19)
(0.121244 0.0805044 1.55851e-18)
(0.476897 0.343288 0)
(1.04231 0.710925 0)
(1.20467 0.852317 -2.15013e-19)
(1.20683 0.850482 0)
(1.15845 0.840833 0)
(1.10668 0.815524 2.19341e-19)
(1.04591 0.791443 -1.43922e-20)
(0.979544 0.761968 1.63721e-20)
(0.905131 0.727913 -3.89891e-21)
(0.822686 0.686065 0)
(0.741247 0.636757 -6.5554e-20)
(0.674676 0.585691 -2.56116e-19)
(0.626211 0.537728 -3.21779e-19)
(0.595052 0.496032 -1.33994e-19)
(0.574057 0.459795 1.76823e-19)
(0.558161 0.430517 -4.20487e-19)
(0.541672 0.402569 7.70392e-19)
(0.499411 0.35783 1.04682e-20)
(0.365845 0.252926 -7.21789e-19)
(0.109343 0.077134 -1.07219e-19)
(0.474013 0.35806 0)
(1.0318 0.740794 -3.07535e-19)
(1.19094 0.885952 2.41659e-19)
(1.19317 0.884839 0)
(1.14504 0.8742 0)
(1.09342 0.847965 -4.8648e-19)
(1.03278 0.822984 0)
(0.966252 0.79268 0)
(0.891229 0.758116 -7.6909e-20)
(0.807689 0.716167 5.21349e-20)
(0.723156 0.66583 -5.22753e-19)
(0.651612 0.612532 0)
(0.597851 0.563207 -3.48651e-19)
(0.557444 0.514668 1.23092e-20)
(0.535812 0.473056 -5.64361e-19)
(0.526352 0.439394 2.28153e-19)
(0.518916 0.403589 5.23779e-21)
(0.477778 0.358672 -8.30378e-19)
(0.344644 0.249924 3.94785e-19)
(0.099708 0.0729302 1.14709e-19)
(0.471028 0.372041 0)
(1.02168 0.768707 -3.65165e-19)
(1.17767 0.917297 2.55893e-19)
(1.17986 0.916798 5.35004e-19)
(1.13199 0.905229 1.07841e-19)
(1.08059 0.878215 -7.53425e-20)
(1.02018 0.852462 4.57069e-20)
(0.953627 0.82156 -7.5097e-20)
(0.878154 0.786786 8.22699e-20)
(0.792953 0.744857 3.19753e-19)
(0.704883 0.693714 4.33558e-19)
(0.630499 0.6406 8.32398e-20)
(0.575872 0.587832 5.06726e-19)
(0.54039 0.539454 3.29248e-19)
(0.512838 0.494229 4.07221e-19)
(0.496334 0.443968 -2.56228e-19)
(0.480285 0.411729 -3.07376e-19)
(0.444376 0.359027 3.6265e-19)
(0.319033 0.245077 -2.17408e-19)
(0.0912269 0.0669085 3.76979e-19)
(0.467949 0.385167 4.95551e-19)
(1.0118 0.794742 5.79069e-19)
(1.16461 0.946457 1.39869e-19)
(1.16693 0.946577 1.56113e-20)
(1.11938 0.934118 -3.75051e-19)
(1.06829 0.906411 1.40876e-19)
(1.00821 0.879983 -5.26458e-20)
(0.941728 0.848631 -2.16925e-20)
(0.865824 0.813705 -7.3518e-20)
(0.779205 0.772014 -3.56875e-19)
(0.689512 0.72149 2.59583e-20)
(0.609939 0.666752 0)
(0.54656 0.612347 0)
(0.495205 0.558249 -1.66951e-19)
(0.46593 0.49753 -6.67599e-19)
(0.452771 0.456285 5.555e-19)
(0.452136 0.402387 3.42993e-19)
(0.421679 0.342719 0)
(0.305663 0.225008 7.01906e-19)
(0.0850799 0.0533534 -4.12871e-19)
(0.464741 0.397426 -2.64351e-19)
(1.00222 0.818966 2.22957e-19)
(1.15205 0.973586 -3.1417e-19)
(1.1544 0.97416 -3.37218e-19)
(1.10715 0.960866 -1.48706e-19)
(1.05648 0.93259 3.30782e-20)
(0.996806 0.905602 0)
(0.930515 0.873918 1.13603e-19)
(0.854418 0.839199 1.34267e-20)
(0.767057 0.797927 0)
(0.673838 0.74904 0)
(0.58988 0.69664 5.78598e-20)
(0.522446 0.644446 8.88218e-20)
(0.476591 0.584705 -1.79751e-19)
(0.440671 0.532708 4.83559e-19)
(0.414841 0.465172 -6.09611e-19)
(0.400071 0.402582 -7.41622e-19)
(0.385007 0.325987 6.6353e-19)
(0.30809 0.220843 -2.54087e-19)
(0.14814 0.1117 1.43291e-19)
(0.461288 0.409179 3.04785e-19)
(0.992833 0.841456 0)
(1.13975 0.998773 0)
(1.14234 0.999797 -1.137e-19)
(1.09545 0.985718 9.19921e-20)
(1.04523 0.95688 -2.03288e-20)
(0.986018 0.929397 -2.01684e-19)
(0.919996 0.897563 -1.89152e-19)
(0.843778 0.863018 8.20583e-20)
(0.755222 0.82296 -2.86778e-20)
(0.659834 0.774934 6.86974e-20)
(0.572744 0.722051 -4.75728e-19)
(0.498764 0.666152 -5.21901e-19)
(0.431348 0.610854 -9.55103e-20)
(0.381341 0.546024 0)
(0.355857 0.478299 -1.43837e-20)
(0.348298 0.378462 4.02353e-19)
(0.330859 0.24076 -7.05283e-19)
(0.311588 0.0739813 5.20843e-19)
(0.10011 -0.0554732 4.20739e-19)
(0.45784 0.420161 -6.58956e-19)
(0.983729 0.862436 -2.80307e-19)
(1.12789 1.02233 4.80698e-21)
(1.13055 1.02368 1.45197e-19)
(1.08396 1.00891 0)
(1.03424 0.979687 4.28588e-19)
(0.975561 0.951902 2.50341e-19)
(0.909978 0.920089 -4.35038e-20)
(0.833837 0.886094 -2.9088e-20)
(0.744454 0.847348 -2.69623e-20)
(0.646495 0.801514 2.50441e-20)
(0.553735 0.752428 4.20423e-19)
(0.474024 0.701184 5.10473e-19)
(0.414579 0.643174 9.16909e-20)
(0.358121 0.586092 5.05482e-19)
(0.303731 0.497776 0)
(0.214432 0.395437 0)
(0.0903879 0.368836 5.1809e-19)
(-0.0368655 0.637405 -3.02945e-20)
(-0.00486889 1.43641 -6.68062e-19)
(0.454392 0.430236 3.5569e-19)
(0.974734 0.881929 8.3631e-19)
(1.11625 1.04437 -1.24816e-18)
(1.11917 1.0462 7.50515e-19)
(1.07289 1.03091 -8.7489e-20)
(1.02367 1.00139 5.62022e-19)
(0.965532 0.97346 0)
(0.900321 0.941928 2.01104e-19)
(0.824303 0.908905 0)
(0.734422 0.871624 2.59477e-19)
(0.634888 0.827968 -3.89346e-20)
(0.538999 0.78067 4.36556e-20)
(0.452891 0.730823 5.61459e-19)
(0.363578 0.684188 -2.06933e-19)
(0.28423 0.615882 -2.68003e-19)
(0.205173 0.567371 0)
(0.116941 0.647023 0)
(0.0604721 1.16272 0)
(0.0935927 2.3782 -2.92995e-19)
(0.123963 2.86932 -1.80843e-19)
(0.450928 0.439548 0)
(0.966065 0.900187 0)
(1.10508 1.06503 4.46261e-19)
(1.10804 1.06724 -6.25511e-19)
(1.06202 1.05151 4.29129e-19)
(1.01334 1.02189 -5.15029e-19)
(0.955789 0.993991 -2.90872e-20)
(0.891204 0.962963 2.26488e-20)
(0.815547 0.930863 7.51543e-21)
(0.725128 0.895801 -2.95221e-19)
(0.623851 0.855767 5.96535e-20)
(0.52417 0.813588 3.92874e-19)
(0.432414 0.773237 -5.53701e-19)
(0.35044 0.716982 -6.45343e-19)
(0.285794 0.679918 2.26519e-19)
(0.221344 0.78658 0)
(0.170167 1.41789 3.22621e-19)
(0.173254 2.63495 3.72663e-19)
(0.173734 3.06826 -4.16689e-19)
(0.164034 3.21474 4.71422e-19)
(0.447403 0.448091 0)
(0.957533 0.917064 6.8021e-19)
(1.0942 1.08428 -1.15613e-19)
(1.09742 1.08704 7.87936e-19)
(1.0517 1.071 -4.50425e-19)
(1.00354 1.04129 0)
(0.946631 1.01352 0)
(0.882585 0.983078 0)
(0.807365 0.952491 -6.411e-20)
(0.716654 0.920084 3.57109e-21)
(0.613102 0.883803 0)
(0.508601 0.844081 -3.8384e-19)
(0.416169 0.80607 0)
(0.320236 0.76994 4.58922e-19)
(0.240033 0.845766 -2.96431e-19)
(0.190039 1.38876 -2.47824e-19)
(0.208116 2.62331 -6.08588e-19)
(0.228126 3.11963 -3.01464e-19)
(0.215944 3.27685 -3.40984e-19)
(0.199335 3.32036 3.03952e-19)
(0.443886 0.45596 -2.30755e-19)
(0.949385 0.93296 1.37879e-20)
(1.08376 1.10236 -1.24591e-19)
(1.08703 1.10554 -6.30594e-19)
(1.04152 1.08924 0)
(0.993952 1.05963 0)
(0.937689 1.03209 0)
(0.874415 1.00246 -1.40227e-20)
(0.799884 0.97361 7.16383e-20)
(0.709656 0.943945 0)
(0.606003 0.911981 0)
(0.501649 0.880115 0)
(0.393656 0.851345 0)
(0.324193 0.849638 2.99886e-19)
(0.308392 1.16505 7.75071e-19)
(0.310643 2.25757 2.40968e-19)
(0.325758 3.07029 4.30811e-19)
(0.315244 3.2996 -2.63344e-19)
(0.258848 3.37369 9.77534e-20)
(0.222622 3.38774 0)
(0.440263 0.463366 2.33699e-19)
(0.941094 0.947949 -1.46583e-18)
(1.07335 1.11966 -4.11589e-19)
(1.07693 1.12343 -1.005e-19)
(1.03172 1.10695 1.15132e-19)
(0.984729 1.07738 -8.12793e-19)
(0.929223 1.05014 5.50417e-20)
(0.866806 1.02134 3.75577e-19)
(0.793268 0.993972 0)
(0.703165 0.967396 -1.7007e-20)
(0.598464 0.940407 1.54721e-20)
(0.489213 0.909801 0)
(0.402506 0.886177 0)
(0.349801 1.00193 -3.69665e-19)
(0.340501 1.75943 -8.27544e-21)
(0.331943 2.88472 -1.18762e-19)
(0.349489 3.29648 1.77061e-19)
(0.319107 3.41388 3.72023e-20)
(0.247635 3.44589 1.65373e-19)
(0.219162 3.4547 -8.36539e-20)
(0.436246 0.47072 4.49825e-19)
(0.932412 0.963456 1.4014e-18)
(1.0624 1.13737 5.06134e-19)
(1.0661 1.14147 0)
(1.02122 1.12472 0)
(0.97501 1.09521 6.22869e-19)
(0.920411 1.06818 -3.8524e-19)
(0.85906 1.04015 -3.45588e-19)
(0.786598 1.01477 -1.35481e-20)
(0.69737 0.991564 6.47488e-20)
(0.591872 0.969654 -2.96207e-19)
(0.481081 0.946432 0)
(0.402805 0.959211 0)
(0.378052 1.31178 -2.02671e-19)
(0.403648 2.33608 -2.58177e-19)
(0.447169 3.1894 0)
(0.478384 3.40671 1.49066e-19)
(0.405885 3.48175 2.47877e-19)
(0.321828 3.52516 -5.68881e-19)
(0.291679 3.55188 3.25319e-19)
(0.431607 0.478232 -8.52889e-19)
(0.922536 0.979182 -6.66587e-19)
(1.05041 1.15566 0)
(1.05461 1.16018 0)
(1.01029 1.14311 0)
(0.964887 1.1134 0)
(0.911379 1.08651 4.11403e-19)
(0.851317 1.05925 -4.4925e-19)
(0.780298 1.03578 0)
(0.692867 1.01624 -5.32047e-20)
(0.588249 0.999428 4.99464e-19)
(0.478914 0.984573 2.49629e-20)
(0.420268 1.05228 3.93849e-20)
(0.443712 1.62982 2.93256e-19)
(0.49037 2.80836 -5.58113e-20)
(0.524051 3.33805 0)
(0.507216 3.48563 -1.04708e-19)
(0.40756 3.57799 1.17668e-19)
(0.300919 3.66348 4.06704e-19)
(0.219515 3.65151 -3.5379e-19)
(0.426359 0.486022 4.04071e-19)
(0.911844 0.996165 -6.5417e-19)
(1.03722 1.17488 0)
(1.04176 1.1794 -1.61266e-19)
(0.997993 1.16177 6.1178e-19)
(0.953777 1.13186 0)
(0.901712 1.10493 0)
(0.843521 1.07833 8.41379e-19)
(0.774946 1.05632 1.22625e-20)
(0.688663 1.0408 -4.46742e-20)
(0.584376 1.0301 -2.17171e-19)
(0.478917 1.02888 1.62961e-19)
(0.444737 1.20526 0)
(0.50466 2.02626 -1.34883e-19)
(0.566759 3.08846 1.1537e-19)
(0.62472 3.44877 -6.99951e-20)
(0.619999 3.57532 0)
(0.531278 3.70477 -2.41956e-19)
(0.444139 3.75966 -8.78502e-19)
(0.352496 3.73202 -2.17794e-19)
(0.420237 0.49386 -7.81522e-19)
(0.899533 1.01309 9.31333e-19)
(1.0228 1.19455 6.86316e-19)
(1.02816 1.19926 -1.77944e-19)
(0.98525 1.18097 -9.32748e-19)
(0.942222 1.15051 0)
(0.891752 1.12338 3.58332e-19)
(0.835355 1.09725 -3.4504e-19)
(0.768674 1.07741 -3.47633e-20)
(0.685761 1.06604 3.75831e-20)
(0.58302 1.06215 -2.9379e-21)
(0.489059 1.0802 -1.81339e-19)
(0.488895 1.38241 1.47979e-19)
(0.588722 2.36669 -2.88453e-20)
(0.674204 3.28085 1.72349e-19)
(0.731975 3.53535 -4.52319e-19)
(0.693275 3.62249 0)
(0.60957 3.65233 0)
(0.488378 3.63934 -9.992e-19)
(0.210685 3.44863 1.99545e-18)
(0.413404 0.501982 3.70683e-19)
(0.886236 1.03164 8.9475e-19)
(1.00677 1.21519 -6.76733e-19)
(1.01292 1.21956 6.6326e-19)
(0.970799 1.20023 9.21235e-19)
(0.929508 1.16921 0)
(0.881136 1.14173 -3.8955e-19)
(0.827468 1.1162 -4.83526e-19)
(0.764102 1.09782 0)
(0.684208 1.09113 0)
(0.583159 1.09483 0)
(0.5023 1.14452 0)
(0.537259 1.57702 -1.51709e-19)
(0.672353 2.66206 7.98032e-20)
(0.764408 3.40225 0)
(0.821175 3.56466 2.74716e-19)
(0.816311 3.58837 0)
(0.866516 3.48271 4.46464e-19)
(0.958027 3.13351 -3.05322e-18)
(0.498879 2.81592 2.92532e-18)
(0.405439 0.509824 -7.21243e-19)
(0.870768 1.04968 -5.67792e-19)
(0.98927 1.23608 -4.33163e-19)
(0.996786 1.24046 -6.20369e-19)
(0.95576 1.21999 -4.37189e-19)
(0.91632 1.18803 0)
(0.87023 1.15986 -8.71723e-20)
(0.819572 1.1345 3.42143e-20)
(0.760027 1.11784 2.5386e-19)
(0.683967 1.11609 0)
(0.587264 1.12935 5.68878e-21)
(0.513652 1.22605 -6.45557e-21)
(0.59582 1.76897 0)
(0.76573 2.8978 -7.31098e-20)
(0.87585 3.46712 0)
(0.923457 3.55819 -4.62845e-19)
(0.922173 3.51716 1.21585e-18)
(0.917897 3.16194 -4.40517e-19)
(0.663605 2.23946 6.6916e-19)
(-0.379019 0.656661 -1.67935e-18)
(0.396645 0.517964 -1.12866e-20)
(0.853909 1.06974 -2.78768e-19)
(0.969426 1.25809 6.02305e-19)
(0.978322 1.262 -1.7035e-20)
(0.938202 1.23991 -1.15656e-19)
(0.901341 1.2071 0)
(0.858128 1.17819 3.97113e-19)
(0.810864 1.15306 4.04692e-19)
(0.75597 1.13837 -4.90751e-19)
(0.685495 1.14241 2.41119e-19)
(0.596856 1.16965 4.05261e-20)
(0.535134 1.3146 0)
(0.665313 1.97312 -7.00848e-20)
(0.858798 3.09041 1.28334e-19)
(0.959595 3.47105 2.74045e-19)
(0.987455 3.49875 0)
(0.932636 3.35462 -6.0656e-19)
(0.748199 2.68847 7.62449e-19)
(0.229813 1.02636 -9.00877e-19)
(-0.299936 -0.496613 -8.07698e-19)
(0.386276 0.525637 6.50237e-19)
(0.834059 1.08859 -2.67021e-19)
(0.947751 1.28004 3.9842e-19)
(0.958625 1.28409 3.16411e-19)
(0.919525 1.26031 2.23047e-19)
(0.88565 1.22631 5.86802e-19)
(0.845499 1.19628 -7.63003e-19)
(0.802895 1.17115 -4.94696e-19)
(0.754037 1.15873 5.34525e-19)
(0.689797 1.16907 6.37265e-20)
(0.605361 1.21665 4.20441e-20)
(0.571381 1.403 1.68935e-20)
(0.738294 2.18379 -1.18471e-19)
(0.947886 3.19898 2.3114e-19)
(1.04001 3.43503 -4.04555e-19)
(1.03625 3.42065 4.44789e-19)
(0.908573 3.10163 -1.12005e-18)
(0.605678 2.01217 7.02427e-19)
(0.0968835 0.207405 0)
(-0.127346 -0.25706 -1.29216e-18)
(0.374878 0.533608 0)
(0.812176 1.10948 -9.96169e-19)
(0.923232 1.30307 2.32866e-20)
(0.935701 1.30639 -5.54119e-19)
(0.897689 1.28044 0)
(0.867725 1.24507 -4.19112e-19)
(0.83137 1.21378 6.47767e-19)
(0.794352 1.18797 4.62765e-19)
(0.752756 1.17799 -5.61518e-19)
(0.699228 1.19725 -2.44894e-19)
(0.612229 1.27388 -8.31092e-20)
(0.602264 1.51466 1.61528e-20)
(0.819776 2.38791 1.13974e-19)
(1.02702 3.25056 1.76324e-19)
(1.10322 3.39097 -4.31059e-19)
(1.07808 3.28735 6.90411e-19)
(0.854082 2.71184 5.34228e-19)
(0.421198 1.30525 -6.30177e-19)
(-0.101592 -0.23726 0)
(-0.226237 -0.285849 0)
(0.361477 0.540924 -5.95325e-19)
(0.786723 1.12803 9.66278e-19)
(0.896501 1.32527 0)
(0.910705 1.32854 0)
(0.874134 1.3006 0)
(0.848609 1.26328 0)
(0.815872 1.23 -2.75453e-19)
(0.785087 1.20376 -1.34635e-20)
(0.753723 1.19436 -7.47142e-20)
(0.713881 1.22732 -2.8916e-20)
(0.637837 1.32961 2.04673e-19)
(0.637446 1.6132 -3.31327e-20)
(0.886861 2.54522 0)
(1.10887 3.27606 3.59327e-20)
(1.16515 3.34476 7.18879e-19)
(1.06886 3.11876 -2.79227e-19)
(0.766847 2.32587 4.96405e-19)
(0.203751 0.409955 2.84704e-19)
(-0.117949 -0.277091 -1.33002e-18)
(-0.150702 -0.230746 -1.57505e-18)
(0.347089 0.548211 2.89751e-19)
(0.759106 1.14877 4.45101e-19)
(0.866318 1.34821 -1.18099e-20)
(0.881071 1.34971 2.62169e-19)
(0.847089 1.32001 0)
(0.826174 1.27976 6.63251e-19)
(0.799025 1.2444 -1.83632e-19)
(0.776311 1.21641 6.71267e-20)
(0.759873 1.20519 -3.26859e-20)
(0.737144 1.24965 -3.33725e-20)
(0.70331 1.36394 -1.24283e-19)
(0.713961 1.69003 3.97515e-20)
(0.968271 2.63194 9.63883e-20)
(1.18103 3.24322 1.20158e-19)
(1.22927 3.26801 -4.33266e-19)
(1.10202 2.94233 1.00103e-18)
(0.659833 1.8596 -5.84077e-19)
(-0.00199145 0.0325706 7.30426e-19)
(-0.207674 -0.216593 -2.20389e-18)
(-0.127873 -0.225496 1.5679e-18)
(0.330319 0.554693 -2.7103e-19)
(0.728071 1.16611 0)
(0.832189 1.36965 -3.28558e-19)
(0.84823 1.3698 -4.95509e-19)
(0.817877 1.339 0)
(0.800971 1.2941 -5.044e-19)
(0.779889 1.2553 0)
(0.768188 1.22201 -3.92257e-19)
(0.767586 1.20708 2.04938e-19)
(0.7796 1.24661 -4.17376e-19)
(0.807734 1.37137 2.4335e-19)
(0.808549 1.77329 1.00612e-20)
(1.0805 2.69264 -3.47219e-19)
(1.28768 3.23666 2.82633e-19)
(1.27691 3.2434 -3.91462e-19)
(0.993432 2.74922 -3.12176e-19)
(0.376291 1.27803 7.91955e-19)
(-0.198439 -0.0783107 -8.96528e-19)
(-0.317523 -0.300359 1.68106e-20)
(-0.212455 -0.322906 -1.66536e-19)
(0.312483 0.56077 5.20343e-19)
(0.694123 1.18554 -4.0456e-19)
(0.793454 1.3907 3.29952e-19)
(0.810404 1.38834 2.34085e-19)
(0.783371 1.35504 1.97948e-20)
(0.770604 1.30602 2.63677e-19)
(0.755833 1.26095 0)
(0.755248 1.22013 -2.94928e-20)
(0.773211 1.19727 0)
(0.846719 1.20859 3.89751e-19)
(0.939795 1.37256 -2.18202e-19)
(0.917595 1.85836 2.76562e-20)
(1.15951 2.71701 2.90217e-19)
(1.35953 3.19642 3.60328e-19)
(1.33518 3.16602 -1.49067e-19)
(0.991759 2.61675 3.46861e-19)
(0.307618 1.01086 -1.38436e-18)
(-0.339683 -0.178804 -7.59588e-19)
(-0.470878 -0.540156 -3.17014e-19)
(-0.351142 -0.571823 1.50505e-18)
(0.292225 0.566281 5.04077e-21)
(0.65593 1.20185 2.02109e-19)
(0.748956 1.40952 0)
(0.76828 1.40617 4.29814e-19)
(0.744111 1.36931 -6.55448e-19)
(0.7348 1.3153 2.52231e-19)
(0.726139 1.26197 -1.82447e-19)
(0.733843 1.20862 3.40662e-19)
(0.775785 1.15438 -3.55578e-19)
(0.907905 1.14672 5.44787e-20)
(1.07055 1.38449 -3.48276e-19)
(1.08067 1.94272 -3.29422e-19)
(1.23818 2.71815 9.08142e-20)
(1.49736 3.18087 -5.33385e-19)
(1.45222 3.14541 -6.51763e-19)
(1.08322 2.54886 1.16597e-18)
(0.385008 0.967959 -1.20034e-18)
(-0.342497 -0.257921 7.35393e-19)
(-0.551998 -0.769781 -1.48568e-20)
(-0.457573 -0.811 -1.68889e-18)
(0.271538 0.570673 9.24765e-19)
(0.614529 1.21965 -1.92151e-19)
(0.700037 1.42701 -5.47898e-19)
(0.719415 1.42103 4.44745e-19)
(0.696967 1.37993 -2.94712e-19)
(0.690994 1.32076 4.67374e-19)
(0.687007 1.25854 3.21683e-19)
(0.703651 1.18205 0)
(0.760939 1.08686 4.30069e-19)
(0.931802 1.08221 -7.02851e-20)
(1.14035 1.40022 8.27063e-20)
(1.29703 2.00051 4.69465e-19)
(1.3859 2.68881 6.12377e-20)
(1.65549 3.14165 4.03022e-20)
(1.66811 3.07912 -8.48073e-19)
(1.40182 2.53371 -4.8755e-19)
(0.751341 1.19843 1.30238e-18)
(-0.0356502 -0.172339 5.68791e-19)
(-0.447434 -0.910155 1.72074e-19)
(-0.48832 -0.976429 1.49478e-18)
(0.248757 0.573062 0)
(0.567955 1.23434 1.74778e-19)
(0.644927 1.44354 -2.48316e-19)
(0.665196 1.43641 4.1736e-19)
(0.643699 1.39073 -5.72777e-19)
(0.639105 1.3245 2.27117e-19)
(0.635086 1.24998 0)
(0.657888 1.14508 0)
(0.71344 1.02616 0)
(0.892734 1.0308 1.76227e-19)
(1.13979 1.40391 -1.53313e-19)
(1.44069 2.09442 2.77414e-19)
(1.46243 2.74498 3.80846e-19)
(1.65395 3.1199 2.37937e-19)
(1.67803 2.98065 -3.93603e-19)
(1.45094 2.45735 6.04836e-19)
(0.914871 1.30367 1.40596e-20)
(0.243036 -0.0774636 -9.0074e-19)
(-0.178077 -0.745465 4.26893e-20)
(-0.349969 -0.884229 0)
(0.224884 0.575761 8.1136e-19)
(0.519774 1.25481 -1.63445e-19)
(0.584972 1.45985 -2.1093e-21)
(0.602499 1.44988 0)
(0.579572 1.39984 -2.62194e-19)
(0.574038 1.32814 1.07226e-20)
(0.565364 1.24021 0)
(0.580733 1.11447 1.18122e-19)
(0.613414 0.988073 -9.29759e-20)
(0.757425 0.992714 0)
(1.04233 1.4209 0)
(1.43331 2.2194 -4.20457e-19)
(1.43037 2.80559 -3.42694e-19)
(1.58015 3.10461 1.13478e-20)
(1.58974 2.93041 -2.11933e-20)
(1.39501 2.44365 1.01965e-19)
(0.926179 1.40541 0)
(0.415566 0.157824 -3.64222e-20)
(0.0243241 -0.42409 3.94321e-21)
(-0.190237 -0.600558 -1.43309e-19)
(0.198606 0.575556 6.5625e-19)
(0.466025 1.26952 -1.49178e-19)
(0.521443 1.47829 2.11742e-19)
(0.536046 1.46675 -5.29517e-19)
(0.509838 1.41439 0)
(0.497303 1.33772 0)
(0.476837 1.24134 0)
(0.465648 1.11057 1.14194e-19)
(0.453506 0.99213 -8.99201e-20)
(0.535201 0.999414 0)
(0.717706 1.48093 0)
(1.26502 2.34493 7.81948e-19)
(1.28279 2.91275 -1.52498e-19)
(1.39653 3.10929 2.32117e-19)
(1.40447 2.94368 -1.56197e-19)
(1.24368 2.49152 0)
(0.863948 1.46486 1.26534e-19)
(0.494479 0.435513 6.19824e-20)
(0.179511 0.00855176 -1.2857e-18)
(-0.0417877 -0.224299 1.50351e-18)
(0.171931 0.575539 -5.91984e-19)
(0.414771 1.29844 1.63813e-19)
(0.453376 1.50289 4.35213e-19)
(0.460713 1.48795 3.05296e-19)
(0.429786 1.43637 -2.43005e-19)
(0.407578 1.36178 -1.64009e-19)
(0.37205 1.26667 1.20443e-19)
(0.324691 1.14773 0)
(0.259094 1.04835 0)
(0.245259 1.08312 0)
(0.280461 1.56115 -5.11804e-19)
(0.782968 2.53724 -7.26936e-19)
(0.852711 3.05327 1.51423e-19)
(0.96326 3.17311 -6.83999e-20)
(1.00775 2.95399 -5.21636e-20)
(0.976137 2.46215 0)
(0.761246 1.44554 -2.71883e-19)
(0.487104 0.752347 1.50222e-18)
(0.272698 0.459879 -3.47694e-18)
(0.0632142 0.135141 1.98742e-18)
(0.140473 0.564455 6.12763e-19)
(0.359638 1.31501 -5.03753e-19)
(0.385358 1.53084 0)
(0.387029 1.52068 1.44536e-19)
(0.352142 1.47155 9.99574e-20)
(0.317313 1.40448 2.25629e-19)
(0.264306 1.32149 -1.12634e-19)
(0.186777 1.22704 0)
(0.0710801 1.15272 0)
(-0.0441447 1.21672 -4.55618e-19)
(-0.118429 1.68131 1.20098e-19)
(0.291217 2.6527 3.43018e-19)
(0.37729 3.07402 1.00137e-19)
(0.562039 3.12452 -2.12559e-19)
(0.641977 2.75109 6.58579e-19)
(0.693184 2.19727 -1.03309e-18)
(0.587868 1.45961 8.11841e-19)
(0.433898 1.06775 0)
(0.285622 0.829203 5.55702e-20)
(0.102952 0.387186 -2.08449e-18)
(0.109103 0.550918 6.16885e-19)
(0.303933 1.34571 0)
(0.315618 1.56777 0)
(0.314181 1.56253 0)
(0.273911 1.51915 7.90773e-20)
(0.229704 1.46452 -2.06324e-19)
(0.167461 1.4003 -8.78358e-20)
(0.0736056 1.33435 0)
(-0.0658884 1.29077 0)
(-0.239941 1.36387 2.82463e-19)
(-0.358294 1.77992 2.16091e-19)
(-0.0268582 2.62251 -1.22088e-19)
(0.110825 2.91825 -9.12848e-20)
(0.357797 2.85165 -1.9244e-19)
(0.456188 2.4205 3.30664e-19)
(0.516529 1.97468 -4.40821e-19)
(0.460211 1.55252 4.55737e-19)
(0.363937 1.32957 0)
(0.260335 1.09119 -5.18985e-20)
(0.102481 0.527636 -9.6317e-19)
(0.0730308 0.504469 -5.71437e-19)
(0.250368 1.35073 1.96516e-19)
(0.256036 1.61138 2.83092e-19)
(0.249528 1.61692 -2.24679e-20)
(0.20483 1.57874 -1.67812e-19)
(0.158351 1.53638 -1.04326e-19)
(0.0947401 1.4911 2.3785e-19)
(-0.000466286 1.45152 -9.63907e-21)
(-0.13467 1.43568 0)
(-0.307748 1.50334 5.10395e-20)
(-0.424787 1.82363 1.08389e-20)
(-0.177808 2.46528 1.45427e-20)
(0.0321451 2.64761 0)
(0.255083 2.49934 8.64043e-20)
(0.349241 2.16455 0)
(0.377917 1.88753 9.59559e-20)
(0.340789 1.66513 5.47223e-20)
(0.278014 1.51934 0)
(0.209476 1.25666 0)
(0.0822545 0.596744 -8.00966e-19)
(0.0379559 0.42917 4.54395e-19)
(0.197189 1.34869 -1.69926e-19)
(0.193916 1.64955 1.21783e-19)
(0.184322 1.67119 -1.87475e-19)
(0.142468 1.64172 7.1626e-20)
(0.102927 1.61272 -2.18368e-20)
(0.0437669 1.5823 1.38968e-20)
(-0.0383438 1.56233 -3.21262e-20)
(-0.147559 1.56628 -1.80614e-20)
(-0.276136 1.626 -5.362e-21)
(-0.397573 1.83424 9.40682e-21)
(-0.212353 2.25137 0)
(-0.00196654 2.35307 2.62839e-20)
(0.159945 2.22628 0)
(0.229825 2.02951 0)
(0.240743 1.87982 0)
(0.222801 1.76183 3.63123e-19)
(0.183971 1.6474 -9.42191e-19)
(0.144053 1.36155 5.61649e-21)
(0.0541847 0.645996 6.58754e-19)
(-0.00275909 0.268901 7.68209e-20)
(0.136355 1.28362 6.88932e-20)
(0.134125 1.67658 -5.61789e-20)
(0.129384 1.72615 -3.69868e-20)
(0.0961262 1.70622 2.99402e-20)
(0.0607294 1.68177 2.04118e-20)
(0.0136635 1.66144 1.34388e-20)
(-0.0490087 1.65216 0)
(-0.127523 1.66342 -6.86878e-21)
(-0.209019 1.71403 -1.64267e-21)
(-0.282265 1.83588 -4.44833e-21)
(-0.18354 2.06498 0)
(-0.0323163 2.12639 2.78561e-21)
(0.0687481 2.05761 -3.19026e-20)
(0.112619 1.9595 0)
(0.117561 1.88235 0)
(0.110484 1.81713 -2.07075e-20)
(0.0872574 1.72102 0)
(0.0697179 1.43291 -1.55382e-20)
(0.0200473 0.697886 0)
(-0.021889 0.153613 0)
(0.060561 1.15872 0)
(0.0660571 1.65731 0)
(0.0700524 1.76222 0)
(0.0509547 1.75851 -6.74824e-34)
(0.0256062 1.73834 4.75995e-34)
(-0.00587851 1.72305 0)
(-0.0490388 1.71653 0)
(-0.101798 1.72598 0)
(-0.152669 1.76368 0)
(-0.190546 1.83769 0)
(-0.141865 1.96207 0)
(-0.0482648 2.00123 0)
(0.0131714 1.96933 0)
(0.0415172 1.92116 0)
(0.0457525 1.87993 0)
(0.0433651 1.84208 0)
(0.0284341 1.76578 0)
(0.0209099 1.499 0)
(-0.00280736 0.760267 0)
(-0.0191811 0.14239 0)
(0.0136947 1.06678 0)
(0.012217 1.63481 0)
(0.0229611 1.77898 0)
(0.0117477 1.78973 0)
(-0.00249457 1.77792 0)
(-0.0217191 1.7661 0)
(-0.0490607 1.76133 0)
(-0.0826833 1.76701 0)
(-0.113772 1.79208 0)
(-0.134918 1.84091 0)
(-0.108737 1.91139 0)
(-0.0528513 1.93691 0)
(-0.0148733 1.9232 0)
(0.00436509 1.89983 0)
(0.00939648 1.87758 0)
(0.0101065 1.85485 0)
(0.000952495 1.79012 0)
(0.00156424 1.52637 0)
(-0.00674273 0.764203 0)
(-0.0163966 0.177073 0)
(-0.0151236 1.05032 0)
(-0.0148008 1.61471 0)
(-0.00794293 1.7785 0)
(-0.0152708 1.80176 0)
(-0.021169 1.79802 0)
(-0.0321694 1.79056 0)
(-0.0482949 1.78871 0)
(-0.0689696 1.79226 0)
(-0.0875071 1.8092 0)
(-0.0980094 1.84237 0)
(-0.0837109 1.88354 0)
(-0.0513673 1.90045 0)
(-0.0280601 1.89649 0)
(-0.0149666 1.88697 0)
(-0.00984758 1.8763 0)
(-0.00691561 1.86297 0)
(-0.00924762 1.80409 0)
(-0.0071006 1.53542 0)
(-0.00689657 0.751543 0)
(-0.0154533 0.248181 0)
(-0.0216198 1.06218 0)
(-0.0268957 1.59834 0)
(-0.0219255 1.76892 0)
(-0.0280887 1.80198 0)
(-0.0307893 1.8047 0)
(-0.0369049 1.80229 0)
(-0.0465279 1.80293 0)
(-0.058524 1.80664 0)
(-0.0698719 1.8192 0)
(-0.0743357 1.84264 0)
(-0.0655498 1.8687 0)
(-0.0466952 1.8805 0)
(-0.0321504 1.88122 0)
(-0.0231228 1.87868 0)
(-0.0180315 1.87422 0)
(-0.0140877 1.86575 0)
(-0.0151555 1.8073 0)
(-0.0104812 1.52853 0)
(-0.00788094 0.719892 0)
(-0.0108204 0.315877 0)
(-0.0252739 1.09397 0)
(-0.0311018 1.59676 0)
(-0.0263709 1.76175 0)
(-0.0298045 1.79894 0)
(-0.0316918 1.80503 0)
(-0.0355158 1.80617 0)
(-0.0423229 1.80885 0)
(-0.0492095 1.81387 0)
(-0.0566485 1.82419 0)
(-0.0585049 1.84197 0)
(-0.0523128 1.86007 0)
(-0.0409796 1.86884 0)
(-0.0313257 1.87157 0)
(-0.0250235 1.87191 0)
(-0.0207655 1.87029 0)
(-0.0180595 1.86366 0)
(-0.0181687 1.8031 0)
(-0.0137643 1.51034 0)
(-0.00743218 0.677612 0)
(-0.00595756 0.374396 0)
(-0.0230474 1.1372 0)
(-0.0302993 1.60212 0)
(-0.0268154 1.76181 0)
(-0.0286278 1.79883 0)
(-0.0294689 1.80536 0)
(-0.032419 1.80759 0)
(-0.037629 1.81209 0)
(-0.0414063 1.81802 0)
(-0.0464766 1.82655 0)
(-0.0471975 1.84046 0)
(-0.0423531 1.85349 0)
(-0.0350724 1.86037 0)
(-0.0282514 1.86366 0)
(-0.0238567 1.86526 0)
(-0.0206328 1.86519 0)
(-0.0185704 1.85932 0)
(-0.0180412 1.79608 0)
(-0.0137104 1.48655 0)
(-0.00518288 0.639222 0)
(-0.00265827 0.419381 0)
(-0.0174142 1.17735 0)
(-0.0258918 1.61339 0)
(-0.0251731 1.76473 0)
(-0.0268071 1.80123 0)
(-0.0271788 1.80789 0)
(-0.0279282 1.8098 0)
(-0.031453 1.81355 0)
(-0.034129 1.81905 0)
(-0.0378658 1.82671 0)
(-0.0381481 1.83782 0)
(-0.0344303 1.84774 0)
(-0.0294831 1.85342 0)
(-0.0246933 1.85683 0)
(-0.0216371 1.8587 0)
(-0.018919 1.85946 0)
(-0.0172715 1.85389 0)
(-0.0159411 1.7873 0)
(-0.0114381 1.46298 0)
(-0.00291655 0.609013 0)
(-0.000641224 0.448903 0)
(-0.0120107 1.21232 0)
(-0.0197865 1.62831 0)
(-0.0214829 1.7706 0)
(-0.023978 1.8055 0)
(-0.0246951 1.81177 0)
(-0.0252159 1.81346 0)
(-0.0271408 1.81693 0)
(-0.0282659 1.82098 0)
(-0.0305723 1.82722 0)
(-0.0306297 1.83578 0)
(-0.0279552 1.84342 0)
(-0.0246244 1.84801 0)
(-0.0211821 1.85113 0)
(-0.0187708 1.85314 0)
(-0.0163872 1.8543 0)
(-0.0144814 1.84845 0)
(-0.0127112 1.77838 0)
(-0.00862366 1.44174 0)
(-0.00150629 0.587296 0)
(0.000106864 0.467131 0)
(-0.00827294 1.24166 0)
(-0.0150623 1.64413 0)
(-0.0181318 1.77774 0)
(-0.0199434 1.81009 0)
(-0.0214133 1.81547 0)
(-0.0221159 1.81716 0)
(-0.0235595 1.82028 0)
(-0.0239826 1.82365 0)
(-0.0251369 1.82865 0)
(-0.0248954 1.83496 0)
(-0.0229938 1.84063 0)
(-0.0205688 1.84421 0)
(-0.0179328 1.84695 0)
(-0.0158153 1.84892 0)
(-0.0135254 1.85006 0)
(-0.0117951 1.84355 0)
(-0.00987007 1.77011 0)
(-0.00643106 1.42381 0)
(-0.000886662 0.572059 0)
(5.33321e-05 0.479364 0)
(-0.00628665 1.2656 0)
(-0.0122703 1.65872 0)
(-0.0161264 1.78412 0)
(-0.0164567 1.8131 0)
(-0.0182337 1.81717 0)
(-0.01884 1.81928 0)
(-0.0203661 1.82226 0)
(-0.0205524 1.82538 0)
(-0.0211274 1.82965 0)
(-0.0206523 1.83451 0)
(-0.0191479 1.83877 0)
(-0.0172132 1.8417 0)
(-0.0150189 1.84413 0)
(-0.0131497 1.84587 0)
(-0.0110772 1.84669 0)
(-0.00978755 1.83938 0)
(-0.00785289 1.7631 0)
(-0.00496886 1.40937 0)
(-0.000665431 0.560916 0)
(-0.00013625 0.489099 0)
(-0.00522507 1.2851 0)
(-0.0104789 1.67121 0)
(-0.0146523 1.78897 0)
(-0.0138291 1.81443 0)
(-0.0157289 1.81758 0)
(-0.0155438 1.81965 0)
(-0.017149 1.82229 0)
(-0.0173756 1.82554 0)
(-0.0178439 1.82957 0)
(-0.017299 1.83372 0)
(-0.015994 1.83721 0)
(-0.0143495 1.83967 0)
(-0.0124492 1.8417 0)
(-0.0109407 1.84311 0)
(-0.00912997 1.84359 0)
(-0.0081874 1.83555 0)
(-0.00635869 1.75704 0)
(-0.00393103 1.39767 0)
(-0.000540495 0.552206 0)
(-0.000154688 0.497294 0)
(-0.00414829 1.3013 0)
(-0.00861787 1.68262 0)
(-0.0127273 1.79348 0)
(-0.0114784 1.8156 0)
(-0.0136207 1.81848 0)
(-0.0128413 1.8203 0)
(-0.0143668 1.8225 0)
(-0.0143981 1.82546 0)
(-0.0148834 1.82917 0)
(-0.0143437 1.83287 0)
(-0.0132312 1.83579 0)
(-0.0118156 1.8379 0)
(-0.0102657 1.83953 0)
(-0.00906622 1.84063 0)
(-0.00746988 1.84086 0)
(-0.00671452 1.8322 0)
(-0.00508633 1.75191 0)
(-0.00306953 1.38828 0)
(-0.000417401 0.545331 0)
(-9.69894e-05 0.503657 0)
(-0.0030162 1.31435 0)
(-0.00667499 1.69291 0)
(-0.0103748 1.79784 0)
(-0.00920252 1.81694 0)
(-0.0114645 1.81983 0)
(-0.0105904 1.82142 0)
(-0.0120707 1.82341 0)
(-0.0118852 1.82585 0)
(-0.0122787 1.82898 0)
(-0.0117032 1.83207 0)
(-0.0108175 1.83451 0)
(-0.00966137 1.8362 0)
(-0.00836595 1.83748 0)
(-0.00738153 1.83833 0)
(-0.00599378 1.83837 0)
(-0.00535691 1.8292 0)
(-0.00399885 1.74749 0)
(-0.00234549 1.38076 0)
(-0.000309397 0.540003 0)
(-7.65543e-05 0.508213 0)
(-0.00210883 1.32428 0)
(-0.00500961 1.70161 0)
(-0.00808984 1.80171 0)
(-0.00724692 1.81828 0)
(-0.00936947 1.82112 0)
(-0.00869654 1.82245 0)
(-0.0101371 1.82438 0)
(-0.00993366 1.82642 0)
(-0.010239 1.82905 0)
(-0.00962682 1.83154 0)
(-0.00884284 1.83348 0)
(-0.00785603 1.83485 0)
(-0.00677103 1.83591 0)
(-0.00593272 1.83657 0)
(-0.00477344 1.83644 0)
(-0.00422961 1.82687 0)
(-0.00315163 1.74398 0)
(-0.00179805 1.37488 0)
(-0.000237455 0.535949 0)
(-8.79295e-05 0.511473 0)
(-0.00152003 1.33154 0)
(-0.00376644 1.70849 0)
(-0.00615073 1.80491 0)
(-0.00567974 1.81961 0)
(-0.00745248 1.82222 0)
(-0.00703345 1.82326 0)
(-0.00831329 1.82504 0)
(-0.00819387 1.82675 0)
(-0.00844741 1.829 0)
(-0.00786778 1.83103 0)
(-0.00719597 1.83262 0)
(-0.00634817 1.83374 0)
(-0.00542043 1.83458 0)
(-0.00470727 1.83507 0)
(-0.00378313 1.83482 0)
(-0.00331793 1.82495 0)
(-0.00249028 1.74111 0)
(-0.00138708 1.37027 0)
(-0.000185803 0.532827 0)
(-9.09935e-05 0.513914 0)
(-0.00113344 1.33683 0)
(-0.0028565 1.71368 0)
(-0.00461914 1.80739 0)
(-0.00448481 1.82079 0)
(-0.0058674 1.82312 0)
(-0.00568999 1.82392 0)
(-0.00672688 1.82547 0)
(-0.00670006 1.82689 0)
(-0.00691298 1.82881 0)
(-0.0064155 1.83051 0)
(-0.00582384 1.83187 0)
(-0.00510261 1.83281 0)
(-0.00433463 1.83351 0)
(-0.00373346 1.83391 0)
(-0.00300693 1.83356 0)
(-0.00260879 1.82349 0)
(-0.00198233 1.73887 0)
(-0.00108154 1.36665 0)
(-0.000145599 0.530403 0)
(-7.67727e-05 0.515778 0)
(-0.000841669 1.34074 0)
(-0.00214315 1.71766 0)
(-0.00340799 1.80951 0)
(-0.00351288 1.82207 0)
(-0.00455865 1.82407 0)
(-0.00458937 1.8247 0)
(-0.00539362 1.82598 0)
(-0.00544305 1.82712 0)
(-0.00560835 1.82872 0)
(-0.00519669 1.83013 0)
(-0.00470422 1.83126 0)
(-0.00409328 1.83204 0)
(-0.00346615 1.83261 0)
(-0.00296641 1.83292 0)
(-0.00239998 1.8325 0)
(-0.00205416 1.82229 0)
(-0.0015738 1.73706 0)
(-0.000840271 1.36377 0)
(-0.00011235 0.528509 0)
(-6.06439e-05 0.517204 0)
(-0.00063387 1.34367 0)
(-0.00162034 1.72061 0)
(-0.00251391 1.81112 0)
(-0.00273875 1.82314 0)
(-0.00350306 1.82483 0)
(-0.00366058 1.82535 0)
(-0.00426782 1.82638 0)
(-0.00436982 1.82731 0)
(-0.00449403 1.82861 0)
(-0.0041792 1.82977 0)
(-0.00378325 1.83073 0)
(-0.00328742 1.83138 0)
(-0.00277525 1.83187 0)
(-0.0023491 1.83213 0)
(-0.00189951 1.83166 0)
(-0.00160057 1.82134 0)
(-0.00123 1.73563 0)
(-0.000645284 1.36153 0)
(-8.36776e-05 0.527051 0)
(-4.63233e-05 0.518259 0)
(-0.000471571 1.34583 0)
(-0.00121029 1.7228 0)
(-0.00184388 1.81243 0)
(-0.00211417 1.8241 0)
(-0.00267407 1.82554 0)
(-0.00289565 1.82596 0)
(-0.003355 1.82677 0)
(-0.00349571 1.82751 0)
(-0.0035903 1.82856 0)
(-0.00335657 1.82951 0)
(-0.00303547 1.8303 0)
(-0.00262446 1.83086 0)
(-0.00221207 1.83125 0)
(-0.00186365 1.83147 0)
(-0.00151332 1.83096 0)
(-0.0012634 1.82055 0)
(-0.000973012 1.73447 0)
(-0.000500437 1.35974 0)
(-6.33919e-05 0.525923 0)
(-3.47271e-05 0.519077 0)
(-0.000358769 1.34747 0)
(-0.000917154 1.72442 0)
(-0.00136907 1.81342 0)
(-0.0016273 1.82484 0)
(-0.00203633 1.82608 0)
(-0.00227168 1.82644 0)
(-0.00262046 1.82706 0)
(-0.00277136 1.82768 0)
(-0.00285939 1.82854 0)
(-0.00268532 1.82933 0)
(-0.00242876 1.82999 0)
(-0.00210373 1.83046 0)
(-0.00177742 1.83079 0)
(-0.00148962 1.83098 0)
(-0.00120708 1.83043 0)
(-0.000993397 1.81996 0)
(-0.000761364 1.73357 0)
(-0.000385741 1.35836 0)
(-4.78396e-05 0.525061 0)
(-2.64419e-05 0.519678 0)
(-0.000274824 1.3487 0)
(-0.000699225 1.72563 0)
(-0.00103099 1.81421 0)
(-0.00125838 1.82547 0)
(-0.00156151 1.82656 0)
(-0.00178072 1.82685 0)
(-0.00204941 1.82732 0)
(-0.00219915 1.82782 0)
(-0.00226608 1.82849 0)
(-0.00214573 1.82915 0)
(-0.00194323 1.8297 0)
(-0.00167803 1.83009 0)
(-0.00140832 1.83037 0)
(-0.00117025 1.83052 0)
(-0.000943284 1.82995 0)
(-0.000767032 1.81942 0)
(-0.000583271 1.73282 0)
(-0.00029107 1.35728 0)
(-3.42072e-05 0.524398 0)
(-1.84036e-05 0.520148 0)
(-0.000207104 1.34963 0)
(-0.000524322 1.72652 0)
(-0.000763332 1.81478 0)
(-0.00094608 1.82592 0)
(-0.00116895 1.82691 0)
(-0.00135345 1.82716 0)
(-0.00155327 1.82752 0)
(-0.00168365 1.82793 0)
(-0.00173762 1.82849 0)
(-0.00165896 1.82904 0)
(-0.00150385 1.82951 0)
(-0.00129947 1.82984 0)
(-0.00109785 1.83008 0)
(-0.000914503 1.83021 0)
(-0.000738088 1.8296 0)
(-0.000597217 1.81903 0)
(-0.000453503 1.73227 0)
(-0.000223829 1.35646 0)
(-2.4712e-05 0.523903 0)
(-1.12813e-05 0.520495 0)
(-0.000154952 1.35035 0)
(-0.000401887 1.72721 0)
(-0.000582368 1.81526 0)
(-0.000729416 1.82631 0)
(-0.000900453 1.82723 0)
(-0.00105667 1.82744 0)
(-0.00121519 1.82772 0)
(-0.00133051 1.82805 0)
(-0.00138052 1.8285 0)
(-0.00132086 1.82896 0)
(-0.0011996 1.82934 0)
(-0.0010385 1.82962 0)
(-0.000877598 1.82981 0)
(-0.000725578 1.82992 0)
(-0.000581314 1.8293 0)
(-0.000465365 1.8187 0)
(-0.000350776 1.73181 0)
(-0.000170579 1.35581 0)
(-1.74375e-05 0.523519 0)
(-9.03039e-06 0.520736 0)
(-0.000109065 1.35087 0)
(-0.000279952 1.72772 0)
(-0.000407556 1.81559 0)
(-0.000514336 1.82656 0)
(-0.000633067 1.82743 0)
(-0.000744867 1.8276 0)
(-0.000858486 1.82783 0)
(-0.000944502 1.82811 0)
(-0.00098149 1.82849 0)
(-0.000940636 1.82889 0)
(-0.000854362 1.82923 0)
(-0.000738256 1.82947 0)
(-0.000620795 1.82964 0)
(-0.000512312 1.82973 0)
(-0.000409944 1.82908 0)
(-0.000326278 1.81846 0)
(-0.000243469 1.73148 0)
(-0.000116526 1.35533 0)
(-1.06126e-05 0.523253 0)
(-5.71469e-06 0.520934 0)
(-9.18311e-05 1.35123 0)
(-0.000237118 1.72805 0)
(-0.000341065 1.81584 0)
(-0.000429335 1.82677 0)
(-0.000528034 1.82761 0)
(-0.000623292 1.82777 0)
(-0.00070409 1.82795 0)
(-0.000766606 1.82819 0)
(-0.000792088 1.8285 0)
(-0.000761004 1.82884 0)
(-0.00069552 1.82913 0)
(-0.000608157 1.82934 0)
(-0.000520049 1.82949 0)
(-0.000429963 1.82956 0)
(-0.000342508 1.8289 0)
(-0.000271258 1.81826 0)
(-0.000202749 1.73122 0)
(-9.58517e-05 1.355 0)
(-7.57121e-06 0.523052 0)
(-1.74775e-06 0.521083 0)
(-5.13722e-05 1.35163 0)
(-0.000136868 1.72844 0)
(-0.000193196 1.81608 0)
(-0.00023476 1.82695 0)
(-0.000276762 1.82775 0)
(-0.000313913 1.82788 0)
(-0.000349394 1.82802 0)
(-0.000375486 1.82822 0)
(-0.000382014 1.8285 0)
(-0.000366723 1.82881 0)
(-0.000334854 1.82907 0)
(-0.000294478 1.82925 0)
(-0.000255604 1.82938 0)
(-0.000220306 1.82943 0)
(-0.000182395 1.82876 0)
(-0.000149719 1.81809 0)
(-0.000115194 1.73099 0)
(-5.52959e-05 1.35465 0)
(-3.67929e-06 0.522888 0)
(-0.315063 1.7775 1.99959e-22)
(0.445243 3.30613 -2.14345e-19)
(0.109213 3.52182 3.3119e-19)
(0.229482 3.47561 0)
(0.201142 3.4139 0)
(0.193872 3.35713 -1.84691e-19)
(0.196433 3.32888 2.4849e-19)
(0.167109 3.2711 -2.61354e-19)
(0.140459 3.15406 5.36592e-21)
(0.13907 2.56934 4.29006e-19)
(-0.0979606 2.47548 6.75962e-23)
(0.167546 3.36087 1.87768e-19)
(0.0240951 3.46775 0)
(0.123015 3.41131 0)
(0.0984281 3.3611 5.48932e-21)
(0.103643 3.31565 4.21962e-19)
(0.0981692 3.27362 -2.6025e-19)
(0.0700926 3.2312 -5.15545e-21)
(0.0634882 3.06405 4.91325e-21)
(0.00544206 2.06497 0)
(-0.0253382 2.14725 -9.34589e-21)
(0.106373 3.1814 1.22194e-20)
(0.0464836 3.37088 0)
(0.0938822 3.34338 1.86368e-19)
(0.0722491 3.3095 -1.67979e-21)
(0.071841 3.28352 -2.35008e-19)
(0.0592791 3.26676 -3.35027e-19)
(0.0422085 3.24085 -2.86945e-22)
(0.0473852 3.11009 5.14356e-21)
(-0.0148939 2.20194 0)
(-0.0374992 2.07185 5.9174e-20)
(0.0374197 3.14887 0)
(-0.00405055 3.32519 -1.00687e-19)
(0.0355641 3.31257 -6.24564e-20)
(0.0268665 3.28962 8.91488e-21)
(0.0333414 3.26339 -1.73835e-19)
(0.0365595 3.24342 1.50958e-19)
(0.0282506 3.23036 -5.7871e-21)
(0.0463555 3.11953 7.92605e-21)
(0.00953161 2.24437 2.04919e-19)
(-0.0421676 2.0586 -5.17878e-20)
(0.0234842 3.10628 0)
(0.000345218 3.27659 2.36075e-19)
(0.0244367 3.26597 -1.37441e-19)
(0.0201547 3.24992 -7.8289e-22)
(0.0240493 3.2369 -7.84047e-21)
(0.0250905 3.23315 -1.51171e-20)
(0.0251405 3.22201 -2.11947e-19)
(0.0456504 3.12359 5.76251e-21)
(-0.00315666 2.3089 -4.32897e-19)
(-0.0522839 2.09463 0)
(-0.00441322 3.09491 -1.47871e-19)
(-0.0252381 3.25046 2.39775e-20)
(-0.00833702 3.25023 -1.05924e-20)
(-0.000793582 3.23423 1.0921e-20)
(0.00653887 3.22069 1.84037e-19)
(0.0197478 3.20957 1.9598e-19)
(0.0237489 3.20449 4.21302e-19)
(0.0433446 3.12328 2.3596e-19)
(0.0113589 2.35275 -1.60163e-20)
(-0.0470902 2.15742 0)
(-0.0159796 3.08886 1.52949e-19)
(-0.0161518 3.21718 -1.62908e-19)
(-0.00849142 3.2137 -1.19536e-20)
(0.00268933 3.20268 2.48689e-20)
(0.0104405 3.19478 3.97483e-22)
(0.0174778 3.19545 -1.36207e-20)
(0.022159 3.18981 -2.22387e-19)
(0.0430288 3.11915 -2.31125e-19)
(0.00390613 2.4184 -1.68378e-20)
(-0.050388 2.22779 1.91051e-19)
(-0.0267948 3.08756 -8.85952e-21)
(-0.0309522 3.19613 6.1437e-21)
(-0.0222614 3.19684 0)
(-0.0116007 3.18612 0)
(-0.000415835 3.17832 0)
(0.0150154 3.17065 0)
(0.0224437 3.16904 2.57458e-19)
(0.0416628 3.11334 -2.66827e-19)
(0.0156124 2.46392 2.60681e-19)
(-0.0441912 2.31544 2.61655e-20)
(-0.032118 3.0882 2.15291e-19)
(-0.0200394 3.17021 0)
(-0.0141384 3.1657 -1.43585e-20)
(-0.00349528 3.15762 1.46988e-20)
(0.00606227 3.1531 0)
(0.0147577 3.15508 -8.09623e-21)
(0.0203753 3.15259 -2.4983e-19)
(0.0401686 3.10812 2.67778e-19)
(0.0104987 2.53283 0)
(-0.0458788 2.39816 1.78192e-20)
(-0.0358394 3.08582 -3.32827e-19)
(-0.029755 3.15057 0)
(-0.0218874 3.14745 0)
(-0.0130056 3.1397 1.61706e-20)
(-0.00197043 3.13423 -1.37953e-19)
(0.012358 3.12802 -1.7132e-20)
(0.0199753 3.12874 1.48052e-19)
(0.0387847 3.0961 0)
(0.0193839 2.58037 0)
(-0.0376741 2.49891 -3.54532e-19)
(-0.0381691 3.08471 1.19853e-19)
(-0.0195651 3.12454 0)
(-0.0124316 3.11601 0)
(-0.00352641 3.10904 0)
(0.00563804 3.10575 2.86777e-19)
(0.0135466 3.10897 0)
(0.019227 3.1104 -1.5803e-19)
(0.0376251 3.08995 9.8401e-21)
(0.0149528 2.65363 1.68395e-19)
(-0.0395558 2.5816 1.28349e-19)
(-0.0398293 3.07317 -1.26408e-20)
(-0.0302019 3.1009 1.53041e-19)
(-0.0215161 3.09463 1.49141e-19)
(-0.0123033 3.08813 0)
(-0.000848974 3.08438 -1.48587e-19)
(0.0131098 3.0808 0)
(0.0215353 3.08461 0)
(0.0385179 3.07256 0)
(0.0223654 2.70664 -1.69177e-19)
(-0.0337517 2.68632 -1.40839e-19)
(-0.043108 3.06486 1.45639e-19)
(-0.0224323 3.07231 -1.44352e-19)
(-0.0126044 3.06194 -2.29194e-19)
(-0.00270819 3.05643 0)
(0.00752399 3.05476 2.06165e-20)
(0.0163041 3.05913 -1.05115e-20)
(0.0242225 3.06279 7.91999e-20)
(0.041559 3.0608 9.82509e-20)
(0.0205858 2.77996 -1.01172e-19)
(-0.0351333 2.76623 1.44474e-19)
(-0.0464358 3.04263 -1.39798e-19)
(-0.033784 3.04539 1.00738e-20)
(-0.0213387 3.04003 5.87259e-20)
(-0.0111603 3.0362 -8.54696e-20)
(-2.23231e-06 3.03377 0)
(0.0142892 3.03136 9.2083e-20)
(0.0262065 3.03532 4.94143e-21)
(0.0446018 3.03678 -1.91245e-19)
(0.0288454 2.83245 -6.54093e-21)
(-0.0294021 2.86129 -4.26188e-20)
(-0.0441629 3.02384 1.03179e-20)
(-0.0227609 3.01789 -5.36805e-20)
(-0.0110157 3.0143 2.19778e-20)
(-0.00204563 3.01401 1.04268e-19)
(0.00648426 3.0135 -4.45514e-20)
(0.0139561 3.01471 -4.37781e-20)
(0.0227299 3.01676 -4.56488e-20)
(0.0418548 3.02125 9.87785e-20)
(0.0245822 2.90014 4.77328e-20)
(-0.0174263 2.93595 3.4243e-20)
(-0.0259415 2.99882 1.51644e-20)
(-0.0159114 3.00064 2.95739e-20)
(-0.00924083 3.00158 -6.05786e-20)
(-0.00400261 3.00261 2.05191e-20)
(0.000735345 3.00213 4.15723e-20)
(0.00598297 3.00056 -4.33708e-20)
(0.0111821 2.99894 -4.55255e-20)
(0.0219547 2.99757 6.228e-21)
(0.0166015 2.94915 4.40793e-20)
)
;

boundaryField
{
    wall-4
    {
        type            noSlip;
    }
    pressure-outlet-7
    {
        type            zeroGradient;
    }
    velocity-inlet-6
    {
        type            fixedValue;
        value           uniform (0 3 0);
    }
    velocity-inlet-5
    {
        type            fixedValue;
        value           uniform (1 0 0);
    }
    frontAndBackPlanes
    {
        type            empty;
    }
}


// ************************************************************************* //
