/*--------------------------------*- C++ -*----------------------------------*\
| =========                 |                                                 |
| \\      /  F ield         | OpenFOAM: The Open Source CFD Toolbox           |
|  \\    /   O peration     | Version:  4.0                                   |
|   \\  /    A nd           | Web:      www.OpenFOAM.org                      |
|    \\/     M anipulation  |                                                 |
\*---------------------------------------------------------------------------*/
FoamFile
{
    version     2.0;
    format      ascii;
    class       volVectorField;
    location    "46";
    object      U;
}
// * * * * * * * * * * * * * * * * * * * * * * * * * * * * * * * * * * * * * //

dimensions      [0 1 -1 0 0 0 0];

internalField   nonuniform List<vector> 
2200
(
(0.878838 -0.030414 0)
(1.00578 -0.0512809 0)
(1.00328 -0.0354041 0)
(1.00024 -0.0244388 0)
(0.999853 -0.0166672 0)
(1.00003 -0.0107309 0)
(1.00003 -0.00686196 0)
(1.00003 -0.00423264 0)
(1.00002 -0.00226775 0)
(1.00017 -0.000732406 0)
(1.00004 0.000897354 0)
(0.999982 0.00243447 0)
(1 0.00439528 0)
(1.00011 0.00700211 0)
(1.00013 0.0108367 0)
(0.999928 0.0166593 0)
(1.00028 0.0244043 0)
(1.00348 0.0349759 0)
(1.00595 0.0513615 0)
(0.879007 0.0303232 0)
(0.712012 -0.0327654 0)
(0.996634 -0.0630249 0)
(1.03332 -0.0561567 0)
(1.02494 -0.0464357 0)
(1.01592 -0.0361292 0)
(1.00966 -0.0264238 0)
(1.00591 -0.0181549 0)
(1.00374 -0.0114303 0)
(1.00254 -0.00603847 0)
(1.002 -0.00150857 0)
(1.00201 0.00268966 0)
(1.00254 0.00717196 0)
(1.0037 0.0124312 0)
(1.00576 0.0190341 0)
(1.00941 0.0271241 0)
(1.01561 0.036879 0)
(1.02469 0.0472972 0)
(1.03311 0.0576843 0)
(0.99667 0.0631545 0)
(0.711799 0.0329967 0)
(0.535475 -0.0239019 0)
(0.969871 -0.0569568 0)
(1.05642 -0.0547776 0)
(1.05218 -0.048805 0)
(1.03615 -0.0404781 0)
(1.02438 -0.0323155 0)
(1.01587 -0.0240942 0)
(1.01037 -0.0162156 0)
(1.00718 -0.00896918 0)
(1.00564 -0.00234803 0)
(1.00554 0.00399643 0)
(1.00699 0.0105503 0)
(1.01012 0.0176463 0)
(1.01547 0.0252918 0)
(1.02409 0.0334137 0)
(1.0361 0.0413542 0)
(1.05214 0.0493984 0)
(1.05634 0.0536059 0)
(0.96922 0.0575919 0)
(0.534405 0.0239357 0)
(0.392214 -0.0136517 0)
(0.911752 -0.0464067 0)
(1.05744 -0.0469165 0)
(1.06958 -0.0443361 0)
(1.05491 -0.0382049 0)
(1.03931 -0.031515 0)
(1.02751 -0.0247239 0)
(1.01905 -0.0175436 0)
(1.0137 -0.0100708 0)
(1.01108 -0.00247722 0)
(1.01103 0.00506874 0)
(1.0135 0.0124503 0)
(1.01855 0.0196173 0)
(1.02689 0.0265257 0)
(1.03847 0.0329231 0)
(1.05391 0.0393718 0)
(1.06826 0.045447 0)
(1.05569 0.0481432 0)
(0.910078 0.0469131 0)
(0.390109 0.013758 0)
(0.307531 -0.00452069 0)
(0.846544 -0.0324148 0)
(1.04928 -0.0400025 0)
(1.07938 -0.0383146 0)
(1.06812 -0.0336719 0)
(1.05165 -0.0280452 0)
(1.03826 -0.0226537 0)
(1.02807 -0.0166098 0)
(1.02106 -0.009767 0)
(1.01718 -0.00223177 0)
(1.01685 0.00558523 0)
(1.02032 0.0129396 0)
(1.02717 0.0194221 0)
(1.03716 0.0251116 0)
(1.05042 0.0301832 0)
(1.06689 0.0355799 0)
(1.07794 0.0399546 0)
(1.04736 0.0415788 0)
(0.84319 0.0329293 0)
(0.304065 0.00470948 0)
(0.264043 9.22249e-05 0)
(0.788711 -0.020119 0)
(1.03313 -0.0315426 0)
(1.08341 -0.0321033 0)
(1.07727 -0.0288582 0)
(1.06079 -0.0240503 0)
(1.04711 -0.0195645 0)
(1.03621 -0.0144607 0)
(1.02839 -0.00839177 0)
(1.024 -0.00140236 0)
(1.02383 0.00598538 0)
(1.02767 0.0125999 0)
(1.0349 0.0182785 0)
(1.04542 0.0229584 0)
(1.05882 0.0269553 0)
(1.07498 0.0312964 0)
(1.0805 0.0340564 0)
(1.02942 0.0331664 0)
(0.783121 0.0206997 0)
(0.259238 0.000101947 0)
(0.240008 0.00105749 0)
(0.737944 -0.0123251 0)
(1.01357 -0.0251145 0)
(1.08392 -0.0269696 0)
(1.08278 -0.024697 0)
(1.06766 -0.0205972 0)
(1.05423 -0.0166386 0)
(1.04337 -0.0121255 0)
(1.03524 -0.00677735 0)
(1.0303 -0.000504571 0)
(1.02963 0.00619395 0)
(1.03368 0.0121682 0)
(1.04136 0.0169719 0)
(1.05182 0.0208748 0)
(1.06494 0.0242857 0)
(1.07978 0.027791 0)
(1.08035 0.0294419 0)
(1.00809 0.0269969 0)
(0.729698 0.013063 0)
(0.23371 -0.000860788 0)
(0.225588 0.000949521 0)
(0.694807 -0.00807826 0)
(0.992358 -0.0208107 0)
(1.08178 -0.0232033 0)
(1.08669 -0.0214192 0)
(1.0732 -0.0179066 0)
(1.05977 -0.0141339 0)
(1.04921 -0.00988063 0)
(1.04126 -0.00496861 0)
(1.03646 0.000700785 0)
(1.03601 0.00662338 0)
(1.03972 0.011871 0)
(1.04651 0.0160975 0)
(1.05637 0.0196377 0)
(1.06945 0.0226346 0)
(1.0821 0.025402 0)
(1.0759 0.0264306 0)
(0.983926 0.0231893 0)
(0.682993 0.00903806 0)
(0.217464 -0.000731855 0)
(0.215974 0.000621208 0)
(0.65949 -0.00571553 0)
(0.972397 -0.0177396 0)
(1.07927 -0.0203653 0)
(1.0898 -0.0188073 0)
(1.07785 -0.0157083 0)
(1.06456 -0.0121299 0)
(1.05416 -0.00809056 0)
(1.04634 -0.00334796 0)
(1.04132 0.00188111 0)
(1.04029 0.0072274 0)
(1.04364 0.0118882 0)
(1.05062 0.0157708 0)
(1.06016 0.0188982 0)
(1.0729 0.0216908 0)
(1.08402 0.023965 0)
(1.0719 0.0245805 0)
(0.960605 0.0206924 0)
(0.643446 0.00693986 0)
(0.205589 -0.000360956 0)
(0.208572 0.000273468 0)
(0.630246 -0.00428835 0)
(0.952437 -0.0152455 0)
(1.07567 -0.0182736 0)
(1.09301 -0.0170015 0)
(1.08258 -0.0140338 0)
(1.06905 -0.0104584 0)
(1.05857 -0.00641756 0)
(1.0508 -0.00190143 0)
(1.04593 0.00304234 0)
(1.04492 0.00805566 0)
(1.04778 0.0124574 0)
(1.05365 0.0159868 0)
(1.06304 0.0189262 0)
(1.07592 0.0213466 0)
(1.08493 0.0232212 0)
(1.06454 0.0232256 0)
(0.93586 0.0186983 0)
(0.608982 0.00575176 0)
(0.195424 1.03567e-05 0)
(0.202722 7.39698e-05 0)
(0.607182 -0.00320054 0)
(0.935097 -0.0126336 0)
(1.07283 -0.0157837 0)
(1.09617 -0.0147436 0)
(1.0871 -0.0121885 0)
(1.07355 -0.00873436 0)
(1.06287 -0.00487082 0)
(1.05492 -0.000234775 0)
(1.04979 0.00474185 0)
(1.04826 0.00951667 0)
(1.05086 0.0135055 0)
(1.05715 0.0167765 0)
(1.06626 0.0193776 0)
(1.07871 0.021622 0)
(1.08568 0.0227215 0)
(1.05889 0.0223093 0)
(0.91332 0.0170481 0)
(0.57973 0.00502587 0)
(0.18624 0.000286462 0)
(0.197945 7.94403e-06 0)
(0.588425 -0.00232405 0)
(0.918629 -0.0104187 0)
(1.06908 -0.0137021 0)
(1.0992 -0.0128037 0)
(1.09182 -0.0101849 0)
(1.07819 -0.00687968 0)
(1.06721 -0.00298982 0)
(1.05896 0.00135754 0)
(1.05346 0.00610906 0)
(1.05146 0.010695 0)
(1.05345 0.014774 0)
(1.05895 0.0177889 0)
(1.06825 0.0199573 0)
(1.08066 0.0216248 0)
(1.08551 0.0225504 0)
(1.04931 0.021449 0)
(0.888837 0.0155933 0)
(0.55292 0.00456936 0)
(0.177271 0.000447425 0)
(0.194389 1.5594e-05 0)
(0.573732 -0.00157277 0)
(0.904417 -0.00813762 0)
(1.06635 -0.0112376 0)
(1.1024 -0.0102901 0)
(1.09629 -0.00783346 0)
(1.08267 -0.00437561 0)
(1.07138 -0.00067518 0)
(1.06252 0.00373638 0)
(1.05634 0.0085889 0)
(1.05415 0.0130862 0)
(1.0563 0.0164774 0)
(1.06204 0.018905 0)
(1.07093 0.0207633 0)
(1.08244 0.0220291 0)
(1.08486 0.0224855 0)
(1.04178 0.0208931 0)
(0.867111 0.0145383 0)
(0.529672 0.0043055 0)
(0.168897 0.000528569 0)
(0.192144 3.03659e-05 0)
(0.563105 -0.000823966 0)
(0.892497 -0.00607431 0)
(1.06349 -0.00891487 0)
(1.10573 -0.00777175 0)
(1.10128 -0.00496732 0)
(1.08759 -0.00157138 0)
(1.07598 0.00225701 0)
(1.06684 0.00641017 0)
(1.06012 0.0107515 0)
(1.05677 0.0147132 0)
(1.05797 0.0179181 0)
(1.0632 0.0200346 0)
(1.07216 0.0213902 0)
(1.08329 0.0224596 0)
(1.08321 0.0227122 0)
(1.02992 0.0206292 0)
(0.842459 0.0137577 0)
(0.506707 0.00416571 0)
(0.160353 0.000579243 0)
(0.191189 9.16444e-05 0)
(0.555537 -0.000208131 0)
(0.882459 -0.00383022 0)
(1.06205 -0.0061098 0)
(1.10975 -0.00475686 0)
(1.10647 -0.00194745 0)
(1.09278 0.00177287 0)
(1.08069 0.00548821 0)
(1.07078 0.00964985 0)
(1.06332 0.0141896 0)
(1.05998 0.0183018 0)
(1.06108 0.0207413 0)
(1.06588 0.0220745 0)
(1.07452 0.0230535 0)
(1.08419 0.0236438 0)
(1.08125 0.023292 0)
(1.02034 0.020648 0)
(0.820919 0.013289 0)
(0.486538 0.00412479 0)
(0.152353 0.000606268 0)
(0.191743 4.30541e-05 0)
(0.55147 0.00084986 0)
(0.87579 -0.00158831 0)
(1.06069 -0.0035272 0)
(1.11363 -0.00190389 0)
(1.11196 0.00131912 0)
(1.09807 0.00516234 0)
(1.08551 0.00924347 0)
(1.07514 0.0135429 0)
(1.06702 0.0177073 0)
(1.06186 0.0210343 0)
(1.06145 0.0234117 0)
(1.06579 0.0244462 0)
(1.07451 0.0248623 0)
(1.08362 0.0252578 0)
(1.07724 0.0244359 0)
(1.00573 0.0210599 0)
(0.795471 0.0130103 0)
(0.46509 0.00415707 0)
(0.143804 0.000621505 0)
(0.193769 0.000219014 0)
(0.551789 0.00149954 0)
(0.870987 0.000611954 0)
(1.0613 -7.35136e-05 0)
(1.11835 0.00183518 0)
(1.11765 0.00501034 0)
(1.1037 0.00918231 0)
(1.0905 0.0135271 0)
(1.07931 0.0181089 0)
(1.0701 0.0225505 0)
(1.06489 0.0260021 0)
(1.06443 0.0276135 0)
(1.06808 0.0281632 0)
(1.07585 0.0282304 0)
(1.08274 0.0273403 0)
(1.07285 0.0259691 0)
(0.992866 0.0218166 0)
(0.773044 0.0132172 0)
(0.445731 0.00439179 0)
(0.135599 0.00066971 0)
(0.197725 0.000647673 0)
(0.554515 0.0022731 0)
(0.871351 0.00345449 0)
(1.06306 0.00320392 0)
(1.12357 0.00567557 0)
(1.12404 0.00942229 0)
(1.10971 0.0138536 0)
(1.09606 0.0186211 0)
(1.08427 0.023533 0)
(1.07422 0.027841 0)
(1.06678 0.030408 0)
(1.0635 0.0314933 0)
(1.06597 0.0316219 0)
(1.07362 0.0308374 0)
(1.08036 0.0302231 0)
(1.06627 0.0279359 0)
(0.975237 0.0227905 0)
(0.746074 0.0136576 0)
(0.423708 0.0046422 0)
(0.126259 0.000713904 0)
(0.204232 0.000865017 0)
(0.561693 0.00349285 0)
(0.875371 0.00592062 0)
(1.06766 0.00764307 0)
(1.12974 0.0109806 0)
(1.1309 0.0148096 0)
(1.11635 0.019634 0)
(1.10173 0.0247785 0)
(1.08847 0.0300598 0)
(1.07639 0.0347178 0)
(1.06801 0.0376116 0)
(1.06547 0.0385086 0)
(1.06735 0.0378795 0)
(1.07369 0.0363573 0)
(1.07697 0.0337504 0)
(1.05814 0.0305572 0)
(0.958644 0.0245028 0)
(0.72151 0.0145073 0)
(0.402978 0.00505508 0)
(0.116979 0.000787416 0)
(0.212469 0.00101398 0)
(0.57281 0.00478353 0)
(0.883297 0.00905229 0)
(1.07426 0.0120095 0)
(1.13699 0.0161776 0)
(1.13868 0.0211912 0)
(1.12317 0.0268823 0)
(1.1074 0.0326021 0)
(1.0926 0.0381441 0)
(1.07893 0.0426818 0)
(1.06836 0.0446119 0)
(1.06247 0.0438832 0)
(1.06228 0.0423825 0)
(1.06848 0.0396386 0)
(1.07243 0.0379064 0)
(1.0484 0.0337072 0)
(0.936739 0.0263976 0)
(0.691134 0.0154493 0)
(0.378367 0.00547368 0)
(0.106122 0.000837416 0)
(0.224969 0.00136893 0)
(0.591683 0.00683033 0)
(0.898736 0.0137685 0)
(1.08491 0.0187971 0)
(1.14623 0.0239914 0)
(1.14771 0.029444 0)
(1.13122 0.0360055 0)
(1.11376 0.0425061 0)
(1.09669 0.0485245 0)
(1.08005 0.0529282 0)
(1.06729 0.054447 0)
(1.06218 0.0534032 0)
(1.06299 0.050898 0)
(1.06734 0.0477524 0)
(1.06565 0.0432733 0)
(1.03545 0.0375609 0)
(0.914802 0.0289648 0)
(0.662615 0.016788 0)
(0.354607 0.00605696 0)
(0.0952339 0.000878676 0)
(0.240865 0.00195969 0)
(0.616176 0.00869228 0)
(0.920266 0.0184844 0)
(1.0995 0.0257931 0)
(1.15751 0.0323866 0)
(1.15883 0.0395076 0)
(1.14057 0.0472348 0)
(1.12141 0.0543737 0)
(1.10241 0.0605771 0)
(1.08383 0.064565 0)
(1.06848 0.0649375 0)
(1.05906 0.0622396 0)
(1.05532 0.0577878 0)
(1.05831 0.0530327 0)
(1.05799 0.048959 0)
(1.021 0.0422643 0)
(0.886677 0.0318894 0)
(0.62691 0.0185371 0)
(0.325454 0.00669148 0)
(0.0823725 0.000884581 0)
(0.263152 0.0028224 0)
(0.650147 0.0124692 0)
(0.949094 0.0252077 0)
(1.11864 0.0352458 0)
(1.17186 0.043387 0)
(1.17165 0.0519875 0)
(1.15117 0.0607943 0)
(1.12928 0.0689822 0)
(1.10706 0.0757986 0)
(1.08469 0.0797352 0)
(1.06591 0.0790552 0)
(1.05582 0.0750919 0)
(1.05378 0.0697028 0)
(1.05593 0.0642818 0)
(1.0476 0.0569971 0)
(1.00209 0.0481487 0)
(0.857761 0.0359839 0)
(0.592259 0.0209034 0)
(0.296195 0.00744404 0)
(0.0694548 0.000861356 0)
(0.294762 0.00372037 0)
(0.696409 0.0156362 0)
(0.98822 0.0332733 0)
(1.14393 0.0466694 0)
(1.18897 0.0571043 0)
(1.18652 0.0680749 0)
(1.16241 0.078499 0)
(1.13716 0.0872509 0)
(1.11157 0.0937243 0)
(1.08607 0.0963512 0)
(1.06454 0.0942369 0)
(1.05071 0.0886256 0)
(1.04368 0.0812941 0)
(1.04208 0.073255 0)
(1.035 0.0658582 0)
(0.980622 0.0556815 0)
(0.820297 0.0407912 0)
(0.546997 0.0237056 0)
(0.258919 0.00812702 0)
(0.0541151 0.000820189 0)
(0.331281 0.00711493 0)
(0.754654 0.0247541 0)
(1.03621 0.0463912 0)
(1.17485 0.0638519 0)
(1.21046 0.0764052 0)
(1.20297 0.0901221 0)
(1.17395 0.101328 0)
(1.1441 0.110373 0)
(1.11366 0.116317 0)
(1.08335 0.11795 0)
(1.05782 0.113438 0)
(1.04261 0.105325 0)
(1.03721 0.0961028 0)
(1.03647 0.0874081 0)
(1.01887 0.0771397 0)
(0.952842 0.063669 0)
(0.780537 0.0464523 0)
(0.501693 0.0267181 0)
(0.222048 0.00872802 0)
(0.0394395 0.000690013 0)
(0.411592 0.0108046 0)
(0.842094 0.0358466 0)
(1.10128 0.0673058 0)
(1.21349 0.0893788 0)
(1.23554 0.104521 6.54345e-34)
(1.22121 0.120106 -2.93843e-34)
(1.18609 0.131401 0)
(1.15173 0.139287 0)
(1.1173 0.143078 0)
(1.08305 0.141145 0)
(1.05417 0.133441 0)
(1.03539 0.123278 0)
(1.02481 0.111904 0)
(1.01772 0.0999409 0)
(0.999608 0.0884048 0)
(0.921396 0.0729572 0)
(0.729715 0.0520255 0)
(0.441442 0.0291373 0)
(0.173567 0.00849485 0)
(0.0221105 0.0007077 0)
(0.483132 0.0260147 4.89851e-20)
(0.943669 0.0596828 -3.70654e-20)
(1.17013 0.101026 0)
(1.2532 0.126995 2.84716e-20)
(1.26279 0.142365 -2.30861e-20)
(1.23879 0.159974 3.10028e-34)
(1.19682 0.169401 0)
(1.15684 0.175151 1.64019e-20)
(1.11608 0.17658 -5.38061e-20)
(1.07581 0.172385 1.09648e-20)
(1.04261 0.162263 0)
(1.02152 0.14769 -2.77175e-20)
(1.01185 0.134028 -3.31836e-20)
(1.00614 0.121221 5.80303e-20)
(0.970821 0.105865 -4.58397e-20)
(0.871024 0.0849101 0)
(0.65943 0.0594957 -1.65657e-20)
(0.365688 0.0304655 0)
(0.121271 0.00860796 -9.12614e-20)
(0.00465989 0.000710561 1.07569e-19)
(0.519119 0.0537098 -6.41246e-21)
(1.00758 0.102536 1.12443e-19)
(1.21966 0.151461 -6.71359e-21)
(1.28617 0.174889 -7.13249e-20)
(1.2866 0.191831 -4.89382e-20)
(1.25353 0.207248 7.95879e-20)
(1.20546 0.213922 0)
(1.1602 0.217216 0)
(1.11498 0.215873 8.57451e-20)
(1.07121 0.20823 0)
(1.03302 0.192687 1.00389e-19)
(1.00686 0.17755 2.97399e-20)
(0.98969 0.161705 3.72042e-22)
(0.970438 0.145299 -6.33821e-20)
(0.934726 0.128659 0)
(0.824656 0.105398 0)
(0.599127 0.0710254 -2.71042e-19)
(0.312792 0.0353139 6.80185e-19)
(0.0965964 0.00953361 -4.03033e-19)
(-0.00401431 0.000108489 -4.74843e-19)
(0.526582 0.0763258 -6.61542e-20)
(1.04446 0.159444 2.505e-20)
(1.25599 0.211385 1.33997e-20)
(1.31236 0.233471 1.24667e-19)
(1.30521 0.248944 1.43174e-20)
(1.26469 0.260305 -2.0785e-19)
(1.21102 0.263277 7.06717e-20)
(1.15995 0.26331 0)
(1.10813 0.258877 -1.81648e-19)
(1.05581 0.247536 1.60856e-19)
(1.01196 0.231318 -2.7106e-19)
(0.982965 0.211497 1.27025e-19)
(0.966575 0.193834 -8.22822e-20)
(0.953902 0.17795 1.85293e-19)
(0.905366 0.158055 0)
(0.7864 0.126111 -6.78602e-20)
(0.566545 0.0845442 0)
(0.302415 0.0412299 3.74785e-19)
(0.0960241 0.013046 -8.88113e-19)
(-0.00325981 -0.000734932 5.5628e-19)
(0.521746 0.108083 1.89723e-19)
(1.06432 0.216214 -8.26788e-20)
(1.27755 0.276656 -1.74023e-20)
(1.32944 0.298039 0)
(1.31706 0.311335 -9.20327e-20)
(1.27116 0.317461 1.13421e-19)
(1.21277 0.315675 -7.57024e-20)
(1.15673 0.311795 0)
(1.10013 0.303007 1.29147e-19)
(1.04538 0.287419 -1.13073e-19)
(0.998974 0.266755 2.35124e-19)
(0.965228 0.245252 0)
(0.941683 0.226996 -1.74924e-19)
(0.915905 0.206493 9.85349e-20)
(0.872628 0.184337 2.48902e-19)
(0.75992 0.152426 -2.19016e-19)
(0.551432 0.104756 3.48849e-19)
(0.303828 0.0548753 -7.72801e-19)
(0.107684 0.0189439 4.87947e-19)
(0.00340817 0.000340691 -6.10413e-19)
(0.510106 0.132514 -6.9205e-20)
(1.07251 0.270382 4.96876e-20)
(1.28895 0.342642 -5.77381e-20)
(1.33867 0.363713 1.13325e-19)
(1.32267 0.374725 -1.06028e-19)
(1.27299 0.376011 3.60578e-20)
(1.21106 0.369791 3.63921e-21)
(1.15108 0.361695 -1.47142e-19)
(1.09036 0.348831 -1.35577e-19)
(1.03017 0.33031 -2.43074e-19)
(0.97636 0.305796 -5.05606e-19)
(0.93936 0.281978 -1.55643e-19)
(0.917672 0.26021 2.36187e-21)
(0.898068 0.241727 -3.3793e-19)
(0.846718 0.218032 -6.11931e-21)
(0.732868 0.17741 3.18916e-19)
(0.537159 0.124289 -9.63221e-20)
(0.307735 0.0693186 -5.58685e-20)
(0.120615 0.0268042 0)
(0.0111539 0.00242185 1.29882e-18)
(0.493407 0.153301 0)
(1.06666 0.320003 -5.63861e-21)
(1.29121 0.40576 -1.06864e-20)
(1.34115 0.427564 -1.27476e-20)
(1.32255 0.437516 1.03175e-19)
(1.2703 0.434471 -8.37348e-20)
(1.20561 0.423845 8.27683e-20)
(1.14212 0.411658 2.41426e-19)
(1.07716 0.39458 -7.54167e-20)
(1.012 0.371163 1.20507e-19)
(0.956352 0.342741 2.71804e-19)
(0.917821 0.317609 3.39214e-19)
(0.889625 0.297128 -2.04213e-19)
(0.860566 0.271722 3.65728e-19)
(0.815801 0.245835 -2.8978e-19)
(0.713326 0.206873 0)
(0.533084 0.148225 -7.31202e-19)
(0.318166 0.0874323 9.84132e-19)
(0.13594 0.0372407 7.34522e-20)
(0.0197403 0.00556604 -1.37248e-18)
(0.47937 0.173668 -5.12379e-21)
(1.05955 0.368743 1.47447e-20)
(1.28911 0.467109 7.81168e-20)
(1.33906 0.489572 -9.91411e-20)
(1.31823 0.49821 8.46555e-20)
(1.26388 0.491323 -8.14822e-20)
(1.19705 0.477152 1.64422e-19)
(1.13105 0.461287 -7.28315e-20)
(1.06381 0.440643 -3.04297e-19)
(0.997137 0.414067 5.71672e-23)
(0.939348 0.384393 -2.95124e-19)
(0.895435 0.356193 -3.64516e-19)
(0.864952 0.328881 2.25229e-19)
(0.841545 0.306594 -1.31495e-19)
(0.791538 0.279088 3.14593e-19)
(0.689275 0.231192 0)
(0.521118 0.170868 -4.53337e-19)
(0.321719 0.104349 6.69502e-19)
(0.1463 0.0477618 1.26817e-18)
(0.026303 0.00881942 -1.4918e-18)
(0.465048 0.191292 -3.77142e-20)
(1.04677 0.412974 1.2576e-20)
(1.28249 0.524502 -5.52077e-20)
(1.33305 0.548596 1.02753e-19)
(1.31035 0.556773 1.18409e-20)
(1.25452 0.546475 -1.60199e-19)
(1.18607 0.528787 -9.49709e-20)
(1.11806 0.509242 -9.23967e-20)
(1.04818 0.484595 -1.71213e-19)
(0.977172 0.453806 2.75816e-19)
(0.91256 0.419232 2.98618e-19)
(0.868474 0.386877 5.78483e-19)
(0.839587 0.361058 0)
(0.805933 0.334333 6.24866e-21)
(0.762351 0.302811 -8.63096e-19)
(0.671137 0.260244 2.01342e-19)
(0.515625 0.194029 9.79004e-19)
(0.326775 0.122981 -2.88832e-19)
(0.154923 0.0585619 6.01549e-19)
(0.0314024 0.0121458 -5.01804e-20)
(0.455479 0.209738 5.93303e-21)
(1.03589 0.456326 3.56761e-20)
(1.27397 0.579745 -2.63488e-20)
(1.32448 0.605259 1.18351e-19)
(1.30017 0.612432 -1.75284e-19)
(1.2431 0.598947 1.59461e-19)
(1.17349 0.578407 9.83085e-20)
(1.10396 0.555907 2.76692e-19)
(1.03183 0.52852 3.4463e-19)
(0.959 0.495639 -3.17505e-19)
(0.896616 0.458537 0)
(0.850395 0.423403 -2.18238e-19)
(0.813318 0.393011 2.5056e-19)
(0.789324 0.364835 3.15874e-19)
(0.739507 0.334303 -1.82577e-19)
(0.648859 0.281569 -4.45789e-19)
(0.501733 0.215773 -1.33127e-19)
(0.324291 0.138729 -1.56236e-21)
(0.157861 0.0676482 0)
(0.0341905 0.0146745 0)
(0.447236 0.225807 -6.2258e-20)
(1.02346 0.496247 0)
(1.26314 0.631248 -1.21612e-20)
(1.31362 0.658762 -7.99758e-21)
(1.28808 0.665425 1.97455e-19)
(1.23015 0.64915 -5.0461e-20)
(1.15945 0.625866 9.97318e-20)
(1.08843 0.600521 -1.87461e-19)
(1.01467 0.569881 2.61034e-19)
(0.940055 0.532614 -1.03423e-19)
(0.872104 0.489986 1.70626e-19)
(0.82013 0.452884 6.91579e-19)
(0.790261 0.421503 1.40882e-20)
(0.753442 0.389872 -3.29171e-19)
(0.711314 0.353372 6.09602e-19)
(0.628923 0.30827 4.18933e-21)
(0.490645 0.235422 1.42426e-19)
(0.318554 0.152971 -6.79483e-19)
(0.155007 0.0747178 6.99299e-19)
(0.0344583 0.0161019 -8.24921e-19)
(0.440527 0.24355 3.70978e-23)
(1.01209 0.534856 0)
(1.25156 0.680454 0)
(1.30159 0.709784 -6.53835e-21)
(1.27495 0.715407 -5.95573e-20)
(1.21615 0.696515 7.51933e-20)
(1.14467 0.671003 -1.87062e-19)
(1.07281 0.643279 0)
(0.997769 0.610403 -3.84717e-19)
(0.920187 0.571309 4.59145e-19)
(0.851322 0.527797 4.85099e-19)
(0.802385 0.486179 -2.53864e-19)
(0.762558 0.449115 -3.06546e-19)
(0.736381 0.416283 7.18489e-19)
(0.689161 0.381722 -2.16481e-19)
(0.606021 0.324004 -2.58595e-19)
(0.473324 0.252396 -1.54834e-19)
(0.310234 0.164051 -7.32455e-19)
(0.150135 0.0792909 1.06696e-19)
(0.0331343 0.0170365 8.8967e-19)
(0.436146 0.261827 -3.25081e-20)
(1.00087 0.570967 -4.13219e-20)
(1.23888 0.726142 2.3654e-20)
(1.2884 0.757533 -1.53725e-22)
(1.26087 0.762675 -5.76341e-20)
(1.20153 0.741562 1.23792e-19)
(1.12953 0.713891 0)
(1.05678 0.683908 1.1263e-19)
(0.980244 0.648756 -8.881e-20)
(0.901381 0.606356 7.64604e-19)
(0.829924 0.557772 -1.10899e-19)
(0.775173 0.511993 1.25697e-19)
(0.738928 0.474658 0)
(0.701391 0.437843 -3.88876e-19)
(0.660792 0.395751 4.70632e-19)
(0.585526 0.346358 0)
(0.459547 0.266003 -3.33867e-19)
(0.298474 0.173478 9.81557e-19)
(0.142858 0.0817338 1.15749e-19)
(0.0304201 0.0173321 -1.09477e-18)
(0.433644 0.278775 -8.45274e-20)
(0.99099 0.605765 1.08471e-19)
(1.22621 0.769688 0)
(1.27491 0.802915 5.29017e-21)
(1.24658 0.807103 0)
(1.18669 0.783809 -1.57849e-19)
(1.11427 0.754392 0)
(1.04087 0.72263 0)
(0.963012 0.685641 -1.16762e-19)
(0.881512 0.641661 -7.26652e-19)
(0.806779 0.591775 -8.95703e-19)
(0.751985 0.54228 1.46756e-19)
(0.711123 0.497862 5.28863e-19)
(0.684216 0.459285 4.27793e-19)
(0.63916 0.420491 -1.50971e-18)
(0.562512 0.356168 -6.0632e-19)
(0.438907 0.277641 3.54925e-19)
(0.284769 0.178304 0)
(0.134165 0.0824741 9.94681e-19)
(0.0272652 0.0167082 -1.17902e-18)
(0.431974 0.294489 1.0292e-19)
(0.981228 0.638176 -1.27641e-19)
(1.21318 0.809918 0)
(1.26099 0.84505 -1.09557e-20)
(1.23201 0.848918 3.70902e-21)
(1.17177 0.823898 0)
(1.099 0.792764 5.71234e-20)
(1.02487 0.759218 7.7476e-20)
(0.945864 0.720615 -2.20043e-19)
(0.863227 0.674536 9.64075e-20)
(0.786268 0.620352 0)
(0.727137 0.566507 6.07505e-19)
(0.688217 0.521559 4.85061e-21)
(0.648586 0.477621 2.30693e-19)
(0.610517 0.427963 2.74024e-19)
(0.540447 0.373799 0)
(0.422859 0.284749 -5.80584e-19)
(0.269847 0.181679 1.13965e-18)
(0.125004 0.0816884 -1.20508e-18)
(0.0239916 0.0157296 2.5383e-18)
(0.430711 0.309407 0)
(0.972312 0.669377 0)
(1.20059 0.848176 -6.14855e-20)
(1.24726 0.885037 0)
(1.21762 0.888125 0)
(1.157 0.861361 -1.32096e-19)
(1.084 0.828873 5.84486e-20)
(1.00945 0.794019 1.7547e-20)
(0.929263 0.754106 -5.043e-20)
(0.843624 0.706465 0)
(0.762811 0.650555 -1.36042e-19)
(0.70218 0.594701 -4.95494e-19)
(0.657318 0.542259 -5.96347e-19)
(0.630655 0.494673 -2.39593e-19)
(0.588129 0.448788 2.96907e-19)
(0.517046 0.376198 -7.00066e-19)
(0.400423 0.289945 1.24913e-18)
(0.254455 0.180842 2.62723e-21)
(0.115779 0.0797498 -1.15583e-18)
(0.0211687 0.0145103 -1.71158e-19)
(0.429544 0.323929 0)
(0.963601 0.698743 -1.05401e-19)
(1.18804 0.88347 7.62784e-20)
(1.2335 0.921956 0)
(1.20332 0.924871 0)
(1.14251 0.896845 2.65492e-19)
(1.0694 0.863073 0)
(0.994324 0.82684 0)
(0.913121 0.785834 -4.81609e-19)
(0.82641 0.737029 1.32622e-19)
(0.743601 0.678671 -1.20619e-18)
(0.678258 0.61865 0)
(0.634614 0.564236 -6.46385e-19)
(0.592716 0.510426 1.06609e-20)
(0.557135 0.449122 -9.53384e-19)
(0.493499 0.387409 3.76762e-19)
(0.384882 0.288586 1.72768e-21)
(0.24134 0.17826 -1.31558e-18)
(0.108312 0.0765596 6.23401e-19)
(0.0182098 0.0129303 1.83113e-19)
(0.428494 0.3381 0)
(0.955653 0.72701 -1.48948e-19)
(1.17607 0.917115 8.07229e-20)
(1.2202 0.957057 9.88202e-20)
(1.18947 0.959289 -1.48409e-20)
(1.12844 0.929897 2.65982e-20)
(1.05531 0.895138 -3.57423e-20)
(0.979936 0.858 4.64741e-19)
(0.89749 0.816013 5.15185e-19)
(0.807759 0.766063 1.01075e-18)
(0.720824 0.706151 1.00225e-18)
(0.652423 0.644235 1.75914e-19)
(0.601185 0.583474 9.29972e-19)
(0.572316 0.524066 5.73789e-19)
(0.532113 0.465963 6.84449e-19)
(0.469195 0.379364 -4.12531e-19)
(0.36252 0.283656 -4.80453e-19)
(0.230415 0.167963 5.63225e-19)
(0.105326 0.0765692 -3.34227e-19)
(0.0208675 0.0182824 5.92532e-19)
(0.427522 0.351858 2.11605e-19)
(0.948048 0.753636 2.32991e-19)
(1.1643 0.948175 4.74748e-20)
(1.20709 0.989339 1.62806e-20)
(1.17595 0.991443 1.44262e-20)
(1.11488 0.961145 -7.37636e-20)
(1.04176 0.925491 3.45107e-20)
(0.965897 0.88732 -2.03669e-20)
(0.882491 0.844598 -5.9886e-19)
(0.792024 0.794198 -1.09665e-18)
(0.703612 0.73374 6.95837e-20)
(0.629736 0.66876 0)
(0.578349 0.605703 0)
(0.530708 0.539828 -2.99018e-19)
(0.495214 0.459061 -1.11912e-18)
(0.440886 0.380945 8.88613e-19)
(0.352499 0.26284 5.25818e-19)
(0.237001 0.149818 0)
(0.118281 0.0512155 1.06609e-18)
(0.0144251 -0.00705669 -6.33145e-19)
(0.426667 0.365021 -1.12166e-19)
(0.940984 0.778987 9.93731e-20)
(1.15311 0.977803 -1.15097e-19)
(1.19458 1.02011 -9.07366e-20)
(1.16299 1.02155 -1.09256e-20)
(1.10181 0.990158 -2.35528e-20)
(1.02876 0.953806 0)
(0.952737 0.915112 -5.83633e-19)
(0.868451 0.8718 7.36981e-20)
(0.77528 0.82062 0)
(0.682269 0.759144 0)
(0.604598 0.693273 1.11899e-19)
(0.54341 0.625337 1.50225e-19)
(0.506512 0.551922 -3.22676e-19)
(0.463706 0.474853 8.0345e-19)
(0.40693 0.358031 -9.68286e-19)
(0.322189 0.240866 -1.12469e-18)
(0.241247 0.128994 9.9552e-19)
(0.172061 0.0909998 -3.79802e-19)
(0.113139 0.0802896 2.21083e-19)
(0.425744 0.377411 1.41936e-19)
(0.934178 0.802782 0)
(1.14215 1.00508 0)
(1.18234 1.04827 -2.45458e-20)
(1.15045 1.04959 1.9871e-20)
(1.08933 1.01754 -2.08366e-20)
(1.01643 0.980609 1.52001e-19)
(0.940114 0.941219 5.97613e-19)
(0.85511 0.897568 1.0856e-18)
(0.761219 0.846416 -8.23118e-20)
(0.666466 0.785541 1.69904e-19)
(0.583728 0.7188 -1.00027e-18)
(0.521044 0.649686 -9.95262e-19)
(0.46014 0.571919 -1.72998e-19)
(0.412831 0.463954 0)
(0.363825 0.359767 -7.73493e-21)
(0.295834 0.174378 6.18803e-19)
(0.265533 0.0278303 -1.04239e-18)
(0.227412 -0.0857599 7.92546e-19)
(0.0837747 -0.0968457 6.57477e-19)
(0.424787 0.389341 -3.1403e-19)
(0.927614 0.825256 -1.42065e-19)
(1.13165 1.03118 7.00528e-21)
(1.17061 1.07539 5.4406e-20)
(1.13834 1.07615 0)
(1.07719 1.04327 -7.86787e-20)
(1.00444 1.00596 -2.18058e-19)
(0.928106 0.966472 -1.65857e-21)
(0.842398 0.922656 -5.68785e-19)
(0.745916 0.871161 -8.07331e-20)
(0.646939 0.809911 7.49866e-20)
(0.560475 0.743892 8.786e-19)
(0.48378 0.672359 9.71404e-19)
(0.431387 0.585748 1.68292e-19)
(0.374387 0.490334 8.60773e-19)
(0.293614 0.328863 0)
(0.176071 0.160529 0)
(0.00601286 0.209516 7.19008e-19)
(-0.0774635 0.629759 -3.01974e-20)
(0.00648327 1.53504 -8.83523e-19)
(0.423724 0.400622 1.73713e-19)
(0.921368 0.846621 3.96876e-19)
(1.12135 1.05542 -5.41625e-19)
(1.15905 1.10043 2.68517e-19)
(1.12651 1.10131 -5.82985e-21)
(1.06543 1.06821 -3.2448e-20)
(0.992851 1.0308 0)
(0.91625 0.991137 -4.98084e-19)
(0.829773 0.947581 0)
(0.73254 0.896925 1.13798e-18)
(0.631612 0.837782 -9.09742e-20)
(0.538556 0.773095 1.02007e-19)
(0.462933 0.703842 1.10981e-18)
(0.377841 0.622128 -3.64665e-19)
(0.282856 0.487876 -4.38387e-19)
(0.198653 0.385404 0)
(0.0896251 0.509814 0)
(0.0265715 1.32525 0)
(0.0728043 2.46048 -4.08519e-19)
(0.100468 2.90946 -2.51225e-19)
(0.422456 0.411332 0)
(0.915222 0.866559 0)
(1.11149 1.07866 1.97916e-19)
(1.14807 1.12475 -2.17703e-19)
(1.11514 1.12532 9.35997e-20)
(1.05403 1.09177 3.87718e-20)
(0.9816 1.0544 2.79735e-20)
(0.904991 1.01519 -2.17796e-20)
(0.817919 0.972101 8.00219e-20)
(0.718413 0.921951 -1.30595e-18)
(0.613818 0.863357 1.65016e-19)
(0.518047 0.801692 8.75921e-19)
(0.42329 0.734446 -1.10588e-18)
(0.346631 0.639332 -1.21185e-18)
(0.267552 0.549644 4.08133e-19)
(0.192092 0.682633 0)
(0.123724 1.55279 5.66673e-19)
(0.124498 2.69175 6.23399e-19)
(0.132619 3.08743 -6.97073e-19)
(0.124111 3.22195 7.49838e-19)
(0.421101 0.421692 0)
(0.909468 0.885565 3.53172e-19)
(1.10188 1.10015 -4.95723e-20)
(1.13731 1.14699 3.08391e-19)
(1.10413 1.14793 -9.82481e-20)
(1.04312 1.1145 0)
(0.970862 1.07744 0)
(0.894007 1.03847 0)
(0.806356 0.996251 4.51565e-19)
(0.706431 0.947868 6.03408e-20)
(0.599326 0.892371 0)
(0.496153 0.833364 -8.71316e-19)
(0.411046 0.770277 0)
(0.297058 0.689738 8.67551e-19)
(0.205866 0.757065 -5.83742e-19)
(0.156038 1.46143 -4.69983e-19)
(0.158262 2.67975 -1.10246e-18)
(0.179833 3.12678 -5.81637e-19)
(0.170674 3.26762 -7.91597e-19)
(0.156614 3.30791 6.01739e-19)
(0.419644 0.431165 -1.2367e-19)
(0.903712 0.903051 1.54189e-20)
(1.09271 1.12077 -5.53374e-20)
(1.12717 1.16877 -2.37848e-19)
(1.09359 1.16959 0)
(1.03257 1.13601 0)
(0.960441 1.09928 0)
(0.883674 1.06119 3.46848e-20)
(0.795685 1.01997 -5.70727e-19)
(0.693702 0.972724 0)
(0.584168 0.918606 0)
(0.482518 0.865248 0)
(0.36857 0.803862 0)
(0.305419 0.781646 6.33084e-19)
(0.27196 1.16778 1.55662e-18)
(0.250319 2.38141 4.61548e-19)
(0.263522 3.08319 9.31512e-19)
(0.258006 3.28366 -7.14055e-19)
(0.209102 3.34949 2.64354e-19)
(0.176478 3.36215 0)
(0.418143 0.440365 1.27451e-19)
(0.898229 0.920335 -7.86131e-19)
(1.08357 1.14034 -2.10726e-19)
(1.117 1.18908 -4.61209e-20)
(1.08321 1.19048 2.28345e-20)
(1.02233 1.15728 -7.3378e-20)
(0.950407 1.12113 -3.60519e-21)
(0.873478 1.08355 -3.88842e-19)
(0.785091 1.04361 0)
(0.683163 0.998925 -7.62099e-20)
(0.571884 0.94925 6.93274e-20)
(0.461581 0.897 0)
(0.375215 0.850212 0)
(0.320142 0.968199 -7.92019e-19)
(0.274675 1.85495 9.73739e-20)
(0.270897 2.94273 -3.46243e-19)
(0.29302 3.28792 7.2294e-19)
(0.265551 3.38653 5.2501e-19)
(0.199803 3.41101 -7.13703e-19)
(0.174963 3.42047 3.54216e-19)
(0.416216 0.449755 2.51202e-19)
(0.892012 0.937389 7.67472e-19)
(1.07404 1.16078 2.52781e-19)
(1.10665 1.21077 0)
(1.07251 1.21204 0)
(1.0117 1.17869 5.74294e-20)
(0.940029 1.14291 7.30646e-20)
(0.863424 1.10637 3.46834e-19)
(0.775033 1.06763 2.2447e-20)
(0.671527 1.02436 9.76369e-19)
(0.559566 0.976417 -1.14989e-18)
(0.449678 0.928723 0)
(0.369552 0.926274 0)
(0.335104 1.33352 -5.39283e-19)
(0.336279 2.48613 -6.4858e-19)
(0.379346 3.19825 0)
(0.403794 3.37026 -7.29968e-19)
(0.333955 3.43304 4.95301e-20)
(0.264236 3.4777 3.4257e-19)
(0.241617 3.50302 -1.1288e-19)
(0.414015 0.459544 -4.7846e-19)
(0.885553 0.95611 -3.68815e-19)
(1.06358 1.18181 0)
(1.09522 1.2323 0)
(1.06104 1.23418 0)
(1.00057 1.20116 0)
(0.929334 1.16589 -8.56318e-20)
(0.852789 1.12972 3.05734e-19)
(0.764343 1.09222 0)
(0.66192 1.05192 -8.89129e-19)
(0.549461 1.00919 2.06279e-18)
(0.440126 0.971337 8.41138e-20)
(0.388081 1.04886 1.11444e-19)
(0.387645 1.75007 8.79193e-19)
(0.402151 2.90011 -4.72556e-19)
(0.43985 3.32076 0)
(0.423004 3.44432 2.04055e-19)
(0.337403 3.53253 9.21115e-20)
(0.261383 3.59646 1.50969e-19)
(0.186078 3.57592 -1.31289e-20)
(0.411146 0.46977 2.27906e-19)
(0.877707 0.974724 -3.77905e-19)
(1.05227 1.20433 0)
(1.08323 1.25605 -6.74034e-20)
(1.04878 1.25753 2.30527e-19)
(0.988555 1.22407 0)
(0.91785 1.18894 0)
(0.842032 1.15371 -5.31065e-19)
(0.754146 1.11734 -5.71445e-20)
(0.650802 1.07828 8.72113e-19)
(0.536039 1.0364 -9.8018e-19)
(0.446584 1.01663 5.71134e-19)
(0.407601 1.23276 0)
(0.424365 2.18483 -4.66223e-19)
(0.466786 3.14542 3.05838e-19)
(0.53001 3.42445 1.91054e-19)
(0.522303 3.52103 0)
(0.459216 3.6028 -3.87966e-20)
(0.388842 3.64404 -4.15548e-19)
(0.308003 3.61544 -9.7164e-20)
(0.407896 0.480264 -4.55432e-19)
(0.86966 0.99572 5.41452e-19)
(1.03985 1.22754 3.73609e-19)
(1.06991 1.27932 -9.25549e-20)
(1.0356 1.28135 -3.52667e-19)
(0.975999 1.24808 0)
(0.906065 1.21333 7.89895e-21)
(0.830627 1.17819 1.92665e-19)
(0.743183 1.14283 3.07364e-20)
(0.642146 1.10671 -7.53476e-19)
(0.52795 1.07229 -5.20908e-20)
(0.448166 1.08155 -6.44595e-19)
(0.444651 1.46359 7.00937e-19)
(0.4957 2.55116 1.53001e-19)
(0.561483 3.30799 -2.6807e-19)
(0.613768 3.47636 1.35694e-19)
(0.574077 3.52775 0)
(0.515998 3.53179 0)
(0.42192 3.49657 -6.85725e-19)
(0.192627 3.2877 1.26718e-18)
(0.403542 0.490921 2.1851e-19)
(0.85957 1.01589 5.34577e-19)
(1.0264 1.25228 -3.82402e-19)
(1.05604 1.30527 3.37585e-19)
(1.02156 1.30646 3.70737e-19)
(0.962485 1.27242 0)
(0.89346 1.23746 7.60174e-22)
(0.819283 1.20309 1.58678e-19)
(0.733113 1.16867 0)
(0.631841 1.13331 0)
(0.523719 1.10264 0)
(0.460058 1.15643 0)
(0.486712 1.70087 -7.90903e-19)
(0.55481 2.85648 -2.03417e-19)
(0.629867 3.39601 0)
(0.673178 3.48931 -2.13496e-20)
(0.671555 3.49511 0)
(0.748753 3.33615 1.44539e-19)
(0.844607 2.96739 -1.79975e-18)
(0.449201 2.58825 1.88456e-18)
(0.399009 0.501159 -4.46577e-19)
(0.84938 1.0394 -3.43058e-19)
(1.01159 1.2779 -2.54561e-19)
(1.04048 1.33038 -3.15732e-19)
(1.00641 1.33203 -1.81164e-19)
(0.948382 1.29801 0)
(0.880575 1.26326 4.71279e-21)
(0.807192 1.22866 -4.27904e-20)
(0.721991 1.19485 -2.30624e-19)
(0.623935 1.16203 0)
(0.520234 1.14233 5.12236e-20)
(0.474838 1.25498 -5.82418e-20)
(0.533893 1.9536 0)
(0.628767 3.08029 2.65931e-19)
(0.72019 3.43877 0)
(0.751916 3.47591 -1.04517e-19)
(0.755557 3.38527 2.86912e-19)
(0.748869 3.00453 -1.42656e-19)
(0.504148 1.99414 2.79595e-19)
(-0.344187 0.4992 -6.81176e-19)
(0.392081 0.511345 -1.34299e-20)
(0.836034 1.06082 -1.7577e-19)
(0.995243 1.30512 3.50685e-19)
(1.0241 1.35912 -1.96703e-20)
(0.989982 1.35957 -5.80719e-20)
(0.932791 1.32455 0)
(0.866317 1.28941 6.4528e-20)
(0.794784 1.25559 -8.22608e-20)
(0.711681 1.22272 4.13466e-19)
(0.611589 1.19039 -5.07681e-19)
(0.522796 1.17937 -6.06006e-19)
(0.50195 1.36882 0)
(0.590148 2.25471 4.0024e-19)
(0.694048 3.21722 -5.42407e-20)
(0.767218 3.41992 3.10525e-20)
(0.774294 3.41059 0)
(0.704543 3.18026 -1.50453e-19)
(0.535081 2.40316 1.5994e-19)
(0.103433 0.636339 -1.89817e-19)
(-0.250857 -0.39924 -1.74889e-19)
(0.384535 0.522205 4.18427e-19)
(0.822794 1.08687 -1.72419e-19)
(0.977075 1.33351 2.48058e-19)
(1.00548 1.38667 1.91374e-19)
(0.972117 1.38779 1.16998e-19)
(0.916493 1.35287 2.21521e-19)
(0.851758 1.31805 -1.44673e-19)
(0.781478 1.28392 1.74217e-20)
(0.699776 1.25155 -3.03474e-19)
(0.603109 1.22263 3.30786e-20)
(0.526511 1.22924 9.71805e-20)
(0.529054 1.51722 -3.97634e-19)
(0.641998 2.51732 1.07722e-19)
(0.753972 3.28989 -2.10819e-19)
(0.817751 3.39394 3.05642e-20)
(0.794872 3.31571 8.25186e-20)
(0.668165 2.86741 -2.16835e-19)
(0.409388 1.64044 1.40681e-19)
(0.0602719 0.0514684 0)
(-0.0800756 -0.162244 -3.02994e-19)
(0.374419 0.5306 0)
(0.805044 1.10843 -6.54632e-19)
(0.956914 1.36299 2.39129e-20)
(0.985979 1.41843 -3.14326e-19)
(0.95271 1.41804 0)
(0.898373 1.382 -1.64048e-19)
(0.835511 1.34669 1.47248e-19)
(0.7678 1.31346 -1.62977e-20)
(0.68939 1.28216 2.14762e-19)
(0.59568 1.2556 3.64126e-19)
(0.530564 1.28001 4.68305e-19)
(0.565959 1.67222 4.76966e-20)
(0.700496 2.76323 -2.93744e-19)
(0.807653 3.32224 1.48245e-20)
(0.841361 3.35232 1.89045e-21)
(0.765545 3.13585 8.33342e-20)
(0.529732 2.32966 9.25345e-20)
(0.117207 0.447745 -1.09672e-19)
(-0.136791 -0.246306 0)
(-0.115861 -0.208006 0)
(0.363351 0.539656 -4.03986e-19)
(0.787374 1.13562 6.49913e-19)
(0.93456 1.39362 0)
(0.963662 1.44807 0)
(0.931568 1.44866 0)
(0.879592 1.41284 0)
(0.819142 1.37795 -7.83162e-20)
(0.75333 1.34426 -1.59602e-20)
(0.677035 1.3134 -3.47295e-20)
(0.589982 1.29072 3.80985e-20)
(0.538448 1.34501 -3.88009e-19)
(0.600377 1.85298 2.82435e-19)
(0.751561 2.94746 0)
(0.844607 3.31915 3.64018e-20)
(0.865764 3.28786 6.64129e-20)
(0.726536 2.87448 -2.56912e-20)
(0.396701 1.69152 1.07864e-19)
(0.0148359 -0.0379003 6.1661e-20)
(-0.157728 -0.20356 -2.54904e-19)
(-0.0581669 -0.137702 -2.98562e-19)
(0.348093 0.544504 2.04673e-19)
(0.763159 1.15449 3.03915e-19)
(0.909917 1.42419 -9.26854e-21)
(0.940373 1.48233 1.66674e-19)
(0.908499 1.48101 0)
(0.858524 1.44403 3.12392e-19)
(0.800551 1.4085 -6.40076e-20)
(0.738118 1.37576 1.81494e-20)
(0.665006 1.34577 -3.57433e-20)
(0.584951 1.32794 2.75651e-20)
(0.549169 1.41421 2.61868e-19)
(0.644818 2.05712 -1.30158e-19)
(0.802638 3.07295 -1.11356e-19)
(0.883876 3.31284 2.98321e-21)
(0.864743 3.18991 -3.54719e-20)
(0.632186 2.51963 1.51597e-19)
(0.192279 0.744246 -8.52152e-20)
(-0.0847507 -0.276548 1.24644e-19)
(-0.130841 -0.224725 -3.79253e-19)
(-0.0598007 -0.125573 2.65282e-19)
(0.33079 0.549024 -1.9145e-19)
(0.738671 1.17935 0)
(0.882812 1.45558 -2.23061e-19)
(0.913391 1.5132 -3.21561e-19)
(0.883289 1.51336 0)
(0.836875 1.47674 -2.44044e-19)
(0.782016 1.44166 0)
(0.722261 1.40809 -1.16792e-19)
(0.650444 1.37853 -2.15089e-20)
(0.581623 1.36649 7.03938e-20)
(0.563039 1.49588 -1.27601e-19)
(0.684674 2.25725 7.20891e-20)
(0.84274 3.14072 1.7465e-19)
(0.907334 3.28211 1.37011e-20)
(0.847984 3.03899 -3.56011e-20)
(0.533465 2.09331 -5.13283e-20)
(0.0774933 0.125334 1.30935e-19)
(-0.182972 -0.268541 -1.46423e-19)
(-0.10514 -0.211102 4.8907e-22)
(-0.0462139 -0.0742438 -2.77296e-20)
(0.308681 0.546938 3.80995e-19)
(0.707387 1.19279 -2.91511e-19)
(0.852919 1.48462 2.37691e-19)
(0.885148 1.54879 1.54936e-19)
(0.855825 1.54664 2.81137e-20)
(0.812426 1.50888 1.53839e-19)
(0.760534 1.47305 0)
(0.705121 1.44036 -3.79038e-20)
(0.637477 1.41208 0)
(0.577835 1.40743 -6.58371e-20)
(0.578663 1.58207 1.26624e-19)
(0.729636 2.43475 -3.43482e-21)
(0.882784 3.18694 -6.02435e-20)
(0.933122 3.24812 4.13725e-20)
(0.81399 2.8588 -1.39784e-20)
(0.38913 1.53888 6.50165e-20)
(-0.0518354 -0.127797 -1.97551e-19)
(-0.225422 -0.262048 -1.12913e-19)
(-0.124862 -0.247112 -4.43938e-20)
(-0.0649646 -0.0792245 2.07586e-19)
(0.284595 0.542538 4.28955e-21)
(0.676087 1.21288 1.49624e-19)
(0.819471 1.51317 0)
(0.852028 1.57888 2.91312e-19)
(0.825983 1.57963 -4.14965e-19)
(0.787406 1.54236 1.55541e-19)
(0.73928 1.50694 -1.03843e-19)
(0.687675 1.47287 9.77154e-20)
(0.622627 1.44568 -8.65209e-20)
(0.573644 1.44868 -2.10252e-21)
(0.595045 1.67178 2.75704e-20)
(0.768447 2.59054 4.91908e-20)
(0.910537 3.1936 3.62281e-20)
(0.934715 3.19148 -6.26665e-20)
(0.751714 2.6087 -6.40254e-20)
(0.288449 1.04986 1.22379e-19)
(-0.0596751 -0.245822 -1.18907e-19)
(-0.222063 -0.298342 8.02292e-20)
(-0.123055 -0.27594 1.57123e-21)
(-0.0740473 -0.0998945 -1.81209e-19)
(0.255227 0.526849 7.09119e-19)
(0.6358 1.21422 -1.4918e-19)
(0.782518 1.53674 -4.06931e-19)
(0.817777 1.61283 3.30342e-19)
(0.794043 1.61195 -1.81482e-19)
(0.758918 1.57357 3.00551e-19)
(0.714263 1.53751 1.61616e-19)
(0.668309 1.50431 0)
(0.609781 1.47853 9.94781e-20)
(0.568981 1.49124 -1.43905e-20)
(0.611183 1.75907 -1.27747e-20)
(0.808929 2.70985 -4.94388e-21)
(0.933736 3.19677 1.95271e-20)
(0.943244 3.1311 9.24721e-21)
(0.698152 2.42093 -9.74965e-20)
(0.16969 0.489529 -3.9775e-20)
(-0.053786 -0.269066 1.23594e-19)
(-0.142016 -0.306887 5.50446e-20)
(-0.110931 -0.276635 1.77496e-20)
(-0.0574792 -0.111477 1.53797e-19)
(0.223314 0.504539 0)
(0.595048 1.2218 1.38903e-19)
(0.740638 1.55758 -1.84762e-19)
(0.77791 1.6384 3.20434e-19)
(0.75963 1.64349 -3.9617e-19)
(0.729492 1.60617 1.65013e-19)
(0.689679 1.57041 0)
(0.648384 1.53515 0)
(0.596173 1.50966 0)
(0.561337 1.53208 2.06985e-20)
(0.625584 1.83823 -1.93984e-20)
(0.83576 2.79919 1.97935e-20)
(0.9491 3.19445 5.37659e-20)
(0.931239 3.06045 4.99488e-20)
(0.619622 2.16179 -8.73265e-20)
(0.0937905 0.199474 6.84051e-20)
(-0.11503 -0.271283 2.79942e-21)
(-0.114934 -0.319808 -1.25411e-19)
(-0.0922175 -0.242057 1.47972e-20)
(-0.0312197 -0.0842616 0)
(0.186002 0.464258 6.5032e-19)
(0.542959 1.19901 -1.29889e-19)
(0.695321 1.56972 4.65067e-21)
(0.73776 1.66735 0)
(0.722735 1.67102 -1.9025e-19)
(0.696379 1.63404 1.84023e-20)
(0.660709 1.59773 0)
(0.626238 1.56364 4.95524e-20)
(0.581941 1.53875 -3.91014e-20)
(0.55539 1.57022 0)
(0.635647 1.90346 0)
(0.863314 2.8609 -3.57296e-20)
(0.95804 3.19458 -7.63365e-20)
(0.922236 2.99034 -4.94783e-21)
(0.576157 1.98813 -2.0834e-20)
(0.039692 0.024003 3.19308e-20)
(-0.147842 -0.276078 0)
(-0.115241 -0.341789 -7.28903e-20)
(-0.0853471 -0.246005 -1.1239e-19)
(-0.00892549 -0.0731161 2.68269e-19)
(0.146096 0.410489 5.36732e-19)
(0.490798 1.18067 -1.24445e-19)
(0.643583 1.57366 1.7591e-19)
(0.690853 1.68347 -4.36796e-19)
(0.682776 1.69735 0)
(0.662185 1.66376 0)
(0.632248 1.62731 0)
(0.603279 1.59082 5.2174e-20)
(0.566378 1.56433 -4.11656e-20)
(0.544578 1.60157 0)
(0.644058 1.95804 0)
(0.875107 2.89442 1.12781e-19)
(0.962994 3.20046 -4.68334e-20)
(0.895822 2.95824 6.24981e-20)
(0.526144 1.80196 6.11848e-20)
(-0.0272991 0.0723926 0)
(-0.198687 -0.206265 -2.12715e-20)
(-0.182816 -0.322746 -2.16666e-20)
(-0.0907761 -0.243435 2.25475e-19)
(0.0355972 0.0479542 -2.70689e-19)
(0.103097 0.331728 -4.98998e-19)
(0.424366 1.11268 1.30866e-19)
(0.588967 1.56326 3.70308e-19)
(0.644473 1.70149 2.51101e-19)
(0.639479 1.71521 -2.03336e-19)
(0.6248 1.68519 -1.34169e-19)
(0.599167 1.6483 9.13413e-20)
(0.577897 1.61369 0)
(0.550309 1.58653 0)
(0.534654 1.62413 0)
(0.642674 1.97783 -7.41024e-20)
(0.897349 2.91284 -1.15911e-19)
(0.973065 3.22001 4.57572e-20)
(0.854768 2.96852 -1.84005e-20)
(0.438282 1.78305 5.64761e-20)
(-0.175393 0.263954 0)
(-0.373719 -0.290978 8.47599e-20)
(-0.399746 -0.517563 -2.81238e-19)
(-0.283429 -0.481175 6.54727e-19)
(-0.0330134 -0.000557188 -3.63045e-19)
(0.0554025 0.23224 5.28097e-19)
(0.35762 1.04605 -4.33858e-19)
(0.524075 1.5316 0)
(0.58944 1.69899 1.24579e-19)
(0.5941 1.73227 8.9851e-20)
(0.58567 1.70864 1.88924e-19)
(0.566105 1.6717 -8.53825e-20)
(0.550381 1.63359 0)
(0.530804 1.60378 0)
(0.518435 1.63763 -1.45645e-19)
(0.634807 1.97205 -4.63703e-21)
(0.905036 2.88749 8.74499e-20)
(1.00692 3.22147 4.89636e-20)
(0.900204 3.028 2.42428e-19)
(0.511369 1.84311 -4.58266e-19)
(-0.0685801 0.403424 7.42577e-19)
(-0.422943 -0.335123 -5.10116e-19)
(-0.484061 -0.893986 0)
(-0.477179 -1.06333 -3.53646e-20)
(-0.221062 -0.72652 1.00531e-18)
(0.0164757 0.142123 5.40919e-19)
(0.268399 0.89798 0)
(0.458242 1.47687 0)
(0.535317 1.69436 0)
(0.545323 1.73495 7.49862e-20)
(0.54375 1.71974 -1.87226e-19)
(0.528537 1.68324 -8.27655e-20)
(0.520135 1.64741 0)
(0.510041 1.61427 0)
(0.504551 1.64174 9.09502e-20)
(0.619669 1.93352 3.0984e-20)
(0.923262 2.8432 -4.21182e-20)
(1.08756 3.20612 4.22291e-20)
(1.11889 3.09091 1.57522e-19)
(0.910651 2.3195 -3.37246e-19)
(0.466142 0.939678 4.42769e-19)
(-0.0156028 -0.0355392 -4.78133e-19)
(-0.285996 -1.00801 0)
(-0.418145 -1.34837 3.34868e-20)
(-0.265145 -1.24433 7.1059e-19)
(-0.00313397 0.0776118 -5.04303e-19)
(0.182966 0.749224 1.73734e-19)
(0.377687 1.36933 2.6856e-19)
(0.472913 1.65476 -1.54982e-20)
(0.49612 1.73688 -1.62333e-19)
(0.498919 1.73167 -1.03534e-19)
(0.489728 1.69859 2.32159e-19)
(0.484623 1.65711 -5.89672e-21)
(0.481892 1.61774 0)
(0.48106 1.63189 2.43435e-20)
(0.584065 1.86138 -1.16872e-20)
(0.902717 2.68355 3.43785e-20)
(1.15275 3.10369 0)
(1.21016 2.97676 -6.03654e-20)
(1.1519 2.54846 0)
(0.921327 1.64056 -7.8361e-20)
(0.536466 0.610341 8.8128e-21)
(0.174684 -0.245354 0)
(-0.0595175 -1.18383 0)
(-0.215021 -1.40731 1.85763e-19)
(-0.00226822 0.015127 4.04485e-19)
(0.0861211 0.424767 -1.51614e-19)
(0.314516 1.22458 1.20114e-19)
(0.413152 1.59862 -1.89051e-19)
(0.442444 1.71497 7.40164e-20)
(0.451441 1.72597 -2.49368e-20)
(0.446712 1.70258 1.5336e-20)
(0.444125 1.66122 -3.1107e-20)
(0.448257 1.61228 -1.9693e-20)
(0.455177 1.61042 -1.51954e-20)
(0.525338 1.75824 5.51994e-21)
(0.78996 2.48043 0)
(1.07969 2.93169 1.0831e-20)
(1.13094 2.87964 0)
(1.08912 2.59181 0)
(0.980371 2.00667 0)
(0.669676 1.10434 3.84344e-19)
(0.406126 0.282533 -8.87295e-19)
(0.156976 -0.487786 -5.6798e-22)
(0.0185055 -0.758011 6.60631e-19)
(0.00735123 -0.0424185 7.19296e-20)
(0.023052 0.163438 6.74966e-20)
(0.209397 0.931941 -5.49956e-20)
(0.344822 1.479 -4.13867e-20)
(0.389916 1.68834 3.34565e-20)
(0.400804 1.7211 2.32759e-20)
(0.39909 1.70827 1.61646e-20)
(0.393846 1.66323 0)
(0.397442 1.60339 -7.99481e-21)
(0.406371 1.579 -4.13036e-21)
(0.432254 1.65418 8.13514e-21)
(0.57278 2.15226 0)
(0.85177 2.78758 1.68729e-20)
(0.889989 2.78227 -3.08003e-20)
(0.871577 2.63987 0)
(0.80187 2.29792 0)
(0.609953 1.67266 -2.84079e-20)
(0.393702 0.984726 0)
(0.196771 0.36166 -2.23418e-20)
(0.0366545 -0.0808974 0)
(0.00494831 -0.0773089 0)
(0.0019306 0.0138092 0)
(0.0934617 0.557513 0)
(0.256128 1.27239 0)
(0.323242 1.60824 -8.25605e-34)
(0.344698 1.70088 6.11893e-34)
(0.345768 1.69945 0)
(0.341081 1.66579 0)
(0.337578 1.59564 0)
(0.343808 1.552 0)
(0.347426 1.58867 0)
(0.392102 1.92928 0)
(0.638598 2.62499 0)
(0.658443 2.75101 0)
(0.63787 2.70743 0)
(0.59944 2.52731 0)
(0.49385 2.13388 0)
(0.32231 1.5437 0)
(0.163587 0.980544 0)
(0.0395758 0.476684 0)
(-0.00415997 -0.0758259 0)
(0.00240301 -0.0669353 0)
(0.0282414 0.212887 0)
(0.180405 1.02917 0)
(0.254739 1.50777 0)
(0.282493 1.67127 0)
(0.287411 1.69005 0)
(0.285296 1.66605 0)
(0.278344 1.59309 0)
(0.281196 1.5368 0)
(0.282643 1.55911 0)
(0.271401 1.83135 0)
(0.477889 2.52065 0)
(0.50274 2.75962 0)
(0.469058 2.76548 0)
(0.439083 2.67636 0)
(0.373109 2.41219 0)
(0.2452 1.91818 0)
(0.118492 1.41134 0)
(0.0233634 0.835568 0)
(-0.00484623 -0.0711659 0)
(0.01553 -0.103977 0)
(0.017377 0.0629836 0)
(0.109577 0.787458 0)
(0.194227 1.40018 0)
(0.220874 1.63692 0)
(0.22543 1.67814 0)
(0.224931 1.66244 0)
(0.21845 1.59365 0)
(0.219452 1.53377 0)
(0.229506 1.5517 0)
(0.184454 1.78305 0)
(0.342803 2.45167 0)
(0.371513 2.77538 0)
(0.333047 2.82892 0)
(0.30618 2.79074 0)
(0.259507 2.61041 0)
(0.16871 2.19869 0)
(0.0733562 1.70592 0)
(0.0109667 1.05084 0)
(0.00222112 -0.105962 0)
(0.0286816 -0.17144 0)
(0.034641 -0.021089 0)
(0.067205 0.594481 0)
(0.137669 1.298 0)
(0.158353 1.60041 0)
(0.162593 1.66734 0)
(0.166357 1.65763 0)
(0.162612 1.59632 0)
(0.162055 1.53876 0)
(0.183043 1.55494 0)
(0.121431 1.75549 0)
(0.236991 2.40286 0)
(0.266834 2.79323 0)
(0.228252 2.88816 0)
(0.203463 2.87875 0)
(0.171376 2.75234 0)
(0.110135 2.41073 0)
(0.0416371 1.94951 0)
(0.00134212 1.20778 0)
(0.00883887 -0.17983 0)
(0.0326312 -0.252056 0)
(0.0397522 -0.0462642 0)
(0.0209972 0.551275 0)
(0.0668729 1.24973 0)
(0.0820463 1.57423 0)
(0.0943651 1.65468 0)
(0.105591 1.65112 0)
(0.109888 1.59685 0)
(0.111432 1.54379 0)
(0.141706 1.56138 0)
(0.0771474 1.74069 0)
(0.156692 2.36987 0)
(0.182185 2.80614 0)
(0.149682 2.93468 0)
(0.126153 2.94379 0)
(0.101698 2.85083 0)
(0.0581588 2.54555 0)
(0.0112851 2.08076 0)
(-0.00820664 1.24197 0)
(0.00882815 -0.254263 0)
(0.0248823 -0.297461 0)
(0.0132273 -0.0051758 0)
(-0.0257945 0.579227 0)
(-0.0152432 1.23058 0)
(-0.00205317 1.5547 0)
(0.0260234 1.64092 0)
(0.0476404 1.63995 0)
(0.0645933 1.59096 0)
(0.0674811 1.54496 0)
(0.102755 1.56635 0)
(0.0461246 1.73097 0)
(0.099274 2.34867 0)
(0.115957 2.81943 0)
(0.0891495 2.97148 0)
(0.068824 2.9966 0)
(0.0546564 2.92125 0)
(0.0247501 2.64363 0)
(-0.00287716 2.17835 0)
(-0.0132251 1.22771 0)
(0.00511457 -0.285049 0)
(-0.00542567 -0.270385 0)
(-0.0358422 0.100655 0)
(-0.083703 0.671386 0)
(-0.0868926 1.23768 0)
(-0.0734942 1.52298 0)
(-0.0373926 1.61056 0)
(-0.00568957 1.61907 0)
(0.0232313 1.57638 0)
(0.0290294 1.53884 0)
(0.0681067 1.56841 0)
(0.022652 1.72604 0)
(0.06062 2.33156 0)
(0.0676309 2.82629 0)
(0.0453187 2.9991 0)
(0.0293558 3.03526 0)
(0.0168545 2.96952 0)
(-0.0033437 2.69904 0)
(-0.0240533 2.21068 0)
(-0.0151338 1.18187 0)
(-0.00415414 -0.250621 0)
(-0.0303183 -0.175388 0)
(-0.074477 0.210725 0)
(-0.118574 0.753872 0)
(-0.127165 1.23222 0)
(-0.113094 1.47555 0)
(-0.0777365 1.56467 0)
(-0.0464323 1.58624 0)
(-0.0106337 1.55318 0)
(-0.00185007 1.52491 0)
(0.0387077 1.56604 0)
(0.00637597 1.72548 0)
(0.0314467 2.32348 0)
(0.0325101 2.83249 0)
(0.0142865 3.01798 0)
(0.000321005 3.06318 0)
(-0.00916169 3.00126 0)
(-0.0235569 2.72833 0)
(-0.0309548 2.20453 0)
(-0.0183859 1.08868 0)
(-0.00872749 -0.172382 0)
(-0.0397579 -0.0478061 0)
(-0.0878936 0.330649 0)
(-0.129767 0.823975 0)
(-0.138165 1.2186 0)
(-0.126609 1.42673 0)
(-0.0952684 1.51535 0)
(-0.0684812 1.5465 0)
(-0.0316651 1.52537 0)
(-0.0231287 1.50567 0)
(0.0164792 1.55938 0)
(-0.00692863 1.72281 0)
(0.0114935 2.31856 0)
(0.00542985 2.83784 0)
(-0.00825596 3.03334 0)
(-0.0194805 3.08326 0)
(-0.0279167 3.0199 0)
(-0.0370248 2.74183 0)
(-0.0368905 2.18259 0)
(-0.0187741 0.986089 0)
(-0.00910097 -0.0840289 0)
(-0.0392182 0.0797836 0)
(-0.0848096 0.436135 0)
(-0.122758 0.878314 0)
(-0.131114 1.20989 0)
(-0.121289 1.38825 0)
(-0.0959608 1.47364 0)
(-0.0756436 1.50877 0)
(-0.0415883 1.49717 0)
(-0.036002 1.48678 0)
(0.00199061 1.55277 0)
(-0.0180703 1.72471 0)
(-0.00548945 2.3212 0)
(-0.013745 2.84343 0)
(-0.0227242 3.04474 0)
(-0.0318136 3.09681 0)
(-0.0371096 3.03091 0)
(-0.0439024 2.73784 0)
(-0.0380559 2.13347 0)
(-0.0156315 0.88011 0)
(-0.00758356 0.000546809 0)
(-0.0336405 0.203081 0)
(-0.0734438 0.537842 0)
(-0.10613 0.930611 0)
(-0.114807 1.20972 0)
(-0.107881 1.36398 0)
(-0.0892626 1.44272 0)
(-0.0736963 1.47778 0)
(-0.0445157 1.47281 0)
(-0.0421106 1.46978 0)
(-0.0065967 1.54509 0)
(-0.0249966 1.72383 0)
(-0.0177066 2.32407 0)
(-0.0282028 2.8518 0)
(-0.0328092 3.0554 0)
(-0.0393112 3.10774 0)
(-0.0431427 3.03632 0)
(-0.0441542 2.72908 0)
(-0.0352853 2.08465 0)
(-0.0109581 0.789404 0)
(-0.00531366 0.0670724 0)
(-0.0254209 0.301445 0)
(-0.0575188 0.618022 0)
(-0.0841451 0.972336 0)
(-0.0921776 1.21647 0)
(-0.0899538 1.35315 0)
(-0.0781925 1.42471 0)
(-0.0685785 1.45671 0)
(-0.0447607 1.45487 0)
(-0.0452419 1.45714 0)
(-0.0116039 1.53798 0)
(-0.0318833 1.72722 0)
(-0.0242265 2.32952 0)
(-0.0358025 2.86031 0)
(-0.0392013 3.06461 0)
(-0.0437596 3.11504 0)
(-0.0439736 3.0354 0)
(-0.0431457 2.70865 0)
(-0.0315791 2.0169 0)
(-0.00697901 0.710899 0)
(-0.00324588 0.115713 0)
(-0.0175829 0.381537 0)
(-0.0425709 0.688257 0)
(-0.0642849 1.01153 0)
(-0.0717004 1.22803 0)
(-0.0724345 1.35088 0)
(-0.065724 1.41606 0)
(-0.0602806 1.44459 0)
(-0.0407728 1.44353 0)
(-0.0438964 1.44714 0)
(-0.0146147 1.53244 0)
(-0.0339957 1.7302 0)
(-0.0304017 2.33759 0)
(-0.0402321 2.8681 0)
(-0.0415996 3.07018 0)
(-0.0447787 3.11826 0)
(-0.0434829 3.03219 0)
(-0.0404174 2.69253 0)
(-0.027217 1.96309 0)
(-0.00381541 0.652176 0)
(-0.00175986 0.14653 0)
(-0.0111528 0.436829 0)
(-0.0294792 0.738864 0)
(-0.0461526 1.04171 0)
(-0.0533931 1.23974 0)
(-0.056257 1.35228 0)
(-0.0532928 1.41205 0)
(-0.051778 1.43734 0)
(-0.036189 1.43628 0)
(-0.0419232 1.44103 0)
(-0.0153853 1.52895 0)
(-0.0357383 1.73543 0)
(-0.0303594 2.34474 0)
(-0.0407748 2.87388 0)
(-0.0428746 3.0734 0)
(-0.0444598 3.11782 0)
(-0.0423083 3.02336 0)
(-0.0381808 2.65852 0)
(-0.023009 1.89147 0)
(-0.00185433 0.601397 0)
(-0.000813014 0.165684 0)
(-0.00655478 0.47732 0)
(-0.0198499 0.779877 0)
(-0.0327572 1.0677 0)
(-0.0389883 1.25193 0)
(-0.0431699 1.35588 0)
(-0.0422381 1.41081 0)
(-0.0426809 1.43298 0)
(-0.0307215 1.43075 0)
(-0.0395887 1.43592 0)
(-0.0153902 1.52713 0)
(-0.0356923 1.74092 0)
(-0.0327615 2.35413 0)
(-0.0426048 2.87985 0)
(-0.0425455 3.07502 0)
(-0.0438832 3.11625 0)
(-0.040994 3.01588 0)
(-0.0345174 2.63861 0)
(-0.0193672 1.8409 0)
(-0.000332317 0.566158 0)
(-0.000330611 0.175868 0)
(-0.00376256 0.502756 0)
(-0.0131751 0.808542 0)
(-0.0230365 1.08764 0)
(-0.0285794 1.26407 0)
(-0.0336354 1.36091 0)
(-0.034608 1.41035 0)
(-0.0361266 1.4293 0)
(-0.0268444 1.42746 0)
(-0.0378685 1.43339 0)
(-0.0157943 1.52661 0)
(-0.0346815 1.74569 0)
(-0.0305619 2.35984 0)
(-0.0414829 2.88337 0)
(-0.0421278 3.0749 0)
(-0.0421072 3.11242 0)
(-0.0381731 3.00033 0)
(-0.0326072 2.59859 0)
(-0.0158029 1.77148 0)
(0.000477938 0.533931 0)
(-0.000110488 0.182022 0)
(-0.00216595 0.521351 0)
(-0.00911237 0.831172 0)
(-0.0168304 1.1033 0)
(-0.0213799 1.27476 0)
(-0.0262253 1.36771 0)
(-0.0279634 1.41342 0)
(-0.0311883 1.42908 0)
(-0.0248907 1.42654 0)
(-0.0368286 1.4315 0)
(-0.0166156 1.52653 0)
(-0.0367607 1.75088 0)
(-0.0332363 2.36604 0)
(-0.0414048 2.88652 0)
(-0.0414944 3.07444 0)
(-0.0417315 3.1092 0)
(-0.0380474 2.99055 0)
(-0.0304947 2.57573 0)
(-0.0134782 1.72398 0)
(0.00064931 0.513696 0)
(-6.36913e-05 0.18524 0)
(-0.00148713 0.533308 0)
(-0.00657278 0.848016 0)
(-0.0130874 1.11649 0)
(-0.0174152 1.28424 0)
(-0.0214785 1.37395 0)
(-0.0237687 1.41641 0)
(-0.0266093 1.43046 0)
(-0.0222517 1.42761 0)
(-0.033655 1.43046 0)
(-0.0181654 1.52688 0)
(-0.0352521 1.75581 0)
(-0.0324198 2.37126 0)
(-0.0415448 2.89015 0)
(-0.0405589 3.07352 0)
(-0.0394075 3.1033 0)
(-0.0348547 2.97308 0)
(-0.0279454 2.53488 0)
(-0.0115877 1.66144 0)
(0.00105496 0.491823 0)
(-5.85745e-05 0.187941 0)
(-0.00110483 0.543244 0)
(-0.00522595 0.861939 0)
(-0.0100011 1.12743 0)
(-0.0144934 1.29194 0)
(-0.0177298 1.37951 0)
(-0.0200303 1.42033 0)
(-0.023981 1.43283 0)
(-0.0215077 1.42953 0)
(-0.0320559 1.431 0)
(-0.0188506 1.52765 0)
(-0.0364578 1.76031 0)
(-0.0334454 2.37499 0)
(-0.0409657 2.89212 0)
(-0.0401647 3.07167 0)
(-0.0402268 3.09952 0)
(-0.0361755 2.96203 0)
(-0.0288698 2.51031 0)
(-0.0107348 1.61857 0)
(0.000727688 0.478346 0)
(-6.93127e-05 0.189592 0)
(-0.000821999 0.550111 0)
(-0.00419756 0.87251 0)
(-0.00829485 1.13683 0)
(-0.0123049 1.29937 0)
(-0.015341 1.38405 0)
(-0.0178017 1.42264 0)
(-0.0205635 1.43506 0)
(-0.0184004 1.43133 0)
(-0.0284417 1.43162 0)
(-0.019796 1.52959 0)
(-0.0347416 1.76734 0)
(-0.0351894 2.3818 0)
(-0.0413046 2.89594 0)
(-0.0405101 3.07082 0)
(-0.0391457 3.09293 0)
(-0.0350226 2.94294 0)
(-0.0279413 2.46714 0)
(-0.0103033 1.55566 0)
(0.000590005 0.45943 0)
(-8.86638e-05 0.191462 0)
(-0.000831284 0.556718 0)
(-0.00375553 0.882769 0)
(-0.00662712 1.14479 0)
(-0.00983642 1.30632 0)
(-0.0129253 1.3891 0)
(-0.0156779 1.42644 0)
(-0.0188297 1.4371 0)
(-0.0171549 1.43346 0)
(-0.0270793 1.43388 0)
(-0.0196447 1.53172 0)
(-0.033649 1.77144 0)
(-0.0345109 2.38565 0)
(-0.0421481 2.8981 0)
(-0.0417364 3.06991 0)
(-0.0410428 3.08998 0)
(-0.0374814 2.93268 0)
(-0.0293153 2.44329 0)
(-0.0105727 1.51732 0)
(0.000380436 0.44701 0)
(-8.21113e-05 0.192734 0)
(-0.000678018 0.561474 0)
(-0.00312739 0.889124 0)
(-0.00551099 1.14941 0)
(-0.00792479 1.31219 0)
(-0.0110026 1.39345 0)
(-0.0134294 1.42871 0)
(-0.0153961 1.43897 0)
(-0.0141726 1.43606 0)
(-0.0239054 1.43682 0)
(-0.0183923 1.535 0)
(-0.0335687 1.77996 0)
(-0.0341076 2.39383 0)
(-0.0416435 2.90252 0)
(-0.0425965 3.07007 0)
(-0.0410023 3.08399 0)
(-0.0366793 2.91257 0)
(-0.0286709 2.3958 0)
(-0.0104296 1.45053 0)
(0.00091969 0.427147 0)
(-9.70012e-05 0.19436 0)
(-0.000961235 0.566538 0)
(-0.00352878 0.896816 0)
(-0.00611972 1.15436 0)
(-0.00712374 1.31744 0)
(-0.00977907 1.39826 0)
(-0.0126773 1.43165 0)
(-0.0147702 1.44047 0)
(-0.0141158 1.43825 0)
(-0.023592 1.43904 0)
(-0.0178205 1.53715 0)
(-0.0299266 1.78508 0)
(-0.0354942 2.39901 0)
(-0.0431212 2.90582 0)
(-0.0441211 3.06991 0)
(-0.0444264 3.08184 0)
(-0.0401256 2.90134 0)
(-0.0310434 2.36879 0)
(-0.00978482 1.4135 0)
(0.000548039 0.41728 0)
(-0.000120189 0.196412 0)
(-0.00096803 0.572678 0)
(-0.00334671 0.904523 0)
(-0.00562574 1.15779 0)
(-0.00653014 1.3205 0)
(-0.00879466 1.40199 0)
(-0.0101503 1.43441 0)
(-0.0127738 1.44301 0)
(-0.0122064 1.44201 0)
(-0.0213073 1.44289 0)
(-0.0170084 1.53962 0)
(-0.0300008 1.79498 0)
(-0.0358923 2.41039 0)
(-0.0444795 2.91374 0)
(-0.0468875 3.07103 0)
(-0.0461568 3.07631 0)
(-0.0412703 2.87825 0)
(-0.0314257 2.31362 0)
(-0.0103423 1.34137 0)
(0.00162499 0.397677 0)
(-0.000183217 0.197833 0)
(-0.00133123 0.57621 0)
(-0.00364731 0.908625 0)
(-0.00646227 1.16018 0)
(-0.00700679 1.32293 0)
(-0.0086785 1.40469 0)
(-0.0103129 1.43599 0)
(-0.0133668 1.44435 0)
(-0.0123816 1.44367 0)
(-0.0214233 1.44501 0)
(-0.0164638 1.54214 0)
(-0.0305387 1.80079 0)
(-0.0387346 2.41705 0)
(-0.0482714 2.91798 0)
(-0.049696 3.07251 0)
(-0.051437 3.07528 0)
(-0.0463189 2.86526 0)
(-0.0337253 2.28222 0)
(-0.00939958 1.30418 0)
(0.00206835 0.393047 0)
(-0.000330165 0.202776 0)
(-0.00169747 0.586386 0)
(-0.00395795 0.919842 0)
(-0.006633 1.16754 0)
(-0.00756422 1.32557 0)
(-0.00838259 1.40743 0)
(-0.00953179 1.4401 0)
(-0.0135497 1.44838 0)
(-0.01332 1.44822 0)
(-0.0228783 1.45102 0)
(-0.0205111 1.54671 0)
(-0.0305981 1.81847 0)
(-0.0434986 2.43684 0)
(-0.0526505 2.93087 0)
(-0.0547324 3.07441 0)
(-0.0544851 3.0676 0)
(-0.0488676 2.8273 0)
(-0.0356402 2.19552 0)
(-0.0115754 1.20295 0)
(-0.000809827 0.364693 0)
(-0.238187 1.57371 1.26755e-22)
(0.396122 3.23594 1.85711e-20)
(0.0913089 3.46647 6.38298e-20)
(0.198399 3.43522 0)
(0.157962 3.38939 0)
(0.152316 3.34233 -3.82116e-19)
(0.154694 3.316 3.99505e-19)
(0.127369 3.27269 -4.18078e-19)
(0.113659 3.17909 7.70582e-21)
(0.0972824 2.56813 5.72647e-19)
(-0.105194 2.32631 1.04093e-23)
(0.131459 3.2911 1.67028e-19)
(0.010166 3.43838 0)
(0.0970702 3.39132 0)
(0.0728587 3.34526 1.13485e-20)
(0.0780578 3.30779 7.92854e-19)
(0.0742203 3.27648 -4.42315e-19)
(0.0504351 3.24101 -7.43777e-21)
(0.0504953 3.08336 7.09636e-21)
(0.000677635 2.0865 0)
(-0.0277843 2.07444 1.81566e-19)
(0.0857369 3.14171 -1.91868e-19)
(0.0241366 3.34601 0)
(0.0721478 3.32514 3.64915e-19)
(0.0518256 3.3032 -1.36884e-21)
(0.0527425 3.28157 -4.12393e-19)
(0.0458957 3.26652 -5.12127e-19)
(0.0305483 3.24581 -2.14218e-22)
(0.0408739 3.11925 7.3234e-21)
(-0.0167458 2.21154 0)
(-0.0406512 2.019 -4.61604e-20)
(0.0278515 3.11854 0)
(-0.0138263 3.30933 -1.92766e-19)
(0.0211359 3.30758 -1.58511e-19)
(0.0162104 3.28395 1.43971e-20)
(0.0223389 3.26161 -2.67037e-19)
(0.0271682 3.24631 2.38047e-19)
(0.0214831 3.23359 -8.54005e-21)
(0.0420068 3.12544 1.12835e-20)
(0.00724078 2.25042 2.93517e-19)
(-0.0528157 2.02496 -1.49285e-19)
(0.0133893 3.0902 0)
(-0.00767211 3.26703 4.16267e-19)
(0.0113178 3.26225 -2.29934e-19)
(0.0140515 3.24835 -7.03118e-22)
(0.0169445 3.2377 -1.99915e-21)
(0.0213048 3.23333 -1.55366e-20)
(0.0219455 3.22421 -3.03356e-19)
(0.0429817 3.12764 8.33632e-21)
(-0.00312086 2.31215 -6.14706e-19)
(-0.050008 2.085 0)
(-0.0102372 3.08614 -2.29055e-19)
(-0.028604 3.24297 1.8997e-20)
(-0.0150235 3.24704 -1.59359e-20)
(-0.00562223 3.23233 1.63334e-20)
(0.00327841 3.21979 2.71253e-19)
(0.0157293 3.21123 2.83751e-19)
(0.0209601 3.20543 5.96766e-19)
(0.0427022 3.12398 3.30686e-19)
(0.0105979 2.3542 -1.66579e-20)
(-0.0512654 2.14096 0)
(-0.0198468 3.08204 2.37002e-19)
(-0.0191284 3.21393 -2.48771e-19)
(-0.0115915 3.21278 -1.72175e-20)
(-0.000367546 3.20247 3.56039e-20)
(0.00754809 3.19594 3.66946e-22)
(0.0165093 3.19541 -1.91508e-20)
(0.0218565 3.19102 -3.11975e-19)
(0.0423488 3.12154 -3.21774e-19)
(0.00384889 2.41975 -1.72594e-20)
(-0.0477401 2.22864 2.7337e-19)
(-0.0285937 3.08553 -1.2699e-20)
(-0.0321673 3.19396 8.76422e-21)
(-0.0236815 3.1954 0)
(-0.0134194 3.18552 0)
(-0.00135371 3.1778 0)
(0.013262 3.17179 0)
(0.0206474 3.16933 3.47821e-19)
(0.0411813 3.11261 -3.58571e-19)
(0.0153548 2.4639 3.54296e-19)
(-0.0463952 2.30617 2.64458e-20)
(-0.0329676 3.08466 2.90955e-19)
(-0.0211268 3.16955 0)
(-0.0146491 3.16536 -1.96117e-20)
(-0.00404553 3.15764 2.00571e-20)
(0.00527591 3.15325 0)
(0.0148712 3.15409 -1.08741e-20)
(0.0207559 3.15279 -3.37581e-19)
(0.0401786 3.1093 3.59825e-19)
(0.0104188 2.53305 0)
(-0.0437709 2.40375 1.60156e-20)
(-0.0358439 3.0862 -4.46237e-19)
(-0.0301012 3.14974 0)
(-0.0225086 3.14684 0)
(-0.0136643 3.1391 2.15122e-20)
(-0.00210979 3.13355 -1.81524e-19)
(0.0116427 3.12905 -2.26993e-20)
(0.0191818 3.12933 1.93474e-19)
(0.0385625 3.09615 0)
(0.0192358 2.58107 0)
(-0.0400224 2.49024 -4.71867e-19)
(-0.0385751 3.08219 1.59936e-19)
(-0.020627 3.12424 0)
(-0.0128775 3.11623 0)
(-0.00339437 3.10956 0)
(0.00557778 3.10665 3.73852e-19)
(0.0143818 3.10876 0)
(0.0201793 3.11063 -2.06413e-19)
(0.0378738 3.09051 1.27548e-20)
(0.0149431 2.65382 2.16038e-19)
(-0.0377573 2.58977 1.68305e-19)
(-0.0398004 3.07579 -1.63599e-20)
(-0.029644 3.10132 1.96027e-19)
(-0.0210326 3.09504 1.90539e-19)
(-0.0124086 3.08842 0)
(-0.000770062 3.08416 -1.92103e-19)
(0.0125228 3.08135 0)
(0.0210106 3.0845 0)
(0.0385055 3.07217 0)
(0.0223024 2.70643 -2.17041e-19)
(-0.0350974 2.6781 -1.78092e-19)
(-0.0429713 3.06232 1.83897e-19)
(-0.0235466 3.07214 -1.8478e-19)
(-0.0130629 3.06218 -2.91312e-19)
(-0.00281931 3.057 0)
(0.0071397 3.05555 2.6058e-20)
(0.0167433 3.05876 -1.33018e-20)
(0.0247987 3.06312 9.91681e-20)
(0.0417201 3.06164 1.23131e-19)
(0.0208321 2.78044 -1.26711e-19)
(-0.0343838 2.77325 1.82733e-19)
(-0.0460505 3.04536 -1.76154e-19)
(-0.0329273 3.04592 1.25542e-20)
(-0.0208869 3.04036 7.41884e-20)
(-0.0111489 3.03625 -1.06488e-19)
(0.000303747 3.03374 0)
(0.0138771 3.032 1.14443e-19)
(0.0256271 3.0356 4.95104e-21)
(0.0446083 3.0366 -2.3834e-19)
(0.0286879 2.83263 -6.55225e-21)
(-0.0295418 2.85494 -5.21764e-20)
(-0.0442769 3.02146 1.276e-20)
(-0.0231649 3.01774 -6.62241e-20)
(-0.0111966 3.01441 2.71156e-20)
(-0.00222313 3.0141 1.29797e-19)
(0.00627246 3.01344 -5.5169e-20)
(0.0143979 3.0143 -5.49184e-20)
(0.0233555 3.01702 -5.70563e-20)
(0.0418258 3.02183 1.22417e-19)
(0.024821 2.90032 5.9858e-20)
(-0.0176632 2.94074 4.19437e-20)
(-0.0259651 3.00091 1.8543e-20)
(-0.0161454 3.00088 3.64945e-20)
(-0.00935808 3.0016 -7.48157e-20)
(-0.00414956 3.00263 2.52816e-20)
(0.00067883 3.00215 5.13873e-20)
(0.00549698 3.00063 -5.36274e-20)
(0.0107253 2.99899 -5.60323e-20)
(0.0218009 2.99715 7.5854e-21)
(0.0165259 2.94914 5.38053e-20)
)
;

boundaryField
{
    wall-4
    {
        type            noSlip;
    }
    pressure-outlet-7
    {
        type            zeroGradient;
    }
    velocity-inlet-6
    {
        type            fixedValue;
        value           uniform (0 3 0);
    }
    velocity-inlet-5
    {
        type            fixedValue;
        value           uniform (1 0 0);
    }
    frontAndBackPlanes
    {
        type            empty;
    }
}


// ************************************************************************* //
