/*--------------------------------*- C++ -*----------------------------------*\
| =========                 |                                                 |
| \\      /  F ield         | OpenFOAM: The Open Source CFD Toolbox           |
|  \\    /   O peration     | Version:  4.0                                   |
|   \\  /    A nd           | Web:      www.OpenFOAM.org                      |
|    \\/     M anipulation  |                                                 |
\*---------------------------------------------------------------------------*/
FoamFile
{
    version     2.0;
    format      ascii;
    class       volScalarField;
    location    "27";
    object      p;
}
// * * * * * * * * * * * * * * * * * * * * * * * * * * * * * * * * * * * * * //

dimensions      [0 2 -2 0 0 0 0];

internalField   nonuniform List<scalar> 
8800
(
0.612597
0.564809
0.526115
0.497114
0.47624
0.461392
0.450767
0.443249
0.438372
0.436227
0.437379
0.441458
0.44801
0.457253
0.46998
0.487678
0.51243
0.546352
0.588886
0.647585
0.443858
0.451536
0.459002
0.462307
0.460796
0.455707
0.449203
0.443098
0.438326
0.435403
0.435012
0.437393
0.441775
0.447634
0.454336
0.460567
0.464174
0.463418
0.457972
0.449269
0.42228
0.42844
0.432566
0.435506
0.437546
0.438135
0.437003
0.434858
0.432776
0.431766
0.432597
0.434851
0.437544
0.439638
0.440177
0.438926
0.436542
0.433117
0.428544
0.424779
0.416508
0.419158
0.42191
0.424312
0.425941
0.427089
0.427804
0.427878
0.427509
0.427341
0.427948
0.428978
0.42969
0.429649
0.428954
0.427795
0.425924
0.42331
0.420882
0.419378
0.411181
0.412606
0.414392
0.416431
0.418216
0.419547
0.420509
0.421255
0.421787
0.422223
0.422701
0.423024
0.422974
0.422558
0.421752
0.420411
0.418637
0.416727
0.415387
0.414557
0.406176
0.407097
0.408353
0.409937
0.411583
0.413112
0.414381
0.415399
0.416271
0.417012
0.417497
0.417616
0.417385
0.416774
0.415742
0.414412
0.412976
0.411631
0.410768
0.410222
0.401376
0.402044
0.403029
0.404365
0.405803
0.407278
0.408717
0.410004
0.411107
0.412037
0.412611
0.412717
0.412381
0.411641
0.410633
0.409509
0.408346
0.40731
0.406679
0.406283
0.396741
0.397253
0.398072
0.39926
0.400589
0.401997
0.403456
0.404905
0.406238
0.407366
0.408075
0.408215
0.407859
0.407172
0.406305
0.405344
0.404364
0.403529
0.403043
0.40274
0.39223
0.39263
0.393328
0.394409
0.395681
0.397048
0.398498
0.400007
0.401504
0.402861
0.403743
0.403994
0.403771
0.403247
0.40254
0.401726
0.400895
0.400217
0.399839
0.399603
0.38779
0.388104
0.388721
0.389751
0.391001
0.392364
0.393838
0.395413
0.397054
0.39864
0.399759
0.400226
0.400209
0.399868
0.399318
0.398643
0.397925
0.39736
0.397063
0.396879
0.383399
0.383644
0.3842
0.385199
0.386444
0.387843
0.389402
0.391096
0.392888
0.394706
0.396153
0.396943
0.397176
0.397013
0.396607
0.396067
0.395465
0.395003
0.394774
0.39463
0.379012
0.379199
0.379713
0.380712
0.381986
0.383439
0.385083
0.386955
0.38904
0.391222
0.393042
0.394129
0.394609
0.394676
0.394464
0.394057
0.393563
0.393185
0.393016
0.392907
0.374611
0.374738
0.375209
0.376195
0.377492
0.378991
0.380714
0.382708
0.385009
0.387586
0.389898
0.39148
0.392391
0.392806
0.392842
0.392644
0.392291
0.392018
0.391913
0.391837
0.370246
0.370323
0.370754
0.371722
0.373056
0.374648
0.376543
0.37883
0.381542
0.384649
0.387556
0.389652
0.390954
0.39168
0.392021
0.392027
0.391862
0.391721
0.391677
0.391625
0.365766
0.365819
0.366192
0.367082
0.368376
0.370006
0.37204
0.374584
0.377738
0.381499
0.385157
0.387922
0.389831
0.391053
0.391761
0.392147
0.392293
0.39234
0.392356
0.392312
0.360726
0.360772
0.361126
0.361979
0.363307
0.365065
0.367361
0.37033
0.374085
0.378671
0.383247
0.386826
0.389348
0.391094
0.392308
0.393066
0.393499
0.393722
0.393786
0.393739
0.354831
0.354872
0.355235
0.356125
0.357578
0.359573
0.362235
0.365754
0.370308
0.375947
0.381647
0.386189
0.389503
0.391868
0.393534
0.39467
0.395405
0.395787
0.395887
0.395832
0.347758
0.3478
0.348232
0.349226
0.350897
0.353241
0.356419
0.360678
0.366237
0.37319
0.380291
0.386003
0.390219
0.393277
0.395482
0.397035
0.398064
0.398587
0.398714
0.398649
0.339163
0.33921
0.339734
0.340955
0.342978
0.345843
0.34976
0.355045
0.36195
0.370571
0.379366
0.386459
0.391704
0.395535
0.398322
0.400309
0.401616
0.402248
0.402407
0.402332
0.328674
0.328726
0.32939
0.330924
0.333458
0.337047
0.341974
0.3486
0.357224
0.367933
0.378798
0.387506
0.393976
0.398733
0.402189
0.404671
0.406268
0.407026
0.407222
0.407138
0.315806
0.315858
0.316694
0.318676
0.321951
0.326566
0.332866
0.341275
0.352105
0.365395
0.378746
0.389417
0.397323
0.403087
0.407391
0.41039
0.412304
0.413204
0.413443
0.413344
0.29993
0.299981
0.301054
0.303651
0.30796
0.313991
0.322156
0.332907
0.346529
0.362983
0.379303
0.392259
0.401845
0.408885
0.414052
0.417676
0.419957
0.42105
0.42134
0.421222
0.280071
0.280142
0.28158
0.28504
0.29079
0.298813
0.309512
0.323353
0.34052
0.360816
0.380618
0.396217
0.407753
0.416236
0.42243
0.426779
0.429503
0.430818
0.431155
0.431009
0.254512
0.254634
0.256692
0.261562
0.269476
0.280366
0.29463
0.312571
0.334184
0.359068
0.382877
0.401451
0.415167
0.425277
0.432667
0.437868
0.441146
0.44271
0.443084
0.442903
0.220271
0.220546
0.223891
0.231355
0.242873
0.258126
0.277393
0.300698
0.327773
0.358002
0.386293
0.408123
0.424213
0.436109
0.444858
0.451071
0.455
0.456829
0.457224
0.456996
0.171569
0.172769
0.179526
0.192341
0.210099
0.232011
0.25813
0.288197
0.321726
0.357944
0.391063
0.416322
0.434897
0.448694
0.45895
0.46635
0.47104
0.473155
0.473546
0.473255
0.0992103
0.107043
0.122655
0.145352
0.172513
0.203333
0.237836
0.275704
0.316432
0.35925
0.397684
0.426784
0.448226
0.464303
0.476484
0.485492
0.491342
0.494072
0.494639
0.494438
0.0215558
0.0395217
0.0647533
0.0977681
0.134597
0.174515
0.217524
0.263438
0.311838
0.362086
0.406967
0.441044
0.466355
0.485573
0.50044
0.511838
0.519268
0.522843
0.523906
0.523898
-0.0421278
-0.0212659
0.0117943
0.0533021
0.0986989
0.147097
0.198278
0.252011
0.307871
0.365218
0.416117
0.454692
0.483415
0.505344
0.522329
0.535219
0.544122
0.548572
0.549368
0.549467
-0.0940424
-0.0713378
-0.0331376
0.0144017
0.0665192
0.121982
0.180324
0.241149
0.303916
0.367886
0.424272
0.466784
0.49832
0.522297
0.540858
0.554969
0.564947
0.569633
0.570589
0.570788
-0.137086
-0.113355
-0.0715981
-0.0192931
0.0381814
0.0994281
0.163856
0.230918
0.29989
0.369864
0.431177
0.477075
0.510893
0.536484
0.556202
0.571188
0.581644
0.586805
0.588112
0.588339
-0.173888
-0.149548
-0.105104
-0.049071
0.0128771
0.0790256
0.148703
0.221244
0.295779
0.371179
0.436905
0.485752
0.521452
0.548255
0.568754
0.584294
0.594914
0.600437
0.601965
0.6022
-0.206369
-0.181637
-0.135108
-0.0759611
-0.0102632
0.0601273
0.134437
0.211883
0.291464
0.371853
0.441636
0.493133
0.530436
0.558159
0.579134
0.594901
0.605644
0.611293
0.612918
0.6131
-0.235955
-0.21087
-0.162635
-0.100814
-0.0318854
0.042215
0.120645
0.202539
0.28678
0.371857
0.445501
0.499502
0.538283
0.566794
0.588132
0.603997
0.614774
0.620464
0.622198
0.622358
-0.263512
-0.238106
-0.188369
-0.124286
-0.0525049
0.0248834
0.107012
0.19297
0.281562
0.371116
0.448546
0.505058
0.545307
0.574627
0.596357
0.612365
0.623154
0.628805
0.630622
0.630792
-0.289754
-0.263971
-0.212858
-0.146787
-0.0724735
0.00784483
0.0933121
0.183
0.275671
0.369551
0.450769
0.509881
0.55174
0.581989
0.604191
0.620387
0.631215
0.636765
0.638561
0.638755
-0.314969
-0.288777
-0.236566
-0.168609
-0.0920242
-0.00908241
0.0794008
0.172512
0.269014
0.367097
0.452173
0.514089
0.557767
0.5891
0.611905
0.628388
0.639294
0.644786
0.646456
0.646588
-0.339502
-0.312773
-0.259578
-0.189926
-0.111328
-0.0260292
0.0651891
0.161439
0.26153
0.363707
0.452762
0.517713
0.563429
0.59606
0.619632
0.636514
0.647535
0.652968
0.654479
0.654525
-0.363419
-0.336294
-0.282021
-0.210858
-0.130456
-0.0430427
0.0506388
0.149756
0.253198
0.359348
0.452447
0.520668
0.568735
0.602903
0.627408
0.644783
0.655928
0.661264
0.662641
0.662571
-0.386806
-0.359162
-0.303997
-0.231453
-0.149427
-0.060128
0.0357541
0.137463
0.244003
0.353937
0.451108
0.522878
0.573633
0.609623
0.635237
0.653178
0.664427
0.669598
0.670797
0.670631
-0.409751
-0.381545
-0.325489
-0.251706
-0.168241
-0.0772642
0.0205738
0.124598
0.233945
0.347434
0.44867
0.524221
0.578029
0.616189
0.643123
0.66168
0.672979
0.677877
0.67886
0.678619
-0.432251
-0.403428
-0.346501
-0.271592
-0.186844
-0.0943993
0.00515726
0.111213
0.223068
0.33984
0.445043
0.524531
0.581771
0.622547
0.651099
0.670298
0.681483
0.685981
0.686709
0.686403
-0.454131
-0.424737
-0.366989
-0.291071
-0.205186
-0.111457
-0.0104237
0.0974
0.211454
0.331187
0.44014
0.523646
0.584652
0.62859
0.659242
0.679171
0.689944
0.693761
0.694168
0.693811
-0.47536
-0.44542
-0.386914
-0.310082
-0.223203
-0.128369
-0.0260664
0.0832516
0.199192
0.321509
0.433922
0.521393
0.586422
0.634107
0.667626
0.688669
0.698638
0.701157
0.701056
0.700694
-0.495994
-0.46544
-0.406238
-0.328582
-0.240827
-0.145048
-0.0416776
0.068878
0.186385
0.310893
0.426368
0.517635
0.586769
0.638708
0.676145
0.699385
0.708543
0.708677
0.707301
0.707068
-0.515866
-0.484774
-0.424901
-0.346504
-0.257993
-0.161409
-0.057161
0.0543934
0.173159
0.29946
0.417509
0.512256
0.585387
0.641778
0.684217
0.711629
0.721624
0.718968
0.714397
0.713186
-0.535056
-0.503411
-0.442924
-0.363872
-0.274736
-0.1775
-0.0725751
0.0397371
0.159447
0.287136
0.407221
0.505005
0.581958
0.642513
0.690559
0.724514
0.739257
0.738053
0.727522
0.709431
-0.553499
-0.521351
-0.460429
-0.380878
-0.291347
-0.193654
-0.0883373
0.0244198
0.144695
0.273255
0.394812
0.495009
0.575774
0.639685
0.692352
0.73367
0.753987
0.746461
0.732134
0.712037
-0.571028
-0.538735
-0.477236
-0.397274
-0.30753
-0.209525
-0.104219
0.00877517
0.129231
0.258125
0.380465
0.48199
0.566358
0.632499
0.684397
0.726548
0.748561
0.732963
0.661385
0.626596
-0.587006
-0.556695
-0.493005
-0.412476
-0.322578
-0.224631
-0.119928
-0.00697377
0.113276
0.241892
0.364188
0.465823
0.552742
0.621294
0.663223
0.695407
0.701451
0.652694
0.579523
0.533587
-0.642492
-0.572306
-0.507434
-0.427729
-0.337912
-0.240357
-0.135528
-0.0230907
0.0964908
0.224157
0.345488
0.446167
0.531924
0.607587
0.610543
0.626804
0.594445
0.529981
0.451314
0.406858
-0.603688
-0.587907
-0.528367
-0.449399
-0.360136
-0.262934
-0.159169
-0.0476787
0.0704706
0.195999
0.314267
0.411863
0.489018
0.563347
0.563013
0.456132
0.349926
0.276908
0.201531
0.238388
-0.634309
-0.605379
-0.545155
-0.466517
-0.377432
-0.280594
-0.17672
-0.0660321
0.0508094
0.174166
0.289118
0.382401
0.452025
0.491436
0.446154
0.298676
0.165733
0.0715045
-0.0319408
0.0252764
-0.657872
-0.625915
-0.564625
-0.485653
-0.396587
-0.299921
-0.196265
-0.0865677
0.0286612
0.149328
0.260261
0.347857
0.407737
0.416637
0.310431
0.127566
-0.0352812
-0.161513
-0.301013
-0.260256
-0.680792
-0.647314
-0.584923
-0.505152
-0.415943
-0.319439
-0.216383
-0.10779
0.00565472
0.123329
0.229513
0.310782
0.356321
0.33081
0.168701
-0.0422922
-0.249335
-0.436808
-0.642455
-0.645264
-0.702905
-0.669162
-0.60594
-0.525476
-0.436093
-0.339806
-0.237453
-0.130062
-0.018623
0.0957408
0.196643
0.270888
0.299305
0.238906
0.0332455
-0.19528
-0.434884
-0.650892
-0.921331
-1.25709
-0.725225
-0.691598
-0.627926
-0.547006
-0.45744
-0.361321
-0.259593
-0.153419
-0.0440607
0.0668156
0.162278
0.22868
0.239774
0.128142
-0.0847335
-0.313708
-0.54279
-0.738569
-0.813926
-0.922756
-0.748559
-0.715039
-0.651181
-0.570062
-0.480437
-0.384569
-0.283553
-0.178752
-0.0717666
0.0351673
0.124776
0.181767
0.168342
0.015605
-0.188875
-0.398427
-0.5806
-0.687145
-0.711366
-0.731605
-0.773238
-0.739805
-0.675845
-0.594697
-0.505178
-0.409714
-0.309629
-0.206484
-0.102269
0.000117774
0.0834109
0.128939
0.0924963
-0.08779
-0.283071
-0.466863
-0.608178
-0.656298
-0.671481
-0.673906
-0.79946
-0.765984
-0.701961
-0.620866
-0.531576
-0.436717
-0.337786
-0.236605
-0.135577
-0.0383207
0.0380384
0.0702795
0.0156777
-0.184952
-0.370563
-0.535192
-0.634195
-0.647132
-0.649943
-0.650168
-0.827204
-0.793642
-0.729525
-0.648523
-0.559595
-0.465507
-0.36796
-0.269054
-0.171619
-0.0800058
-0.0114039
0.00858813
-0.0768802
-0.274651
-0.45224
-0.590317
-0.630852
-0.638387
-0.639354
-0.638636
-0.856158
-0.822405
-0.758409
-0.677532
-0.58909
-0.495956
-0.400036
-0.303704
-0.210278
-0.12474
-0.0644384
-0.0571446
-0.175823
-0.359911
-0.521785
-0.624077
-0.628543
-0.630696
-0.631935
-0.631611
-0.885745
-0.851972
-0.78827
-0.707632
-0.619811
-0.527822
-0.433757
-0.340304
-0.251245
-0.172262
-0.119898
-0.132915
-0.265029
-0.437061
-0.584557
-0.619635
-0.633674
-0.629743
-0.626831
-0.625928
-0.915541
-0.881985
-0.818519
-0.738386
-0.651345
-0.560691
-0.468719
-0.378428
-0.294023
-0.221944
-0.177266
-0.206721
-0.35323
-0.50245
-0.63045
-0.670015
-0.645583
-0.628798
-0.621713
-0.619023
-0.94464
-0.911568
-0.848563
-0.769131
-0.683089
-0.593978
-0.504319
-0.417423
-0.337918
-0.272761
-0.237284
-0.280376
-0.444455
-0.553275
-0.642718
-0.656072
-0.644488
-0.631159
-0.623745
-0.621024
-0.971767
-0.939389
-0.877554
-0.799031
-0.714209
-0.626869
-0.539724
-0.456354
-0.381951
-0.323783
-0.296955
-0.351454
-0.535682
-0.634881
-0.575517
-0.628728
-0.679296
-0.701416
-0.700754
-0.696879
-0.995549
-0.96431
-0.904214
-0.826963
-0.743685
-0.658317
-0.573837
-0.494024
-0.424683
-0.374049
-0.352493
-0.428459
-0.630539
-0.820596
-0.854306
-0.857776
-0.87495
-0.893496
-0.886821
-0.876936
-1.01426
-0.984847
-0.926902
-0.851607
-0.770251
-0.687066
-0.605267
-0.528976
-0.464259
-0.421109
-0.404547
-0.507892
-0.734998
-1.03187
-1.40291
-1.13793
-1.04636
-1.03994
-1.03992
-1.04041
-1.02619
-0.999315
-0.944274
-0.871412
-0.792373
-0.711615
-0.632455
-0.559368
-0.498572
-0.461552
-0.457255
-0.578052
-0.76968
-0.75505
-0.513599
-0.795438
-1.13389
-1.17643
-1.15664
-1.15131
-1.02932
-1.00605
-0.954743
-0.884918
-0.80854
-0.73038
-0.653695
-0.582871
-0.525253
-0.492648
-0.503213
-0.635398
-0.789557
-0.691962
-0.587373
-0.918581
-1.17327
-1.17849
-1.12975
-1.15775
-1.02254
-1.00332
-0.956753
-0.89089
-0.817512
-0.741907
-0.667173
-0.597468
-0.540597
-0.51043
-0.53126
-0.716877
-1.18823
-1.95441
-2.66899
-3.11975
-2.9156
-2.43116
-1.99379
-1.86412
-1.00427
-0.988964
-0.949191
-0.888509
-0.81852
-0.745244
-0.671561
-0.601453
-0.54134
-0.50501
-0.52218
-0.740329
-1.37423
-2.27499
-2.98118
-3.32429
-3.23555
-2.93316
-2.55875
-2.34344
-0.975693
-0.964945
-0.932314
-0.87801
-0.811627
-0.740323
-0.666567
-0.593509
-0.526176
-0.471838
-0.462787
-0.537629
-0.806345
-1.06283
-1.27163
-1.22325
-0.993327
-0.728059
-0.507132
-0.39165
-0.940228
-0.933679
-0.908905
-0.861264
-0.798428
-0.728348
-0.653443
-0.575124
-0.495931
-0.418136
-0.339491
-0.221824
-0.0483635
0.31915
0.778089
1.23696
1.6021
1.8413
1.96164
2.00009
-0.902512
-0.898862
-0.882711
-0.841579
-0.781798
-0.712272
-0.635155
-0.551616
-0.459095
-0.356376
-0.229483
-0.090309
0.241532
0.829241
1.49138
2.0861
2.52587
2.77914
2.89008
2.92191
-0.867382
-0.865199
-0.855915
-0.822749
-0.766155
-0.695727
-0.616548
-0.528511
-0.431804
-0.318219
-0.192485
-0.0503936
0.148317
0.623883
1.18859
1.6811
2.03502
2.23805
2.32914
2.35625
-0.833365
-0.832183
-0.8291
-0.805796
-0.752521
-0.680702
-0.600188
-0.512644
-0.417707
-0.308726
-0.195762
-0.0773003
0.0503635
0.344865
0.761227
1.11062
1.3713
1.52871
1.60594
1.62941
-0.81189
-0.812037
-0.811972
-0.792274
-0.737381
-0.663474
-0.58312
-0.499171
-0.409804
-0.311663
-0.214927
-0.125198
-0.0409575
0.125574
0.402541
0.64989
0.835039
0.945086
0.994114
1.00651
-0.782573
-0.785695
-0.787312
-0.767139
-0.709716
-0.635864
-0.559266
-0.482441
-0.402726
-0.318483
-0.240424
-0.178219
-0.118323
-0.0189504
0.162258
0.325681
0.444671
0.513566
0.544496
0.551791
-0.703577
-0.707593
-0.708938
-0.691611
-0.645837
-0.585849
-0.522933
-0.459162
-0.392846
-0.323566
-0.263584
-0.223918
-0.190091
-0.124374
-0.00140716
0.104446
0.179884
0.221207
0.238604
0.240693
-0.581304
-0.583227
-0.583693
-0.574744
-0.550827
-0.516567
-0.47587
-0.430164
-0.379596
-0.325146
-0.281168
-0.260539
-0.250429
-0.206919
-0.118456
-0.0428856
0.00615012
0.0321205
0.0423812
0.042475
-0.469232
-0.469631
-0.470208
-0.469049
-0.462972
-0.45009
-0.429385
-0.400461
-0.364061
-0.321884
-0.287679
-0.274828
-0.279004
-0.244995
-0.183015
-0.131585
-0.0986342
-0.0817424
-0.0753366
-0.0756555
-0.398195
-0.39825
-0.39941
-0.402016
-0.403849
-0.40155
-0.392421
-0.374866
-0.348631
-0.314692
-0.283694
-0.266888
-0.262516
-0.231301
-0.187579
-0.15887
-0.142291
-0.134271
-0.131499
-0.132143
-0.363695
-0.363851
-0.365108
-0.368104
-0.371202
-0.371895
-0.367641
-0.356218
-0.335622
-0.305383
-0.272281
-0.244004
-0.220176
-0.196007
-0.17067
-0.156945
-0.148576
-0.143394
-0.141366
-0.142464
-0.351471
-0.351577
-0.352417
-0.354647
-0.35699
-0.357597
-0.354486
-0.344995
-0.326722
-0.298363
-0.262468
-0.224978
-0.183614
-0.157777
-0.153945
-0.149192
-0.142735
-0.136492
-0.133421
-0.134816
-0.353529
-0.353346
-0.353446
-0.354472
-0.355556
-0.35511
-0.351376
-0.341835
-0.323785
-0.295102
-0.259122
-0.222518
-0.181096
-0.159612
-0.156323
-0.147414
-0.136834
-0.128817
-0.125124
-0.126923
-0.368417
-0.367909
-0.367311
-0.367134
-0.366671
-0.364534
-0.359077
-0.348108
-0.328011
-0.29796
-0.264146
-0.237164
-0.213602
-0.1992
-0.18875
-0.169436
-0.148052
-0.132974
-0.127308
-0.13052
-0.396883
-0.396055
-0.394716
-0.393599
-0.391677
-0.387637
-0.380048
-0.366747
-0.343548
-0.30967
-0.275418
-0.257475
-0.254853
-0.260437
-0.236806
-0.206624
-0.185843
-0.175219
-0.171671
-0.171913
-0.438856
-0.437877
-0.436426
-0.434594
-0.431682
-0.426559
-0.417865
-0.403007
-0.376862
-0.337112
-0.294043
-0.269125
-0.282873
-0.290165
-0.259382
-0.22434
-0.200259
-0.191612
-0.189218
-0.189608
-0.495531
-0.494417
-0.492895
-0.490983
-0.488313
-0.484318
-0.477907
-0.466192
-0.443479
-0.400898
-0.337651
-0.282273
-0.277537
-0.28212
-0.251313
-0.216548
-0.190843
-0.176289
-0.17647
-0.177094
-0.56602
-0.565055
-0.564079
-0.563267
-0.563094
-0.564257
-0.567178
-0.570527
-0.569351
-0.541106
-0.450297
-0.345989
-0.308108
-0.29772
-0.255727
-0.203007
-0.164165
-0.149524
-0.149925
-0.149472
-0.646135
-0.645807
-0.646303
-0.648346
-0.653979
-0.666286
-0.689498
-0.728311
-0.781317
-0.798264
-0.671845
-0.497516
-0.410256
-0.365311
-0.283876
-0.199268
-0.129191
-0.107226
-0.114741
-0.116396
-0.725253
-0.72611
-0.729048
-0.735834
-0.750806
-0.780653
-0.836471
-0.935364
-1.083
-1.18006
-1.02119
-0.746253
-0.586971
-0.491302
-0.358938
-0.232296
-0.154426
-0.133967
-0.139382
-0.143612
-0.785798
-0.788164
-0.794043
-0.806626
-0.832777
-0.883455
-0.978847
-1.15391
-1.42499
-1.63086
-1.42969
-1.04926
-0.820215
-0.663951
-0.492857
-0.353516
-0.286974
-0.283537
-0.286438
-0.290409
-0.80703
-0.810816
-0.819165
-0.836652
-0.872315
-0.940658
-1.06748
-1.30627
-1.67949
-1.97138
-1.75904
-1.31612
-1.03649
-0.851615
-0.652638
-0.545123
-0.509803
-0.503516
-0.502598
-0.504802
-0.77344
-0.777583
-0.786667
-0.805948
-0.8452
-0.920014
-1.05946
-1.32144
-1.72741
-2.05735
-1.87345
-1.44837
-1.19979
-1.01571
-0.85803
-0.754044
-0.734927
-0.732171
-0.731596
-0.73374
-0.682249
-0.685935
-0.693986
-0.711151
-0.746476
-0.814316
-0.943284
-1.1829
-1.53817
-1.80714
-1.67579
-1.38214
-1.25242
-1.17068
-1.11718
-1.02745
-0.987168
-0.969802
-0.962157
-0.961662
-0.547877
-0.55032
-0.555836
-0.568321
-0.594845
-0.646504
-0.745244
-0.929522
-1.19643
-1.3639
-1.2823
-1.17436
-1.14738
-1.3163
-1.42411
-1.30036
-1.20266
-1.15255
-1.12825
-1.12032
-0.393892
-0.39505
-0.397783
-0.404868
-0.421058
-0.453591
-0.516765
-0.63776
-0.826351
-0.95013
-0.916668
-0.878922
-0.947029
-1.16859
-1.37192
-1.26589
-1.1628
-1.10646
-1.07826
-1.06824
-0.245246
-0.245259
-0.245866
-0.248607
-0.2561
-0.272092
-0.304164
-0.368417
-0.484838
-0.588582
-0.595636
-0.572235
-0.575502
-0.719072
-0.881353
-0.863111
-0.819976
-0.795082
-0.782454
-0.776525
-0.118606
-0.118073
-0.117902
-0.118532
-0.120702
-0.125733
-0.136401
-0.158528
-0.204213
-0.271012
-0.256066
-0.209068
-0.218329
-0.307487
-0.394794
-0.409039
-0.404965
-0.4025
-0.40217
-0.401453
-0.0193701
-0.0191704
-0.0181169
-0.0169245
-0.0162525
-0.0162607
-0.0166451
-0.0174172
-0.018695
-0.0170099
-0.0438966
-0.0618838
-0.0511982
-0.0428234
-0.0587639
-0.060277
-0.0627693
-0.0656041
-0.0665443
-0.0645608
-0.391362
-0.201037
0.0203625
0.207929
0.35923
0.480205
0.581461
0.666923
0.705108
0.682367
-0.0451653
0.0899977
0.233677
0.357989
0.46332
0.551111
0.622278
0.672807
0.698589
0.710304
0.198885
0.290678
0.387979
0.47434
0.548848
0.61127
0.660848
0.697035
0.722859
0.740438
0.374711
0.438664
0.506799
0.569197
0.623387
0.66933
0.706926
0.736738
0.760799
0.778843
0.50964
0.556282
0.605789
0.65298
0.694579
0.730768
0.761594
0.787073
0.808249
0.825937
0.619784
0.654807
0.695217
0.732952
0.767437
0.798204
0.824972
0.847344
0.865722
0.883
0.715949
0.745915
0.781486
0.814952
0.846063
0.874208
0.898726
0.919014
0.934886
0.951947
0.806822
0.836824
0.871812
0.904682
0.935012
0.962223
0.98559
1.00445
1.01808
1.03513
0.903577
0.937184
0.974453
1.00857
1.03909
1.06567
1.08795
1.10547
1.11752
1.13495
1.01955
1.05743
1.0965
1.13113
1.16077
1.18576
1.20634
1.22238
1.23398
1.25207
1.16513
1.20388
1.24004
1.27091
1.29676
1.319
1.33817
1.3538
1.36631
1.38432
1.34021
1.37215
1.39845
1.42096
1.44103
1.45984
1.47762
1.49415
1.50955
1.52764
1.52901
1.54633
1.56151
1.57782
1.59377
1.60835
1.6216
1.63556
1.65314
1.67331
1.71106
1.72049
1.73207
1.74291
1.75222
1.76185
1.77269
1.78409
1.79547
1.81084
1.9182
1.9219
1.90697
1.89218
1.88595
1.89166
1.91015
1.94048
1.97267
1.99934
2.22454
2.08968
2.01307
1.97077
1.95336
1.95733
1.98475
2.04117
2.1438
2.36817
0.503195
0.501064
0.496578
0.487947
0.475716
0.463576
0.453329
0.445402
0.439732
0.436397
0.435926
0.438533
0.443526
0.45066
0.459981
0.47147
0.484084
0.495093
0.501193
0.504236
0.427659
0.433505
0.439842
0.44433
0.446792
0.446456
0.443701
0.43986
0.436296
0.433947
0.433676
0.435737
0.43928
0.443472
0.447205
0.449031
0.448052
0.444537
0.439347
0.432715
0.419267
0.421562
0.424965
0.427958
0.430028
0.431514
0.432249
0.431897
0.430812
0.429833
0.429871
0.431148
0.432831
0.434026
0.434116
0.433155
0.431551
0.429171
0.425878
0.422945
0.413795
0.41488
0.416716
0.419099
0.421123
0.422546
0.423548
0.424259
0.424595
0.424712
0.425048
0.425682
0.426121
0.426055
0.425532
0.424592
0.423047
0.4209
0.418769
0.417372
0.408651
0.409313
0.410427
0.412142
0.413931
0.415564
0.416847
0.417823
0.418631
0.419301
0.419851
0.420194
0.420197
0.419866
0.419157
0.417981
0.41645
0.414822
0.413447
0.412652
0.40375
0.404207
0.405003
0.406328
0.40784
0.409374
0.410841
0.412111
0.413174
0.414096
0.4148
0.415114
0.415018
0.414525
0.413634
0.412477
0.411207
0.409954
0.408962
0.408431
0.399043
0.399382
0.400007
0.401114
0.402452
0.403861
0.405317
0.406749
0.408054
0.409177
0.410033
0.410422
0.410295
0.40973
0.408872
0.407873
0.406828
0.405802
0.405036
0.404644
0.394475
0.394732
0.395242
0.396208
0.397441
0.398787
0.400206
0.401682
0.403159
0.404518
0.405567
0.406048
0.405955
0.405471
0.404758
0.403916
0.403018
0.402169
0.401562
0.401265
0.390006
0.390203
0.390628
0.3915
0.39268
0.393996
0.395403
0.3969
0.398457
0.399992
0.401266
0.40194
0.402036
0.401742
0.401197
0.400503
0.399735
0.39902
0.398535
0.398305
0.385592
0.385739
0.386101
0.386913
0.388068
0.38938
0.390821
0.392387
0.394065
0.395797
0.397333
0.398278
0.398615
0.398525
0.398144
0.39759
0.396953
0.39635
0.395963
0.395788
0.381209
0.381315
0.38163
0.382408
0.383568
0.384915
0.38643
0.388133
0.389997
0.391964
0.393825
0.395135
0.395758
0.395873
0.395659
0.395243
0.394722
0.394217
0.393911
0.39378
0.376806
0.376874
0.377147
0.377901
0.379071
0.380455
0.382013
0.383804
0.385872
0.388188
0.390473
0.39217
0.393131
0.393577
0.393643
0.393432
0.393056
0.392657
0.392431
0.392344
0.372427
0.372458
0.372692
0.373414
0.374591
0.376027
0.37769
0.379655
0.381959
0.384608
0.3874
0.389677
0.391134
0.391938
0.392288
0.392302
0.392105
0.39185
0.391716
0.39167
0.368047
0.368049
0.368249
0.368919
0.370068
0.371537
0.373302
0.37548
0.378153
0.381357
0.384809
0.387688
0.389656
0.390907
0.391586
0.391931
0.392017
0.391969
0.391939
0.39192
0.36334
0.363341
0.363512
0.364119
0.365211
0.366694
0.368581
0.371001
0.374064
0.377849
0.382092
0.385822
0.388488
0.390303
0.391489
0.392234
0.392688
0.392904
0.392996
0.392995
0.357907
0.35789
0.358073
0.358678
0.359813
0.361418
0.36356
0.366397
0.370077
0.3747
0.379951
0.384625
0.388048
0.390484
0.392198
0.393378
0.394132
0.394578
0.394763
0.394769
0.351459
0.351434
0.351643
0.352297
0.353543
0.355362
0.357853
0.361202
0.36562
0.37126
0.377767
0.383648
0.388042
0.391229
0.39351
0.395137
0.39626
0.396938
0.397206
0.397219
0.343672
0.343639
0.343898
0.34469
0.346141
0.348301
0.35131
0.35541
0.360856
0.367831
0.37589
0.383206
0.388698
0.392725
0.395635
0.397749
0.399232
0.400116
0.400447
0.400465
0.334167
0.33412
0.334449
0.335434
0.337232
0.339904
0.343649
0.34876
0.355544
0.364217
0.374203
0.38324
0.390042
0.395011
0.398657
0.401313
0.403186
0.404262
0.404661
0.404688
0.322537
0.322472
0.322893
0.324159
0.326445
0.329838
0.334598
0.341071
0.34961
0.360423
0.372773
0.383887
0.392209
0.398336
0.402824
0.406091
0.408368
0.409659
0.41014
0.410179
0.308215
0.308125
0.308673
0.310317
0.313301
0.317714
0.323873
0.33216
0.342966
0.356472
0.371691
0.385262
0.395404
0.40286
0.408327
0.412324
0.415038
0.416563
0.41715
0.417201
0.290451
0.290341
0.291091
0.293252
0.297176
0.303011
0.311087
0.321807
0.335546
0.35239
0.371045
0.387499
0.399757
0.408784
0.415404
0.420184
0.423435
0.425273
0.42598
0.426035
0.267898
0.267777
0.268882
0.271862
0.277124
0.285026
0.295785
0.309806
0.327332
0.348291
0.371011
0.390782
0.405445
0.416252
0.42418
0.429901
0.433783
0.435993
0.436826
0.436879
0.238306
0.238223
0.239997
0.244379
0.251851
0.26288
0.277534
0.296045
0.318431
0.344379
0.371796
0.395285
0.412607
0.425388
0.43479
0.441601
0.446254
0.448892
0.449851
0.449891
0.197561
0.197664
0.200924
0.208224
0.219749
0.235862
0.256223
0.280755
0.309188
0.340986
0.373662
0.401183
0.42135
0.436247
0.447268
0.455331
0.460893
0.463997
0.465058
0.465073
0.137915
0.139241
0.147171
0.160858
0.179937
0.204106
0.232437
0.264604
0.300186
0.338532
0.37684
0.408555
0.431646
0.448722
0.461456
0.470898
0.477491
0.481097
0.482228
0.482202
0.0664801
0.0686278
0.0836752
0.1074
0.137012
0.170653
0.20775
0.248123
0.29145
0.337139
0.382149
0.419262
0.446414
0.466693
0.482004
0.493494
0.501672
0.506145
0.507371
0.507422
-0.00699741
-4.97698e-05
0.0221783
0.0558327
0.0951864
0.138031
0.183829
0.232424
0.283543
0.336673
0.388539
0.431194
0.462488
0.486073
0.504202
0.518127
0.528024
0.532696
0.534456
0.534859
-0.0658695
-0.0570324
-0.030119
0.0102756
0.0571852
0.107807
0.161374
0.21759
0.276068
0.33624
0.394522
0.442202
0.477103
0.503392
0.52358
0.539038
0.550045
0.555918
0.558571
0.559121
-0.113762
-0.10437
-0.0739829
-0.028696
0.0239658
0.0807987
0.140867
0.203729
0.26884
0.335472
0.399601
0.451735
0.489675
0.518101
0.539869
0.556598
0.568638
0.57539
0.578409
0.579025
-0.15388
-0.144284
-0.111632
-0.0625399
-0.00522552
0.0567165
0.122265
0.190888
0.261867
0.33432
0.403725
0.45977
0.500257
0.530392
0.553334
0.570899
0.583631
0.591048
0.594277
0.594924
-0.18876
-0.179091
-0.144734
-0.0926082
-0.0314516
0.0348303
0.105131
0.178813
0.255046
0.332765
0.406978
0.466534
0.509207
0.540693
0.564449
0.582491
0.595543
0.603321
0.606665
0.60735
-0.219957
-0.210269
-0.174617
-0.119903
-0.0555437
0.014453
0.0889347
0.167144
0.248152
0.330733
0.409431
0.472267
0.516918
0.549541
0.573896
0.592191
0.605359
0.613281
0.616592
0.617341
-0.248669
-0.23894
-0.202209
-0.145306
-0.0781781
-0.00491042
0.0732704
0.155563
0.24096
0.328109
0.411102
0.477117
0.523708
0.557409
0.582311
0.600852
0.614074
0.622106
0.625422
0.62605
-0.275671
-0.265885
-0.228194
-0.169412
-0.0998191
-0.0236605
0.0578273
0.143831
0.233292
0.324769
0.411962
0.481175
0.529744
0.56461
0.59013
0.608963
0.6223
0.630307
0.633644
0.63414
-0.301451
-0.291596
-0.253013
-0.192614
-0.120789
-0.0420482
0.0424087
0.131787
0.225014
0.320615
0.411956
0.484476
0.535203
0.571395
0.59766
0.616867
0.630355
0.638348
0.641642
0.642125
-0.326431
-0.316409
-0.277002
-0.215105
-0.141306
-0.0602585
0.0268775
0.119327
0.216049
0.315578
0.411058
0.487079
0.540202
0.577908
0.605083
0.624794
0.638515
0.646526
0.649701
0.650175
-0.350773
-0.340517
-0.300382
-0.23705
-0.161497
-0.0783937
0.0111583
0.106403
0.206349
0.309627
0.409241
0.488935
0.544702
0.584187
0.612467
0.632816
0.646837
0.654863
0.657903
0.658322
-0.374529
-0.364059
-0.323205
-0.258567
-0.181429
-0.0964746
-0.00476547
0.0929983
0.195907
0.30272
0.406402
0.489938
0.548668
0.590227
0.61983
0.640943
0.655294
0.663299
0.666174
0.666497
-0.397829
-0.387056
-0.345486
-0.279673
-0.201113
-0.114511
-0.0208816
0.0791377
0.184734
0.294825
0.402452
0.489991
0.552009
0.595991
0.627168
0.649165
0.663853
0.671796
0.674443
0.674636
-0.420591
-0.40954
-0.367257
-0.30036
-0.220527
-0.132465
-0.0371363
0.0648717
0.172859
0.285943
0.397357
0.488971
0.554575
0.601389
0.634477
0.657498
0.672463
0.68019
0.682542
0.682613
-0.442843
-0.431497
-0.388489
-0.3206
-0.239626
-0.150282
-0.0534713
0.0502732
0.160357
0.276126
0.391078
0.486742
0.556186
0.606285
0.641753
0.666015
0.681139
0.688414
0.690342
0.690281
-0.464411
-0.452839
-0.409132
-0.340343
-0.258351
-0.167881
-0.069809
0.0354305
0.147322
0.265443
0.383594
0.483193
0.556631
0.610467
0.648958
0.674916
0.690074
0.696436
0.697675
0.697464
-0.485413
-0.473516
-0.429151
-0.35955
-0.276659
-0.185214
-0.0860475
0.0204372
0.133854
0.253985
0.374939
0.478224
0.555685
0.613614
0.655911
0.684473
0.699879
0.704607
0.704474
0.704002
-0.50569
-0.493493
-0.448513
-0.378165
-0.294466
-0.202191
-0.102101
0.00541698
0.120069
0.241838
0.365182
0.471773
0.55314
0.615302
0.662147
0.694743
0.711676
0.714492
0.711397
0.709631
-0.525289
-0.512817
-0.467166
-0.396132
-0.311728
-0.218741
-0.117885
-0.00954627
0.106087
0.229158
0.354428
0.463805
0.54884
0.615046
0.666761
0.70497
0.726171
0.729595
0.722652
0.712094
-0.544126
-0.53144
-0.485212
-0.413602
-0.328654
-0.23515
-0.133742
-0.0248662
0.0914397
0.215405
0.342092
0.453669
0.542157
0.612177
0.668354
0.713304
0.741877
0.74984
0.743151
0.73269
-0.562158
-0.549262
-0.502655
-0.430535
-0.345233
-0.251419
-0.149648
-0.0405533
0.0760956
0.200488
0.328028
0.441072
0.532453
0.606049
0.664329
0.713979
0.746069
0.758661
0.724143
0.669263
-0.579133
-0.56553
-0.519397
-0.446878
-0.361582
-0.267675
-0.165645
-0.0564851
0.060127
0.184492
0.312223
0.42592
0.518873
0.596464
0.653202
0.695593
0.728353
0.721766
0.664385
0.59669
-0.595329
-0.581044
-0.535247
-0.462049
-0.377379
-0.283446
-0.181945
-0.0725992
0.0436829
0.167598
0.294728
0.408128
0.500494
0.584537
0.6349
0.687616
0.665
0.627652
0.557497
0.486232
-0.581082
-0.563084
-0.514795
-0.437909
-0.34845
-0.2509
-0.14424
-0.032106
0.0870355
0.214073
0.334664
0.434715
0.518473
0.606782
0.661651
0.578233
0.5362
0.474392
0.399647
0.34962
-0.605363
-0.58873
-0.553502
-0.486084
-0.40177
-0.30841
-0.206853
-0.0982519
0.017037
0.139383
0.264135
0.375042
0.463423
0.541677
0.612067
0.615445
0.494412
0.409989
0.346354
0.259725
-0.625054
-0.609363
-0.568285
-0.499459
-0.414897
-0.322033
-0.221686
-0.114076
8.73028e-05
0.120779
0.243429
0.351686
0.436801
0.502243
0.529281
0.460237
0.314228
0.214546
0.136831
0.0436702
-0.645136
-0.632714
-0.587086
-0.51695
-0.432266
-0.339271
-0.239035
-0.131862
-0.0187551
0.100199
0.219715
0.323176
0.401305
0.450939
0.42836
0.296562
0.135769
0.0114604
-0.0915536
-0.235138
-0.668374
-0.65536
-0.607787
-0.536531
-0.451576
-0.358568
-0.258507
-0.15203
-0.040179
0.0766802
0.192572
0.290605
0.360828
0.391466
0.330942
0.139569
-0.0549648
-0.220489
-0.3729
-0.577734
-0.690499
-0.677794
-0.629092
-0.556695
-0.471285
-0.378328
-0.278689
-0.17315
-0.0627928
0.0516213
0.163512
0.255633
0.317292
0.319771
0.205495
-0.00895383
-0.238288
-0.464799
-0.654693
-1.09191
-0.712441
-0.700279
-0.651097
-0.577856
-0.49208
-0.399118
-0.299909
-0.195314
-0.0865597
0.0251858
0.132766
0.218375
0.270011
0.23624
0.078542
-0.140938
-0.378719
-0.615023
-0.819527
-1.15669
-0.73522
-0.723249
-0.673992
-0.60025
-0.514227
-0.421254
-0.322436
-0.218763
-0.111664
-0.00274767
0.100305
0.178944
0.218316
0.161348
-0.0367038
-0.248012
-0.466299
-0.65467
-0.734763
-0.771551
-0.759223
-0.747491
-0.698119
-0.624149
-0.538076
-0.445248
-0.346972
-0.244441
-0.139317
-0.033707
0.0642136
0.135174
0.160124
0.0753232
-0.140018
-0.338776
-0.518093
-0.641585
-0.679945
-0.692973
-0.78465
-0.773094
-0.723623
-0.649546
-0.563543
-0.471022
-0.373489
-0.272347
-0.169557
-0.0677588
0.0243796
0.087322
0.0921787
-0.0302412
-0.233529
-0.418121
-0.573158
-0.638607
-0.656684
-0.660375
-0.811594
-0.800232
-0.750549
-0.676422
-0.59058
-0.498532
-0.401938
-0.302458
-0.20236
-0.104822
-0.019161
0.0356088
0.0123527
-0.132029
-0.32183
-0.495074
-0.609633
-0.65301
-0.645651
-0.644734
-0.839961
-0.828572
-0.778855
-0.704699
-0.619103
-0.527675
-0.432236
-0.334682
-0.237625
-0.14482
-0.0661356
-0.0208802
-0.0646785
-0.229198
-0.403986
-0.56131
-0.615533
-0.631253
-0.635024
-0.635403
-0.869346
-0.857982
-0.808498
-0.734167
-0.64893
-0.558278
-0.464202
-0.368841
-0.275171
-0.187545
-0.116048
-0.0821352
-0.135762
-0.315836
-0.480081
-0.599502
-0.642639
-0.632305
-0.630435
-0.629637
-0.899276
-0.888028
-0.838424
-0.764474
-0.679718
-0.590012
-0.497506
-0.404604
-0.314632
-0.23255
-0.168684
-0.14422
-0.215297
-0.394234
-0.547458
-0.642025
-0.643644
-0.633328
-0.626039
-0.622817
-0.928869
-0.918005
-0.868502
-0.795077
-0.710951
-0.622378
-0.531668
-0.441463
-0.355466
-0.279121
-0.223277
-0.205914
-0.308074
-0.46686
-0.592837
-0.645158
-0.65002
-0.636251
-0.623004
-0.618612
-0.95736
-0.946839
-0.897989
-0.825064
-0.741905
-0.654667
-0.565977
-0.478662
-0.396849
-0.326449
-0.27846
-0.274366
-0.398954
-0.548757
-0.59885
-0.621599
-0.643056
-0.651974
-0.651396
-0.647781
-0.983293
-0.973265
-0.925413
-0.85362
-0.771623
-0.685961
-0.599491
-0.515214
-0.437641
-0.373439
-0.332669
-0.342636
-0.48463
-0.659584
-0.687343
-0.643418
-0.724594
-0.774697
-0.786105
-0.777857
-1.00529
-0.995944
-0.949476
-0.879249
-0.798948
-0.715142
-0.630994
-0.549851
-0.476365
-0.418207
-0.385316
-0.403469
-0.576632
-0.801451
-1.13042
-1.16625
-1.01172
-0.974392
-0.979087
-0.971493
-1.02151
-1.01296
-0.968655
-0.900533
-0.822421
-0.740806
-0.659139
-0.58094
-0.511294
-0.458331
-0.435128
-0.452582
-0.670093
-0.871683
-0.999065
-1.00554
-1.08204
-1.12886
-1.10808
-1.09894
-1.03037
-1.02259
-0.981239
-0.916017
-0.840489
-0.761398
-0.682292
-0.606712
-0.540284
-0.491449
-0.476827
-0.496527
-0.722083
-0.713397
-0.404663
-0.44685
-0.878523
-1.15271
-1.16153
-1.16051
-1.02884
-1.02234
-0.986133
-0.924175
-0.85176
-0.775443
-0.698783
-0.625206
-0.560542
-0.514544
-0.504731
-0.564491
-0.82084
-1.0851
-1.27767
-1.71621
-1.97188
-1.76041
-1.43237
-1.32638
-1.016
-1.01149
-0.981434
-0.924093
-0.85513
-0.781825
-0.707184
-0.634698
-0.569512
-0.521893
-0.513062
-0.58292
-1.0131
-1.85124
-2.87563
-3.37423
-3.50317
-3.19901
-2.74022
-2.44739
-0.991995
-0.988607
-0.965814
-0.915371
-0.850451
-0.780068
-0.706841
-0.63381
-0.565656
-0.510021
-0.488596
-0.525265
-0.899457
-1.44843
-2.0885
-2.5214
-2.56191
-2.30417
-1.96642
-1.70544
-0.959306
-0.957102
-0.941492
-0.899027
-0.838723
-0.77078
-0.698179
-0.622916
-0.548202
-0.478942
-0.420203
-0.398477
-0.389487
-0.376622
-0.224718
0.0201822
0.337161
0.629838
0.834801
0.945827
-0.921899
-0.92065
-0.910688
-0.877788
-0.822485
-0.75616
-0.683162
-0.604666
-0.52089
-0.432516
-0.331651
-0.218212
-0.00756526
0.426787
1.01419
1.60925
2.10323
2.44399
2.63768
2.71895
-0.884727
-0.884038
-0.878857
-0.85408
-0.804745
-0.739377
-0.665724
-0.583308
-0.493261
-0.389409
-0.274137
-0.131893
0.0398878
0.462211
1.09447
1.71036
2.21209
2.53497
2.70233
2.76556
-0.850065
-0.848971
-0.846826
-0.832465
-0.789493
-0.725003
-0.649091
-0.564972
-0.472556
-0.369356
-0.252723
-0.127068
0.00776436
0.251042
0.72533
1.17835
1.53468
1.77072
1.89721
1.95328
-0.821889
-0.820678
-0.820265
-0.812781
-0.775459
-0.710607
-0.633098
-0.549546
-0.460285
-0.363279
-0.256998
-0.152266
-0.044339
0.0894604
0.398107
0.725899
0.986774
1.16534
1.25984
1.29586
-0.801544
-0.801643
-0.804094
-0.798244
-0.759163
-0.690181
-0.612003
-0.532012
-0.449376
-0.361774
-0.269992
-0.189911
-0.113796
-0.0340749
0.157227
0.375641
0.553713
0.67305
0.733689
0.756706
-0.750216
-0.752257
-0.756609
-0.750989
-0.713013
-0.649252
-0.57831
-0.507301
-0.435293
-0.360265
-0.285414
-0.225617
-0.176232
-0.130114
-8.24992e-05
0.143469
0.255683
0.330261
0.367418
0.379431
-0.643727
-0.646144
-0.649175
-0.644632
-0.620049
-0.577097
-0.526434
-0.472879
-0.416197
-0.355886
-0.297421
-0.256261
-0.232212
-0.21155
-0.115312
-0.0174919
0.0568977
0.102929
0.124646
0.131058
-0.520263
-0.52154
-0.522488
-0.521078
-0.511881
-0.493685
-0.467519
-0.43417
-0.394154
-0.348408
-0.302502
-0.273737
-0.269899
-0.266105
-0.196048
-0.124619
-0.0724545
-0.0418992
-0.0284754
-0.0247498
-0.427801
-0.428373
-0.42872
-0.430092
-0.4307
-0.427389
-0.417478
-0.39964
-0.372762
-0.338077
-0.300523
-0.276762
-0.272637
-0.267613
-0.216642
-0.1686
-0.137246
-0.119595
-0.111739
-0.109875
-0.37699
-0.377364
-0.377808
-0.380071
-0.383367
-0.385263
-0.382457
-0.372655
-0.354434
-0.327111
-0.293243
-0.265301
-0.248321
-0.231338
-0.194836
-0.169078
-0.153188
-0.14453
-0.14058
-0.1399
-0.355236
-0.355575
-0.356015
-0.357991
-0.360999
-0.363145
-0.362095
-0.355627
-0.341325
-0.317472
-0.28433
-0.249214
-0.215502
-0.182489
-0.165831
-0.157002
-0.14986
-0.143962
-0.140749
-0.139957
-0.35072
-0.350906
-0.35098
-0.352073
-0.353994
-0.355159
-0.353815
-0.347843
-0.334505
-0.311527
-0.278559
-0.240819
-0.199743
-0.161381
-0.152463
-0.148556
-0.141087
-0.13426
-0.127666
-0.127323
-0.359278
-0.359219
-0.358787
-0.358856
-0.359396
-0.359114
-0.356505
-0.349558
-0.335383
-0.311624
-0.278186
-0.244235
-0.210984
-0.181544
-0.17383
-0.163599
-0.148509
-0.132842
-0.124162
-0.123901
-0.380913
-0.38058
-0.379714
-0.378938
-0.378135
-0.376134
-0.371534
-0.362473
-0.345847
-0.320281
-0.28448
-0.256963
-0.241767
-0.238383
-0.224088
-0.19955
-0.17669
-0.15861
-0.151154
-0.150609
-0.416211
-0.4157
-0.414568
-0.4131
-0.411195
-0.407706
-0.401337
-0.39023
-0.370919
-0.341633
-0.299898
-0.271094
-0.263838
-0.28271
-0.26932
-0.234066
-0.203892
-0.187373
-0.179472
-0.180003
-0.465687
-0.464899
-0.463579
-0.461857
-0.459472
-0.455638
-0.449334
-0.438626
-0.419305
-0.387046
-0.335704
-0.288479
-0.268431
-0.291077
-0.276401
-0.241057
-0.213218
-0.195457
-0.192551
-0.191375
-0.529637
-0.528686
-0.527449
-0.526001
-0.524339
-0.522447
-0.520129
-0.516175
-0.50658
-0.482784
-0.424041
-0.338287
-0.284795
-0.28608
-0.268955
-0.226756
-0.189508
-0.166456
-0.15924
-0.161523
-0.60588
-0.604966
-0.604405
-0.60431
-0.605426
-0.60928
-0.617729
-0.632635
-0.65352
-0.667305
-0.611563
-0.471467
-0.369243
-0.340908
-0.298447
-0.232912
-0.170077
-0.135134
-0.132423
-0.133667
-0.687218
-0.686707
-0.687571
-0.690198
-0.696755
-0.71118
-0.739277
-0.789964
-0.872179
-0.963501
-0.929224
-0.713677
-0.534009
-0.458644
-0.369576
-0.258267
-0.162498
-0.106791
-0.107968
-0.114214
-0.759333
-0.759619
-0.762508
-0.769001
-0.783197
-0.812156
-0.867399
-0.969627
-1.14455
-1.36231
-1.35939
-1.04916
-0.784053
-0.64172
-0.497847
-0.344412
-0.23449
-0.197687
-0.197192
-0.202286
-0.802379
-0.803662
-0.808625
-0.819103
-0.84117
-0.88488
-0.967611
-1.12348
-1.39616
-1.73573
-1.78289
-1.38807
-1.04438
-0.848947
-0.655622
-0.501367
-0.406847
-0.392492
-0.390219
-0.391806
-0.797143
-0.799255
-0.805325
-0.818377
-0.845783
-0.89968
-1.00188
-1.18552
-1.51614
-1.93452
-2.03259
-1.6089
-1.24518
-1.03651
-0.83986
-0.67996
-0.625769
-0.617642
-0.61639
-0.616962
-0.733687
-0.736019
-0.742062
-0.754867
-0.781736
-0.83449
-0.93437
-1.12386
-1.45582
-1.84812
-1.96798
-1.60289
-1.32434
-1.16065
-1.03829
-0.921095
-0.871839
-0.855162
-0.849659
-0.848639
-0.618189
-0.620271
-0.624952
-0.635142
-0.657097
-0.700784
-0.784215
-0.942892
-1.21733
-1.51408
-1.58608
-1.37514
-1.23875
-1.21716
-1.28456
-1.23119
-1.13588
-1.08996
-1.06777
-1.05834
-0.470739
-0.472259
-0.474999
-0.481252
-0.495944
-0.526021
-0.584289
-0.69615
-0.894359
-1.10343
-1.1397
-1.04602
-1.03882
-1.1676
-1.41697
-1.42674
-1.27917
-1.19328
-1.15079
-1.13096
-0.317093
-0.317782
-0.318618
-0.321224
-0.328793
-0.34539
-0.378573
-0.444024
-0.568793
-0.72537
-0.769624
-0.747153
-0.73861
-0.851546
-1.08659
-1.13861
-1.0518
-0.991854
-0.961724
-0.947684
-0.178227
-0.178349
-0.178006
-0.178418
-0.181027
-0.187593
-0.201495
-0.230147
-0.291337
-0.383611
-0.431007
-0.402899
-0.362934
-0.422349
-0.571141
-0.630714
-0.616753
-0.601038
-0.593432
-0.589829
-0.0193992
-0.0187272
-0.0175428
-0.0164572
-0.0161911
-0.016413
-0.0169767
-0.0180013
-0.0186325
-0.0240488
-0.0580756
-0.0640353
-0.0411704
-0.0490625
-0.0622735
-0.0609354
-0.0644243
-0.0662443
-0.0665866
-0.225509
-1.51437
-0.747598
-0.272283
0.00821196
0.213876
0.373534
0.499894
0.604937
0.713071
0.805775
-0.370802
-0.150251
0.0484697
0.214708
0.353645
0.468066
0.562163
0.639125
0.687032
0.693379
0.00570344
0.134149
0.258603
0.369734
0.46555
0.546712
0.613314
0.663903
0.696695
0.715964
0.239211
0.32572
0.410378
0.48822
0.556464
0.614761
0.662661
0.700148
0.728514
0.74856
0.406786
0.465572
0.528166
0.585837
0.636254
0.68002
0.717043
0.747614
0.772403
0.790034
0.537222
0.58039
0.629516
0.672549
0.712281
0.747575
0.77835
0.804532
0.826228
0.840921
0.645103
0.680972
0.72016
0.756094
0.789852
0.820727
0.848079
0.87147
0.890684
0.902738
0.741379
0.773439
0.80863
0.842286
0.873939
0.903069
0.928835
0.950612
0.967921
0.977683
0.834348
0.867509
0.903512
0.938146
0.970016
0.998793
1.02376
1.0444
1.0601
1.06848
0.937542
0.97531
1.01397
1.05067
1.08308
1.11126
1.13495
1.15416
1.16845
1.17705
1.06533
1.10783
1.14712
1.18325
1.21387
1.23972
1.26142
1.27917
1.29278
1.30302
1.22712
1.26884
1.30275
1.33225
1.35689
1.37851
1.39818
1.41568
1.43048
1.44322
1.41761
1.44849
1.46999
1.4892
1.50731
1.52459
1.54085
1.55672
1.57326
1.59022
1.61571
1.62716
1.63827
1.65241
1.66672
1.67959
1.691
1.70189
1.71482
1.73172
1.8016
1.81152
1.8202
1.82265
1.82351
1.82781
1.83865
1.85464
1.87228
1.87689
2.10266
2.04728
1.99649
1.95625
1.93389
1.92988
1.94338
1.97719
2.03364
2.10921
0.64541
0.586716
0.544232
0.510368
0.485702
0.468133
0.455597
0.44663
0.440465
0.436903
0.436393
0.439124
0.444451
0.452298
0.463152
0.478159
0.499137
0.528209
0.566955
0.61477
0.446973
0.455725
0.46125
0.462067
0.458572
0.452509
0.446048
0.44053
0.436617
0.434853
0.435889
0.439354
0.444528
0.450921
0.457626
0.462853
0.464451
0.461197
0.453828
0.446158
0.424024
0.426055
0.43066
0.434166
0.436668
0.43808
0.437766
0.435989
0.433735
0.432067
0.431944
0.433619
0.436211
0.43873
0.440129
0.43973
0.437826
0.434989
0.430917
0.426524
0.41715
0.418016
0.4205
0.423211
0.425216
0.426563
0.427521
0.427928
0.427715
0.427349
0.427543
0.428462
0.429409
0.429764
0.42936
0.428435
0.426963
0.424676
0.422003
0.420024
0.411549
0.412011
0.41341
0.415438
0.417378
0.418945
0.420063
0.42091
0.421549
0.422002
0.422457
0.4229
0.423047
0.422805
0.422211
0.421145
0.419553
0.417656
0.415961
0.414931
0.406433
0.406719
0.407646
0.409131
0.41077
0.412377
0.413788
0.414917
0.415852
0.416662
0.417292
0.4176
0.417541
0.417129
0.416303
0.415098
0.413689
0.412276
0.411124
0.410486
0.401567
0.401767
0.402466
0.403668
0.40508
0.406541
0.408014
0.409388
0.410579
0.4116
0.412376
0.412718
0.4126
0.412051
0.411156
0.410076
0.40893
0.4078
0.406934
0.406482
0.396887
0.397036
0.397599
0.398631
0.399913
0.401288
0.402725
0.404192
0.405596
0.406836
0.407782
0.408212
0.408087
0.407543
0.406752
0.405829
0.404855
0.403918
0.403236
0.402896
0.392342
0.392456
0.392919
0.393831
0.395031
0.396356
0.397766
0.399251
0.400767
0.402216
0.403373
0.403938
0.403927
0.403536
0.402908
0.402141
0.401305
0.400527
0.399987
0.399726
0.387874
0.387961
0.388353
0.389194
0.390362
0.391671
0.393089
0.394617
0.396234
0.397871
0.399272
0.400063
0.400265
0.400069
0.399611
0.398989
0.398278
0.397613
0.397177
0.396977
0.38346
0.383526
0.383862
0.384653
0.385805
0.387125
0.388606
0.390238
0.391985
0.393808
0.395493
0.396625
0.397117
0.397132
0.39683
0.396346
0.395762
0.395206
0.394861
0.394709
0.379052
0.3791
0.379394
0.380161
0.381327
0.382694
0.384237
0.385992
0.387979
0.390132
0.392197
0.393675
0.394429
0.394682
0.394598
0.394277
0.393811
0.393347
0.393078
0.392969
0.374631
0.374659
0.374909
0.375645
0.376816
0.378219
0.379824
0.381676
0.383824
0.386276
0.388799
0.390784
0.392008
0.392652
0.392859
0.392769
0.392472
0.392132
0.391949
0.391884
0.370242
0.370258
0.370475
0.371176
0.372353
0.373821
0.375554
0.377636
0.380135
0.383057
0.38616
0.388713
0.390385
0.391375
0.391893
0.392058
0.391955
0.391777
0.39169
0.391661
0.365757
0.365768
0.365948
0.366575
0.367683
0.369149
0.370967
0.373245
0.376085
0.379554
0.383377
0.38666
0.388976
0.390518
0.391452
0.391995
0.392243
0.39232
0.392353
0.392344
0.360704
0.360714
0.360897
0.361481
0.362589
0.364127
0.36614
0.368754
0.372107
0.376282
0.381004
0.385187
0.388199
0.390299
0.391761
0.392742
0.393313
0.393632
0.39377
0.393774
0.354803
0.35481
0.355005
0.355599
0.356788
0.358503
0.360811
0.363878
0.367898
0.373001
0.378846
0.384089
0.387982
0.390787
0.392776
0.394163
0.395082
0.395636
0.395863
0.395874
0.347722
0.34773
0.347955
0.348645
0.349983
0.351978
0.354712
0.358398
0.36329
0.369549
0.376789
0.383359
0.388277
0.391874
0.394471
0.396332
0.397612
0.398385
0.398683
0.398698
0.339115
0.339124
0.339399
0.340244
0.341868
0.344298
0.347651
0.352217
0.358287
0.36606
0.375031
0.383165
0.389289
0.393774
0.397036
0.399406
0.401049
0.402006
0.402366
0.40239
0.328611
0.328619
0.328964
0.330035
0.332067
0.335107
0.339321
0.345057
0.352656
0.362336
0.373446
0.383475
0.390986
0.39654
0.400605
0.403539
0.40558
0.406735
0.40717
0.407205
0.315721
0.315726
0.316154
0.317523
0.320155
0.324077
0.32948
0.336785
0.346385
0.35847
0.372187
0.384477
0.393676
0.40044
0.40538
0.409049
0.411483
0.412857
0.413379
0.413424
0.299815
0.299817
0.300356
0.302134
0.305602
0.310741
0.317783
0.327191
0.339362
0.354443
0.371304
0.386261
0.397423
0.405641
0.411678
0.416032
0.41898
0.420627
0.421263
0.421316
0.279915
0.279921
0.280645
0.283024
0.287638
0.294498
0.303797
0.316033
0.331538
0.350335
0.370943
0.389001
0.402429
0.412326
0.419587
0.424819
0.42833
0.430311
0.431068
0.431123
0.254295
0.25431
0.25536
0.258741
0.26515
0.274535
0.287057
0.303149
0.322958
0.346297
0.371287
0.39287
0.408834
0.420613
0.429273
0.43552
0.439733
0.442113
0.442994
0.443039
0.219951
0.219997
0.221752
0.227097
0.236636
0.250025
0.267266
0.288576
0.31383
0.342596
0.372579
0.398053
0.416781
0.430614
0.440832
0.44826
0.45331
0.456142
0.45714
0.45716
0.171079
0.171391
0.175388
0.185241
0.200683
0.220547
0.244586
0.272735
0.304621
0.339622
0.37508
0.404688
0.426314
0.442309
0.454212
0.46299
0.469029
0.472377
0.47348
0.473452
0.0998216
0.102342
0.113812
0.133312
0.158524
0.187495
0.220199
0.256443
0.295832
0.337731
0.379193
0.41338
0.438301
0.456833
0.470823
0.481375
0.488811
0.493054
0.494521
0.494587
0.0237737
0.0305294
0.0509745
0.0806408
0.115874
0.154229
0.195719
0.240226
0.287459
0.336891
0.385378
0.425324
0.454609
0.476609
0.493478
0.506581
0.516076
0.521469
0.523595
0.523939
-0.0400542
-0.0332275
-0.00604502
0.0319547
0.0756976
0.122627
0.172449
0.224955
0.279829
0.33653
0.391658
0.436895
0.470071
0.495099
0.51439
0.529282
0.540145
0.546971
0.549165
0.549433
-0.0920117
-0.0847962
-0.0538688
-0.0100485
0.0400924
0.093974
0.15093
0.210581
0.272465
0.335949
0.397221
0.447191
0.483682
0.511108
0.532168
0.548467
0.560478
0.567992
0.570268
0.570732
-0.135086
-0.1276
-0.0942864
-0.0461755
0.00901232
0.0684962
0.131401
0.197239
0.265366
0.334978
0.401815
0.455962
0.495218
0.524554
0.546983
0.564289
0.576983
0.584906
0.587682
0.588272
-0.171914
-0.164272
-0.129333
-0.0779768
-0.0185848
0.0456029
0.113596
0.184817
0.258487
0.333628
0.405483
0.463327
0.504939
0.535784
0.559188
0.577118
0.590193
0.598338
0.601481
0.602145
-0.204435
-0.1967
-0.160567
-0.106528
-0.0436625
0.0245322
0.0969815
0.172985
0.251653
0.331845
0.408324
0.469541
0.513225
0.545292
0.569374
0.587627
0.600887
0.609104
0.612434
0.61307
-0.234051
-0.226217
-0.189119
-0.132776
-0.0669597
0.00471488
0.0810933
0.161389
0.244634
0.329527
0.410391
0.474813
0.520434
0.553601
0.578232
0.596683
0.610027
0.618227
0.621679
0.622352
-0.261621
-0.253696
-0.215735
-0.157464
-0.0890577
-0.0143101
0.0655654
0.149754
0.237219
0.326558
0.411656
0.479267
0.526826
0.561094
0.586299
0.605013
0.618409
0.626576
0.630057
0.630808
-0.287816
-0.27977
-0.241038
-0.181085
-0.110336
-0.0328566
0.0501494
0.137878
0.229257
0.322817
0.41209
0.482935
0.532556
0.568058
0.593939
0.612968
0.626469
0.634588
0.637973
0.638786
-0.313019
-0.304825
-0.265326
-0.203914
-0.131063
-0.0511409
0.0346854
0.125635
0.22064
0.318227
0.411635
0.485878
0.537777
0.574701
0.601399
0.620858
0.634525
0.642653
0.645926
0.646641
-0.337509
-0.329157
-0.288964
-0.226113
-0.151412
-0.0693118
0.0190626
0.112943
0.211308
0.312734
0.410284
0.488125
0.542529
0.581091
0.608795
0.628823
0.642738
0.650877
0.654039
0.6546
-0.361393
-0.352792
-0.312027
-0.247839
-0.171473
-0.0874197
0.00323749
0.0997753
0.201235
0.306308
0.407969
0.489563
0.546772
0.587251
0.616168
0.636893
0.651111
0.659233
0.662266
0.662688
-0.384741
-0.375998
-0.334537
-0.269156
-0.191282
-0.105484
-0.0127893
0.0861362
0.190427
0.298908
0.404581
0.490101
0.550437
0.593162
0.623518
0.645065
0.659609
0.667659
0.670498
0.670791
-0.407598
-0.398683
-0.356528
-0.290058
-0.210839
-0.123487
-0.0289819
0.0720669
0.178889
0.29051
0.400059
0.489633
0.553412
0.598754
0.630839
0.653336
0.668194
0.676086
0.678645
0.678806
-0.429967
-0.420865
-0.378017
-0.31053
-0.230107
-0.14138
-0.045291
0.057619
0.166686
0.281157
0.394376
0.488023
0.555523
0.603923
0.638132
0.661744
0.676821
0.684392
0.686589
0.68661
-0.451765
-0.442482
-0.398942
-0.330531
-0.249029
-0.159104
-0.0616351
0.0428808
0.153907
0.270897
0.387493
0.485148
0.556578
0.608491
0.64538
0.67042
0.685579
0.692495
0.694154
0.694029
-0.472931
-0.463459
-0.419262
-0.350017
-0.267551
-0.176583
-0.0779358
0.0279516
0.140642
0.259813
0.379414
0.480897
0.556357
0.612202
0.652493
0.679616
0.694837
0.700491
0.701193
0.700885
-0.493452
-0.483785
-0.438948
-0.368935
-0.285621
-0.193739
-0.0940966
0.0129335
0.126997
0.247991
0.3702
0.475192
0.554633
0.614678
0.659166
0.689554
0.705481
0.709196
0.707854
0.707068
-0.513258
-0.5034
-0.457959
-0.387237
-0.303167
-0.210513
-0.110033
-0.00207927
0.113093
0.235557
0.359922
0.467985
0.551226
0.615452
0.664727
0.69997
0.718649
0.721227
0.716332
0.713379
-0.532373
-0.522339
-0.476285
-0.404922
-0.320213
-0.226926
-0.125772
-0.0171202
0.0988994
0.222476
0.348516
0.459071
0.54587
0.614009
0.668074
0.7096
0.734263
0.740209
0.733085
0.71527
-0.550826
-0.540584
-0.494041
-0.422158
-0.336991
-0.243296
-0.141693
-0.0326602
0.0838546
0.208089
0.33528
0.447689
0.537737
0.609564
0.667183
0.714913
0.746779
0.752557
0.74907
0.702649
-0.568885
-0.55774
-0.511166
-0.438812
-0.353399
-0.259523
-0.157613
-0.0484715
0.0682024
0.192638
0.320357
0.433832
0.526225
0.601703
0.659657
0.707546
0.740261
0.750051
0.699082
0.634225
-0.587526
-0.572839
-0.527472
-0.454795
-0.369728
-0.275784
-0.173782
-0.0645449
0.0519385
0.176125
0.303657
0.417345
0.510299
0.590679
0.645034
0.67541
0.702616
0.682156
0.616489
0.547137
-0.605808
-0.608011
-0.54707
-0.46771
-0.383166
-0.289336
-0.189616
-0.0802356
0.0357791
0.159312
0.285809
0.398608
0.489944
0.578803
0.60816
0.600819
0.616069
0.564199
0.491562
0.417637
-0.581502
-0.580411
-0.523077
-0.444917
-0.35563
-0.258231
-0.153822
-0.0419706
0.0767039
0.203048
0.322671
0.421793
0.502376
0.589034
0.619318
0.523842
0.443623
0.379763
0.305732
0.152657
-0.622146
-0.596224
-0.536179
-0.457337
-0.368159
-0.271149
-0.167364
-0.0562502
0.0613014
0.185825
0.302501
0.398108
0.471642
0.528088
0.504752
0.381207
0.259102
0.176006
0.0890506
-0.0855568
-0.646297
-0.615576
-0.554765
-0.476049
-0.386988
-0.290267
-0.186433
-0.0762244
0.0398361
0.161881
0.274919
0.365463
0.43033
0.455166
0.381681
0.21339
0.0682094
-0.0390403
-0.158758
-0.409683
-0.669804
-0.636689
-0.574737
-0.495357
-0.406226
-0.309632
-0.206237
-0.0970797
0.0172746
0.136479
0.245113
0.329581
0.382709
0.374655
0.238896
0.0414699
-0.142159
-0.294596
-0.465918
-0.876011
-0.692196
-0.658312
-0.595358
-0.515176
-0.425882
-0.329477
-0.226776
-0.118774
-0.00630319
0.10975
0.213345
0.291175
0.328379
0.286461
0.0998116
-0.121987
-0.353092
-0.557507
-0.821752
-1.48912
-0.714257
-0.680455
-0.616852
-0.536098
-0.446616
-0.350422
-0.248395
-0.141622
-0.0312187
0.0813993
0.179576
0.249872
0.270086
0.185186
-0.0283883
-0.259443
-0.498152
-0.724193
-0.917911
-1.68548
-0.737094
-0.703343
-0.639439
-0.558348
-0.468721
-0.372707
-0.271321
-0.165795
-0.0575765
0.0513983
0.143975
0.205659
0.205639
0.070409
-0.138234
-0.359647
-0.567639
-0.712192
-0.743678
-0.797377
-0.761111
-0.72746
-0.663401
-0.582204
-0.492596
-0.396913
-0.296331
-0.192319
-0.0866744
0.0180563
0.104546
0.155813
0.130711
-0.0369256
-0.237066
-0.432666
-0.591912
-0.666636
-0.686557
-0.69473
-0.786635
-0.752949
-0.688807
-0.607619
-0.51818
-0.422993
-0.323455
-0.221259
-0.118581
-0.0186974
0.0611915
0.099757
0.0544245
-0.137208
-0.327501
-0.500188
-0.623992
-0.656451
-0.659548
-0.659981
-0.81372
-0.779877
-0.715678
-0.634539
-0.545396
-0.450902
-0.352637
-0.252555
-0.153272
-0.0587787
0.0137774
0.0395555
-0.0280012
-0.230802
-0.411932
-0.564733
-0.625415
-0.641288
-0.644406
-0.644394
-0.842216
-0.808292
-0.743959
-0.662904
-0.574176
-0.480545
-0.383783
-0.286124
-0.190652
-0.102024
-0.0376726
-0.0234568
-0.127344
-0.317745
-0.487713
-0.609908
-0.642665
-0.636321
-0.635512
-0.635056
-0.871626
-0.837466
-0.77337
-0.692506
-0.604325
-0.511742
-0.416723
-0.321795
-0.230515
-0.148204
-0.0920735
-0.0943545
-0.221353
-0.39985
-0.552687
-0.619798
-0.628286
-0.630527
-0.629749
-0.629466
-0.901604
-0.867413
-0.803597
-0.723002
-0.635519
-0.544174
-0.45113
-0.359224
-0.272462
-0.196936
-0.14855
-0.170002
-0.308914
-0.470825
-0.611915
-0.640283
-0.637489
-0.629202
-0.623912
-0.622104
-0.931212
-0.897496
-0.833809
-0.75385
-0.667247
-0.57734
-0.486504
-0.397887
-0.3159
-0.247331
-0.207269
-0.243678
-0.398066
-0.526935
-0.643793
-0.681999
-0.650755
-0.628119
-0.620055
-0.617328
-0.959669
-0.926586
-0.863487
-0.784321
-0.698796
-0.610548
-0.522127
-0.436984
-0.360008
-0.298329
-0.267794
-0.315896
-0.49012
-0.581931
-0.614232
-0.628435
-0.648691
-0.653316
-0.649262
-0.646049
-0.985576
-0.953454
-0.891491
-0.813423
-0.729227
-0.642864
-0.557044
-0.475456
-0.403603
-0.349123
-0.325633
-0.389473
-0.581411
-0.709354
-0.599446
-0.68585
-0.751529
-0.785706
-0.78213
-0.774077
-1.00741
-0.976845
-0.916288
-0.839908
-0.757437
-0.673128
-0.590015
-0.511971
-0.445025
-0.398185
-0.378883
-0.468922
-0.682843
-0.952694
-1.2575
-1.0767
-0.979244
-0.978244
-0.975672
-0.969764
-1.02346
-0.994934
-0.936478
-0.862314
-0.781973
-0.699985
-0.619517
-0.54491
-0.482254
-0.442371
-0.430874
-0.545889
-0.77374
-0.965639
-0.981559
-1.03008
-1.11999
-1.11687
-1.10234
-1.09812
-1.03196
-1.00588
-0.950558
-0.879119
-0.801287
-0.721842
-0.643967
-0.572151
-0.513081
-0.478538
-0.484601
-0.606918
-0.741114
-0.587028
-0.289271
-0.655473
-1.0715
-1.16951
-1.15994
-1.15976
-1.03107
-1.00842
-0.957107
-0.888881
-0.81398
-0.737149
-0.661536
-0.591415
-0.53468
-0.503596
-0.521568
-0.677549
-0.959764
-1.1898
-1.48372
-1.90707
-1.90446
-1.58309
-1.35166
-1.34432
-1.01795
-1.0004
-0.955086
-0.890569
-0.818978
-0.744649
-0.670587
-0.60093
-0.542881
-0.511231
-0.531938
-0.747139
-1.37462
-2.40667
-3.16191
-3.52085
-3.38525
-2.97189
-2.56559
-2.39526
-0.9936
-0.980746
-0.943273
-0.884039
-0.815907
-0.743796
-0.670216
-0.599016
-0.535826
-0.491693
-0.499649
-0.67406
-1.16247
-1.7619
-2.34786
-2.59942
-2.45516
-2.13464
-1.81258
-1.67518
-0.960628
-0.951993
-0.923396
-0.870327
-0.805455
-0.735094
-0.660912
-0.585315
-0.512708
-0.446791
-0.409659
-0.372773
-0.398901
-0.317072
-0.118481
0.175561
0.491433
0.744669
0.901369
0.972579
-0.922974
-0.917789
-0.897506
-0.852142
-0.79025
-0.720604
-0.644633
-0.56372
-0.477271
-0.386556
-0.273249
-0.134843
0.179338
0.711133
1.31662
1.87348
2.294
2.55743
2.69043
2.73185
-0.885473
-0.882825
-0.869626
-0.831901
-0.773586
-0.703805
-0.625688
-0.539488
-0.443596
-0.332968
-0.205219
-0.0581938
0.205056
0.768952
1.4091
1.98183
2.39614
2.6354
2.74422
2.77553
-0.849524
-0.848335
-0.842566
-0.814329
-0.759352
-0.688098
-0.608185
-0.519821
-0.423614
-0.3111
-0.190997
-0.0609219
0.0965016
0.473791
0.962056
1.37001
1.66886
1.84541
1.93206
1.96433
-0.82122
-0.820341
-0.818929
-0.798428
-0.745325
-0.672917
-0.59207
-0.506008
-0.413319
-0.309388
-0.20409
-0.0991571
0.00341695
0.225232
0.568273
0.865238
1.08778
1.22187
1.28374
1.29978
-0.801134
-0.802902
-0.803756
-0.783744
-0.726763
-0.65164
-0.572418
-0.49148
-0.406454
-0.314903
-0.227614
-0.152649
-0.0808089
0.0466893
0.268934
0.471245
0.62171
0.709519
0.74913
0.758235
-0.750723
-0.754669
-0.756427
-0.737452
-0.682981
-0.614152
-0.5429
-0.471705
-0.398232
-0.321486
-0.252323
-0.201519
-0.155025
-0.0753721
0.0738315
0.204401
0.298311
0.352646
0.375976
0.379537
-0.644765
-0.647798
-0.648695
-0.63519
-0.600033
-0.552429
-0.500097
-0.44511
-0.386621
-0.324863
-0.273686
-0.244501
-0.222477
-0.168702
-0.0650292
0.0238285
0.0835303
0.116357
0.129186
0.13009
-0.521039
-0.52204
-0.522391
-0.51765
-0.503831
-0.481582
-0.451828
-0.415055
-0.371958
-0.324093
-0.285651
-0.270571
-0.270493
-0.23196
-0.159105
-0.0955626
-0.0545777
-0.0335249
-0.0256291
-0.0256964
-0.428297
-0.428419
-0.429331
-0.430674
-0.42972
-0.423358
-0.409499
-0.386809
-0.356184
-0.318761
-0.28708
-0.273433
-0.275827
-0.243752
-0.19034
-0.150955
-0.12688
-0.114712
-0.110233
-0.110723
-0.377326
-0.377423
-0.378699
-0.38173
-0.384667
-0.384505
-0.378466
-0.364586
-0.341773
-0.309903
-0.278336
-0.256227
-0.242629
-0.213937
-0.180416
-0.159847
-0.14818
-0.142076
-0.139865
-0.1408
-0.355502
-0.355671
-0.35678
-0.359479
-0.362295
-0.363125
-0.359714
-0.349682
-0.330254
-0.301733
-0.266794
-0.232892
-0.198476
-0.173401
-0.16165
-0.153176
-0.146548
-0.14208
-0.13992
-0.140946
-0.3509
-0.350878
-0.351362
-0.353015
-0.354779
-0.354945
-0.351661
-0.34234
-0.324546
-0.296081
-0.259776
-0.221422
-0.178049
-0.154084
-0.151667
-0.144984
-0.137833
-0.13043
-0.126834
-0.128729
-0.359344
-0.358994
-0.358723
-0.359129
-0.359454
-0.358237
-0.353756
-0.343645
-0.324773
-0.295649
-0.260686
-0.228086
-0.193117
-0.175887
-0.169584
-0.156463
-0.140682
-0.127304
-0.122824
-0.125246
-0.380851
-0.380171
-0.379293
-0.378596
-0.377371
-0.374256
-0.367706
-0.355617
-0.334105
-0.302425
-0.269174
-0.248157
-0.23565
-0.230898
-0.212787
-0.187667
-0.16629
-0.153999
-0.150029
-0.151655
-0.416045
-0.415209
-0.413848
-0.41226
-0.409728
-0.404958
-0.396567
-0.382224
-0.357259
-0.320619
-0.283241
-0.264164
-0.272976
-0.279761
-0.251187
-0.218127
-0.194383
-0.181509
-0.179454
-0.180768
-0.465359
-0.464298
-0.462766
-0.46079
-0.457791
-0.452857
-0.44468
-0.430428
-0.404581
-0.362343
-0.31054
-0.273275
-0.280951
-0.288284
-0.258777
-0.224519
-0.203428
-0.193558
-0.191714
-0.191043
-0.529188
-0.528099
-0.526751
-0.525202
-0.523427
-0.521372
-0.518484
-0.512256
-0.49714
-0.458527
-0.382281
-0.304543
-0.285069
-0.283589
-0.249333
-0.207784
-0.173567
-0.160408
-0.160976
-0.161747
-0.605361
-0.604644
-0.604278
-0.604648
-0.606916
-0.612822
-0.624324
-0.642405
-0.663436
-0.653389
-0.545471
-0.409319
-0.349737
-0.325358
-0.26577
-0.200844
-0.150763
-0.129897
-0.13363
-0.133254
-0.686772
-0.686974
-0.688588
-0.692795
-0.702712
-0.723078
-0.761182
-0.827038
-0.92217
-0.974615
-0.831763
-0.610923
-0.489378
-0.41999
-0.315739
-0.203413
-0.124975
-0.104707
-0.111453
-0.115283
-0.759141
-0.760738
-0.765143
-0.774797
-0.795317
-0.83553
-0.91098
-1.04724
-1.25619
-1.40761
-1.2272
-0.895483
-0.699908
-0.575606
-0.418251
-0.286811
-0.204435
-0.195828
-0.199838
-0.204383
-0.802565
-0.805672
-0.812912
-0.828201
-0.859572
-0.919891
-1.03339
-1.24398
-1.57192
-1.82461
-1.60957
-1.19342
-0.93552
-0.754953
-0.571574
-0.44311
-0.398057
-0.390555
-0.390679
-0.39353
-0.797755
-0.801734
-0.810717
-0.829686
-0.868469
-0.943081
-1.07299
-1.33285
-1.73159
-2.05709
-1.8506
-1.4055
-1.12619
-0.936581
-0.748306
-0.635555
-0.619531
-0.616918
-0.616367
-0.618505
-0.734464
-0.738506
-0.747318
-0.765933
-0.803972
-0.876707
-1.01445
-1.27076
-1.66013
-1.97106
-1.81344
-1.43735
-1.2425
-1.09965
-0.977097
-0.890118
-0.860586
-0.851672
-0.848601
-0.849933
-0.619026
-0.622182
-0.629085
-0.64413
-0.675459
-0.735969
-0.851282
-1.06565
-1.37754
-1.59266
-1.48664
-1.29229
-1.21252
-1.25529
-1.2804
-1.1751
-1.10906
-1.07689
-1.06161
-1.0579
-0.471487
-0.473353
-0.477448
-0.48722
-0.508513
-0.550525
-0.63142
-0.784147
-1.01043
-1.14931
-1.08862
-1.03
-1.06817
-1.29767
-1.46965
-1.34371
-1.22885
-1.16828
-1.13848
-1.12782
-0.31755
-0.318043
-0.319545
-0.324215
-0.335643
-0.359251
-0.405885
-0.497631
-0.651512
-0.7642
-0.756041
-0.741832
-0.77109
-0.955845
-1.15416
-1.09443
-1.01701
-0.974052
-0.953107
-0.944373
-0.178463
-0.178099
-0.178075
-0.179377
-0.183673
-0.19333
-0.213279
-0.255072
-0.337626
-0.422559
-0.41872
-0.378521
-0.377152
-0.492772
-0.619777
-0.62633
-0.607701
-0.596458
-0.59135
-0.588538
-0.0657933
-0.06574
-0.0651362
-0.0647901
-0.0649543
-0.0661109
-0.0690611
-0.0756036
-0.0911531
-0.129672
-0.148788
-0.121343
-0.0843527
-0.13028
-0.187021
-0.221758
-0.225364
-0.224521
-0.22467
-0.225257
-1.06417
-0.462063
-0.120447
0.115525
0.297652
0.439229
0.555131
0.655618
0.770932
0.765052
-0.211035
-0.0440683
0.135328
0.287616
0.413799
0.517296
0.602977
0.668096
0.695507
0.699662
0.0876428
0.197846
0.3162
0.419519
0.507938
0.581864
0.640804
0.682339
0.708284
0.72496
0.293874
0.369154
0.450529
0.52358
0.586886
0.640028
0.682671
0.715292
0.740463
0.758841
0.446328
0.501294
0.558096
0.611891
0.658977
0.699361
0.733107
0.760647
0.783254
0.801422
0.567192
0.607331
0.65124
0.692965
0.730491
0.76352
0.792032
0.815872
0.835577
0.853272
0.669168
0.701078
0.738395
0.773289
0.805698
0.834871
0.860306
0.881563
0.898644
0.915982
0.761506
0.791061
0.825705
0.858382
0.888875
0.916411
0.940263
0.959823
0.974534
0.99167
0.853691
0.885333
0.92116
0.954428
0.984836
1.01179
1.03466
1.05289
1.06566
1.08293
0.958424
0.994422
1.03283
1.06739
1.09772
1.12367
1.14513
1.16191
1.17362
1.19148
1.08838
1.1275
1.16587
1.1992
1.22734
1.25106
1.27081
1.28642
1.29832
1.31659
1.24965
1.28623
1.31822
1.34505
1.36798
1.38858
1.40726
1.42336
1.43711
1.45501
1.43447
1.45976
1.47979
1.49836
1.51607
1.53286
1.54878
1.56482
1.58197
1.60113
1.62141
1.63234
1.64512
1.65971
1.67336
1.68546
1.69642
1.7078
1.72323
1.74267
1.80336
1.81687
1.82195
1.82296
1.82495
1.83236
1.84611
1.86374
1.8775
1.88885
2.07231
2.02175
1.97431
1.94274
1.92973
1.9343
1.95754
2.00262
2.06932
2.16345
0.502035
0.499022
0.492959
0.482026
0.469524
0.458198
0.449112
0.442311
0.437775
0.435772
0.436873
0.440735
0.446797
0.455005
0.465448
0.477723
0.490046
0.498737
0.503244
0.5054
0.43035
0.436999
0.442246
0.445855
0.446958
0.445307
0.441827
0.43799
0.434932
0.433507
0.434453
0.437361
0.441342
0.445483
0.448449
0.448932
0.446578
0.44217
0.435858
0.430029
0.420272
0.423233
0.426594
0.42908
0.430832
0.431999
0.432196
0.4314
0.430256
0.429682
0.430393
0.431993
0.433544
0.434234
0.433743
0.432432
0.430486
0.427581
0.424227
0.421937
0.414262
0.415686
0.417903
0.420178
0.421898
0.423081
0.423941
0.424471
0.424655
0.424831
0.425357
0.425955
0.42616
0.425844
0.425128
0.423911
0.422037
0.419762
0.417984
0.4169
0.408955
0.409776
0.411249
0.413033
0.414778
0.416248
0.41736
0.418242
0.418979
0.419596
0.420063
0.420241
0.420075
0.419571
0.418632
0.41725
0.415644
0.414058
0.413006
0.412342
0.403971
0.404526
0.40563
0.407071
0.408605
0.410121
0.411501
0.41266
0.413649
0.414492
0.415015
0.415116
0.414827
0.414128
0.413081
0.411853
0.410566
0.409395
0.408664
0.408203
0.39921
0.399627
0.40052
0.401775
0.403146
0.404583
0.406039
0.407419
0.408636
0.409656
0.410298
0.410422
0.410063
0.40933
0.408385
0.407353
0.406293
0.405367
0.404814
0.404468
0.394602
0.394927
0.39568
0.396807
0.398102
0.399485
0.400936
0.402423
0.403857
0.405106
0.405893
0.406065
0.405753
0.405139
0.404351
0.403469
0.402573
0.401823
0.401393
0.401126
0.390103
0.39036
0.391014
0.392066
0.393325
0.394686
0.396139
0.397672
0.399232
0.400696
0.401691
0.40205
0.401931
0.401495
0.400866
0.400125
0.399357
0.39874
0.398404
0.398195
0.385663
0.385869
0.386452
0.387462
0.388705
0.390082
0.391586
0.393211
0.394926
0.396629
0.397898
0.398512
0.398616
0.398366
0.397884
0.397283
0.396632
0.396124
0.395863
0.3957
0.381259
0.381424
0.381958
0.382956
0.384218
0.385648
0.387256
0.389044
0.390971
0.392948
0.394579
0.395523
0.39587
0.3958
0.395471
0.394994
0.394452
0.394035
0.393836
0.393709
0.376836
0.376963
0.377457
0.378453
0.379738
0.381207
0.382873
0.384799
0.387001
0.389387
0.39143
0.39273
0.393409
0.393651
0.39357
0.39326
0.392844
0.392519
0.392382
0.39229
0.372437
0.372529
0.372983
0.373964
0.375281
0.376823
0.37863
0.380763
0.383236
0.386045
0.388648
0.390498
0.39161
0.392162
0.392333
0.392219
0.391971
0.391766
0.391692
0.39163
0.368045
0.368105
0.368514
0.369449
0.370769
0.372373
0.37433
0.376748
0.379689
0.383123
0.38638
0.388777
0.390357
0.391311
0.39179
0.392001
0.391998
0.391949
0.391934
0.391887
0.363323
0.363391
0.363748
0.364614
0.365911
0.367576
0.369718
0.372442
0.375861
0.379999
0.3841
0.38727
0.389491
0.390967
0.391893
0.392497
0.392817
0.392964
0.393007
0.392962
0.357882
0.35795
0.358306
0.359185
0.360558
0.362411
0.364879
0.368122
0.372265
0.377351
0.382452
0.38648
0.389372
0.391415
0.392849
0.393794
0.394392
0.3947
0.394782
0.394731
0.351427
0.351498
0.351903
0.352847
0.354379
0.356512
0.359407
0.363262
0.368278
0.374535
0.380904
0.386013
0.389768
0.392464
0.394392
0.395753
0.396657
0.397118
0.397234
0.397174
0.34363
0.343721
0.344214
0.345329
0.347127
0.349684
0.353205
0.357948
0.364141
0.371883
0.379789
0.386158
0.390869
0.394297
0.396779
0.398561
0.399754
0.400339
0.400482
0.400411
0.334111
0.334223
0.334847
0.336228
0.338451
0.341624
0.346011
0.351921
0.359634
0.369243
0.379025
0.386897
0.392721
0.396975
0.400092
0.402344
0.403825
0.404531
0.404705
0.404627
0.322463
0.322603
0.323405
0.325172
0.327994
0.332023
0.337595
0.345058
0.354719
0.366651
0.378702
0.388352
0.395512
0.400757
0.404576
0.407355
0.409138
0.40998
0.410197
0.410107
0.308114
0.308295
0.309338
0.311635
0.315318
0.32055
0.32772
0.337223
0.34937
0.364167
0.378941
0.390712
0.399419
0.405797
0.410514
0.413826
0.415944
0.416953
0.417221
0.417116
0.290319
0.290579
0.291973
0.294978
0.299841
0.306745
0.316079
0.328275
0.343572
0.361857
0.379852
0.394086
0.404615
0.412346
0.417996
0.421996
0.424522
0.425744
0.426061
0.425934
0.267723
0.268142
0.27011
0.274187
0.280735
0.29002
0.302358
0.318109
0.337378
0.359873
0.381615
0.398663
0.411258
0.420524
0.427286
0.432062
0.435091
0.436554
0.436915
0.43676
0.238083
0.238837
0.241832
0.247698
0.256919
0.269725
0.286285
0.306739
0.330959
0.358428
0.384425
0.404598
0.419478
0.430451
0.438482
0.444189
0.447821
0.449545
0.449941
0.44975
0.197298
0.198845
0.204064
0.213425
0.227263
0.245493
0.267951
0.294472
0.324663
0.357823
0.388498
0.41203
0.429351
0.442171
0.451627
0.458422
0.462752
0.464734
0.465141
0.464909
0.137681
0.142441
0.153372
0.169671
0.191462
0.217733
0.248017
0.281946
0.318999
0.358383
0.393983
0.42098
0.440807
0.455548
0.466541
0.47456
0.479674
0.481908
0.482289
0.482029
0.0662893
0.074723
0.0947027
0.121558
0.153338
0.188718
0.227466
0.269366
0.313949
0.360511
0.402212
0.433849
0.457267
0.474876
0.48818
0.497986
0.504418
0.507073
0.507432
0.507385
-0.00539178
0.00904354
0.0380877
0.0749231
0.116149
0.160488
0.207694
0.257591
0.309786
0.363643
0.411595
0.447984
0.475067
0.495712
0.511638
0.52371
0.53095
0.533803
0.534776
0.534913
-0.0638453
-0.0457392
-0.0110734
0.0331004
0.0820042
0.13414
0.189058
0.246455
0.305853
0.366594
0.420316
0.460932
0.491128
0.514127
0.531853
0.545195
0.553557
0.557604
0.558986
0.559196
-0.111683
-0.0915914
-0.0526541
-0.00306665
0.051836
0.110339
0.171851
0.235906
0.301871
0.368921
0.427846
0.472125
0.504856
0.529679
0.548805
0.563224
0.572686
0.577266
0.578902
0.57911
-0.151835
-0.130671
-0.0885414
-0.0346564
0.0251423
0.088944
0.156093
0.225982
0.297813
0.370571
0.434143
0.481565
0.516376
0.542611
0.562714
0.577874
0.58804
0.593092
0.594784
0.594988
-0.186768
-0.164877
-0.120236
-0.0628805
0.00102353
0.0693783
0.141446
0.216508
0.293625
0.37157
0.439359
0.489554
0.526085
0.553372
0.5741
0.589665
0.600116
0.605448
0.607218
0.607389
-0.218011
-0.195619
-0.148934
-0.0886447
-0.0212781
0.0510341
0.127468
0.207194
0.289152
0.371915
0.443652
0.496408
0.534449
0.562574
0.583708
0.599428
0.609999
0.615405
0.617174
0.617347
-0.246714
-0.223943
-0.175522
-0.112738
-0.0423373
0.0334641
0.113793
0.197768
0.284223
0.371563
0.4471
0.50236
0.541866
0.570766
0.592276
0.608127
0.61875
0.624265
0.625926
0.626022
-0.273755
-0.250531
-0.200631
-0.135676
-0.0625912
0.0163098
0.100153
0.18802
0.278685
0.370421
0.449744
0.507532
0.548567
0.57833
0.600271
0.616309
0.626962
0.632497
0.634092
0.634064
-0.299576
-0.275874
-0.224754
-0.157804
-0.082318
-0.000648833
0.0863652
0.177805
0.272424
0.36842
0.451556
0.512038
0.554778
0.585548
0.608023
0.624307
0.635036
0.640501
0.642086
0.642028
-0.324523
-0.30033
-0.24812
-0.179349
-0.101727
-0.0175729
0.0723169
0.167034
0.26536
0.365506
0.452556
0.515965
0.560628
0.592578
0.61574
0.63238
0.643233
0.648617
0.650141
0.650049
-0.348805
-0.324168
-0.270853
-0.200458
-0.120934
-0.0345445
0.0579392
0.155659
0.257455
0.361641
0.452715
0.519264
0.566115
0.599481
0.623492
0.64059
0.651596
0.656896
0.658291
0.658182
-0.372548
-0.347419
-0.293068
-0.221217
-0.139979
-0.0515943
0.0432198
0.143671
0.2487
0.356767
0.451898
0.521861
0.571224
0.606266
0.631298
0.648933
0.660081
0.665253
0.666497
0.666337
-0.395774
-0.37011
-0.314803
-0.241639
-0.158873
-0.068707
0.0281853
0.13109
0.239071
0.35081
0.450021
0.523654
0.57589
0.612915
0.639155
0.657387
0.668648
0.673637
0.674683
0.674453
-0.418446
-0.39231
-0.336058
-0.261712
-0.177585
-0.0858484
0.0128788
0.117957
0.228592
0.343763
0.446998
0.524502
0.579981
0.619388
0.647081
0.665943
0.677189
0.681872
0.6827
0.682411
-0.44059
-0.413968
-0.356815
-0.281396
-0.196063
-0.102955
-0.00262966
0.104344
0.21734
0.33564
0.442745
0.524238
0.583322
0.625609
0.655131
0.674662
0.68567
0.689848
0.690406
0.690065
-0.462105
-0.435008
-0.377024
-0.300648
-0.214251
-0.119947
-0.0182516
0.0903502
0.205394
0.326463
0.437191
0.522691
0.585684
0.631426
0.663391
0.683783
0.694186
0.697443
0.697621
0.697255
-0.483001
-0.455382
-0.396654
-0.319407
-0.232078
-0.13675
-0.0338876
0.0760852
0.192841
0.316305
0.430305
0.519704
0.586782
0.636549
0.671881
0.693811
0.703301
0.704772
0.704192
0.703851
-0.503171
-0.475087
-0.415651
-0.33762
-0.249482
-0.15328
-0.0494556
0.0616339
0.179806
0.305268
0.422091
0.515146
0.586302
0.64048
0.680302
0.705304
0.714505
0.713088
0.710251
0.709478
-0.522689
-0.494092
-0.433968
-0.355228
-0.266387
-0.169452
-0.0648338
0.0471362
0.166425
0.29347
0.412607
0.508924
0.583959
0.642495
0.687707
0.718004
0.729803
0.726983
0.717931
0.699837
-0.541484
-0.512397
-0.451745
-0.372431
-0.283089
-0.185603
-0.0804461
0.0321185
0.152161
0.280345
0.401247
0.500347
0.579212
0.641614
0.692379
0.730031
0.748458
0.748315
0.731745
0.743411
-0.559683
-0.52999
-0.46893
-0.389172
-0.299535
-0.201669
-0.0962804
0.0166148
0.13702
0.265818
0.387866
0.488883
0.571478
0.636634
0.690003
0.732583
0.755282
0.753256
0.692251
0.671337
-0.577868
-0.547434
-0.485273
-0.405044
-0.315245
-0.21721
-0.112133
0.000886671
0.121295
0.25012
0.372552
0.474276
0.560141
0.627307
0.675259
0.71668
0.730518
0.699037
0.627174
0.582681
-0.596696
-0.565515
-0.500341
-0.419726
-0.329828
-0.23209
-0.127644
-0.0148958
0.105079
0.233296
0.355239
0.456531
0.543562
0.614702
0.659536
0.666533
0.651752
0.593968
0.51931
0.473158
-0.196366
-0.0871963
0.0285348
0.151589
0.277085
0.38863
0.477937
0.332156
-0.616878
-0.597874
-0.560405
-0.492595
-0.40818
-0.3152
-0.214379
-0.106383
0.00833238
0.129867
0.253721
0.363685
0.451023
0.523636
0.575212
0.54511
0.400843
0.311452
0.24137
-0.63399
-0.621057
-0.577229
-0.507686
-0.423052
-0.330124
-0.2299
-0.122522
-0.00887297
0.110975
0.232144
0.338166
0.42007
0.477984
0.478749
0.377042
0.226716
0.115839
0.0230373
-0.656648
-0.643988
-0.597283
-0.526649
-0.441864
-0.348856
-0.248659
-0.141779
-0.0292666
0.0886911
0.206441
0.307249
0.381586
0.422093
0.380806
0.217644
0.0413584
-0.101417
-0.226153
-0.679391
-0.666501
-0.618305
-0.546509
-0.461334
-0.368357
-0.268491
-0.162464
-0.0513465
0.0643276
0.178274
0.273444
0.339649
0.357798
0.271339
0.0639019
-0.149074
-0.345112
-0.531394
-0.701218
-0.688893
-0.639918
-0.56711
-0.481526
-0.388566
-0.289158
-0.184102
-0.0745397
0.0385498
0.148301
0.237224
0.294287
0.277367
0.140358
-0.0781414
-0.316285
-0.548216
-0.758433
-0.723382
-0.711468
-0.662304
-0.588842
-0.502933
-0.409945
-0.310923
-0.206772
-0.098806
0.0115874
0.116994
0.199255
0.245317
0.197975
0.0198129
-0.196488
-0.42863
-0.651661
-0.78906
-0.830957
-0.74674
-0.735036
-0.685768
-0.611985
-0.525942
-0.433016
-0.33445
-0.231314
-0.125163
-0.0178343
0.0827494
0.157672
0.189749
0.122036
-0.0900107
-0.295362
-0.49369
-0.648703
-0.697515
-0.725134
-0.771327
-0.759898
-0.710553
-0.636631
-0.550602
-0.457916
-0.359975
-0.258107
-0.154108
-0.0503414
0.0447921
0.111891
0.128091
0.0232654
-0.187536
-0.379292
-0.54604
-0.643424
-0.67136
-0.673873
-0.797456
-0.786194
-0.736747
-0.662761
-0.576858
-0.484562
-0.387467
-0.287129
-0.185636
-0.0859082
0.00308357
0.062202
0.0525777
-0.0818543
-0.278331
-0.458013
-0.59601
-0.643168
-0.648383
-0.650689
-0.825058
-0.813841
-0.764369
-0.690341
-0.604655
-0.512898
-0.416859
-0.318305
-0.219682
-0.124446
-0.0422222
0.00825348
-0.0267793
-0.181255
-0.363896
-0.531824
-0.620617
-0.640385
-0.639183
-0.639079
-0.853919
-0.842594
-0.793376
-0.719233
-0.633856
-0.542804
-0.448017
-0.351521
-0.256122
-0.165846
-0.0907172
-0.0505771
-0.101201
-0.274014
-0.443121
-0.584192
-0.62046
-0.62772
-0.631621
-0.631905
-0.883476
-0.872173
-0.823174
-0.749169
-0.664214
-0.574024
-0.480701
-0.386534
-0.294672
-0.209778
-0.142021
-0.113189
-0.173302
-0.356041
-0.51637
-0.622069
-0.654235
-0.636563
-0.62821
-0.626242
-0.913157
-0.901945
-0.853222
-0.779681
-0.6953
-0.606145
-0.514505
-0.422923
-0.334904
-0.255662
-0.195719
-0.174257
-0.261338
-0.431784
-0.574259
-0.65353
-0.648305
-0.634452
-0.624524
-0.620153
-0.941791
-0.931252
-0.8831
-0.810036
-0.726497
-0.638577
-0.54884
-0.460057
-0.376135
-0.302722
-0.250825
-0.239044
-0.354563
-0.5061
-0.600347
-0.632801
-0.64642
-0.637593
-0.62649
-0.622445
-0.968814
-0.958537
-0.911781
-0.839426
-0.756961
-0.670493
-0.582885
-0.497068
-0.417387
-0.350064
-0.30566
-0.308701
-0.441945
-0.60309
-0.61677
-0.616865
-0.66059
-0.693407
-0.702199
-0.698882
-0.992621
-0.982814
-0.937563
-0.866753
-0.785627
-0.700887
-0.615557
-0.53284
-0.457339
-0.396227
-0.359147
-0.373933
-0.529276
-0.726839
-0.872241
-0.849578
-0.865768
-0.886735
-0.89286
-0.879395
-1.01131
-1.00222
-0.959227
-0.890383
-0.811226
-0.728499
-0.645564
-0.565924
-0.494393
-0.438961
-0.41067
-0.429573
-0.624805
-0.862919
-1.22011
-1.28361
-1.07043
-1.04274
-1.04131
-1.03958
-1.02337
-1.01529
-0.975155
-0.90902
-0.832187
-0.751828
-0.671411
-0.594586
-0.526657
-0.475893
-0.457422
-0.470798
-0.704016
-0.789342
-0.65862
-0.642404
-0.989795
-1.18842
-1.16439
-1.15258
-1.02677
-1.02018
-0.983803
-0.921104
-0.847036
-0.769316
-0.691445
-0.616947
-0.551667
-0.504457
-0.492464
-0.529789
-0.748301
-0.78308
-0.566318
-0.732473
-1.06513
-1.20682
-1.13844
-1.15145
-1.02089
-1.01542
-0.983574
-0.925275
-0.854536
-0.779642
-0.704027
-0.631159
-0.56649
-0.520583
-0.51197
-0.577837
-0.926439
-1.53245
-2.33868
-2.95027
-3.08394
-2.67971
-2.19002
-1.87345
-1.00277
-0.998693
-0.972628
-0.920575
-0.854001
-0.781956
-0.708082
-0.635561
-0.569277
-0.518179
-0.505972
-0.561746
-1.0214
-1.80297
-2.69743
-3.18873
-3.32417
-3.09996
-2.74094
-2.42016
-0.974414
-0.971812
-0.951984
-0.907258
-0.845632
-0.776286
-0.703447
-0.629452
-0.558577
-0.496931
-0.458882
-0.47341
-0.664798
-0.937695
-1.19011
-1.27472
-1.11815
-0.862955
-0.605327
-0.440185
-0.939073
-0.937533
-0.924735
-0.887445
-0.831132
-0.764003
-0.691224
-0.614531
-0.535141
-0.457001
-0.375586
-0.3056
-0.151444
0.117011
0.54248
1.01617
1.43383
1.73754
1.9137
1.98615
-0.901566
-0.900677
-0.893707
-0.865244
-0.813409
-0.74779
-0.674535
-0.593943
-0.506751
-0.408662
-0.297422
-0.16157
0.0453812
0.513197
1.16329
1.80317
2.32958
2.67341
2.84792
2.91181
-0.866698
-0.86604
-0.86261
-0.843076
-0.796698
-0.731933
-0.657088
-0.573458
-0.481427
-0.376553
-0.258856
-0.12169
0.0234419
0.354471
0.913489
1.44807
1.87781
2.15336
2.294
2.34798
-0.83394
-0.832781
-0.831474
-0.821492
-0.782336
-0.71808
-0.641317
-0.557195
-0.465845
-0.36538
-0.253066
-0.137855
-0.0138794
0.167127
0.557631
0.946804
1.25326
1.46185
1.57518
1.62278
-0.812551
-0.811705
-0.812657
-0.806405
-0.768655
-0.701648
-0.623649
-0.541389
-0.455016
-0.362237
-0.262711
-0.170173
-0.0792491
0.0221656
0.263699
0.533393
0.751103
0.899155
0.975422
1.00381
-0.782456
-0.783702
-0.78749
-0.781737
-0.742172
-0.673624
-0.597289
-0.520824
-0.442924
-0.361337
-0.277976
-0.208622
-0.145856
-0.0843254
0.0715636
0.248799
0.391035
0.485057
0.532405
0.550566
-0.702694
-0.70535
-0.709447
-0.703762
-0.671902
-0.61648
-0.554357
-0.491176
-0.426329
-0.358391
-0.291962
-0.241755
-0.205391
-0.171859
-0.0616369
0.055294
0.144898
0.204341
0.232077
0.241401
-0.580345
-0.582235
-0.584044
-0.58104
-0.564482
-0.534682
-0.496732
-0.453461
-0.405298
-0.352627
-0.301053
-0.267092
-0.254584
-0.244846
-0.161598
-0.0772794
-0.0153909
0.0215554
0.0387248
0.0435318
-0.468615
-0.469453
-0.469932
-0.4701
-0.466787
-0.457438
-0.440732
-0.416056
-0.383234
-0.343424
-0.302176
-0.277093
-0.27429
-0.272319
-0.214447
-0.154965
-0.112985
-0.0884929
-0.077564
-0.0747366
-0.397799
-0.398222
-0.398597
-0.400624
-0.40322
-0.40349
-0.398032
-0.384906
-0.36305
-0.332584
-0.297491
-0.272682
-0.263253
-0.252898
-0.208199
-0.171696
-0.149328
-0.137438
-0.132421
-0.131365
-0.363397
-0.363758
-0.36424
-0.366459
-0.369777
-0.372097
-0.370598
-0.362925
-0.347195
-0.322051
-0.288586
-0.256854
-0.23133
-0.207521
-0.180156
-0.163201
-0.152396
-0.145481
-0.142067
-0.141426
-0.351243
-0.351525
-0.351821
-0.353404
-0.355925
-0.35764
-0.356597
-0.35055
-0.337039
-0.31382
-0.280888
-0.243604
-0.204295
-0.166331
-0.154742
-0.151709
-0.146035
-0.139428
-0.134372
-0.133644
-0.353405
-0.353472
-0.353291
-0.353862
-0.355108
-0.355606
-0.353746
-0.347464
-0.333884
-0.310707
-0.277584
-0.241103
-0.202066
-0.166153
-0.158011
-0.152057
-0.142382
-0.132522
-0.126027
-0.125746
-0.368412
-0.368226
-0.367569
-0.367183
-0.367026
-0.365902
-0.362333
-0.354439
-0.339218
-0.314686
-0.280443
-0.250023
-0.225316
-0.206306
-0.196473
-0.179667
-0.157925
-0.139988
-0.128627
-0.128724
-0.396987
-0.39657
-0.395239
-0.394192
-0.392822
-0.390004
-0.384407
-0.374177
-0.356109
-0.328933
-0.29067
-0.264096
-0.253381
-0.26485
-0.25105
-0.221346
-0.194905
-0.179111
-0.172644
-0.171537
-0.439113
-0.438447
-0.437192
-0.435584
-0.433344
-0.429476
-0.422802
-0.411392
-0.391434
-0.360097
-0.313916
-0.278607
-0.269127
-0.293466
-0.278714
-0.239999
-0.211002
-0.194839
-0.189615
-0.189291
-0.495918
-0.495037
-0.493697
-0.492002
-0.489773
-0.486535
-0.481563
-0.473102
-0.456782
-0.426326
-0.370158
-0.305702
-0.270628
-0.283905
-0.269319
-0.233958
-0.200863
-0.181978
-0.176266
-0.177066
-0.566518
-0.565547
-0.56456
-0.563628
-0.563045
-0.563461
-0.5655
-0.569099
-0.571416
-0.561687
-0.503163
-0.392534
-0.317638
-0.305245
-0.278712
-0.228606
-0.183216
-0.152044
-0.147957
-0.149719
-0.64664
-0.645875
-0.645932
-0.647022
-0.650521
-0.659042
-0.676173
-0.70672
-0.754013
-0.801672
-0.752801
-0.578155
-0.440793
-0.392113
-0.32883
-0.238347
-0.159621
-0.115766
-0.112883
-0.116098
-0.725594
-0.725439
-0.727264
-0.731722
-0.741905
-0.763276
-0.804312
-0.879313
-1.00475
-1.15179
-1.13688
-0.874421
-0.650598
-0.542209
-0.424253
-0.295064
-0.182284
-0.133422
-0.135709
-0.142193
-0.785818
-0.786587
-0.790551
-0.79911
-0.817402
-0.85402
-0.923615
-1.05382
-1.27972
-1.5621
-1.58546
-1.2233
-0.91997
-0.745742
-0.577633
-0.414495
-0.317629
-0.285955
-0.284715
-0.288393
-0.806637
-0.808394
-0.814271
-0.826241
-0.851412
-0.901017
-0.994382
-1.16959
-1.48019
-1.8652
-1.93525
-1.52132
-1.15265
-0.949793
-0.745154
-0.585544
-0.512546
-0.504445
-0.502675
-0.503249
-0.772733
-0.775005
-0.781271
-0.794448
-0.822265
-0.876638
-0.97882
-1.17167
-1.51238
-1.92814
-2.04548
-1.63558
-1.3086
-1.10621
-0.931959
-0.797914
-0.743801
-0.733442
-0.731654
-0.732178
-0.681369
-0.683684
-0.689165
-0.70095
-0.725807
-0.774903
-0.868283
-1.04571
-1.35373
-1.70279
-1.80587
-1.51364
-1.29565
-1.20185
-1.15611
-1.06328
-1.00218
-0.976687
-0.965136
-0.961006
-0.547157
-0.548837
-0.55252
-0.560801
-0.579254
-0.616432
-0.687799
-0.823796
-1.06021
-1.30753
-1.34941
-1.21126
-1.15309
-1.21333
-1.39597
-1.37715
-1.2445
-1.17315
-1.13816
-1.12243
-0.393301
-0.394386
-0.396131
-0.400463
-0.411439
-0.434569
-0.479901
-0.567659
-0.727726
-0.908058
-0.951312
-0.891566
-0.898822
-1.04527
-1.30741
-1.34446
-1.20925
-1.12996
-1.08988
-1.07177
-0.244902
-0.245293
-0.245455
-0.246773
-0.251556
-0.262662
-0.285332
-0.330643
-0.420147
-0.547784
-0.600246
-0.58963
-0.549142
-0.632898
-0.823712
-0.882733
-0.839854
-0.805419
-0.787775
-0.77874
-0.118455
-0.118414
-0.11788
-0.118053
-0.119366
-0.122718
-0.130081
-0.145433
-0.176649
-0.244573
-0.276545
-0.231653
-0.208093
-0.254591
-0.360636
-0.406362
-0.407149
-0.403348
-0.402217
-0.402036
-0.0659172
-0.0654284
-0.0649765
-0.0647712
-0.0653733
-0.0672962
-0.0717011
-0.0816827
-0.10761
-0.137123
-0.144147
-0.095957
-0.101548
-0.161271
-0.208618
-0.225394
-0.225005
-0.22436
-0.225174
-0.0660522
-0.71486
-0.340893
-0.0903995
0.11806
0.286888
0.422718
0.53278
0.62671
0.694035
0.691552
-0.162143
0.0087665
0.164324
0.298266
0.41299
0.50926
0.588849
0.650627
0.688539
0.702937
0.131701
0.237973
0.340413
0.432655
0.513088
0.581586
0.637734
0.680541
0.710885
0.731014
0.328354
0.399886
0.472186
0.53908
0.597309
0.647397
0.689157
0.722716
0.749396
0.768122
0.475901
0.524509
0.580558
0.630092
0.674465
0.71334
0.746848
0.774976
0.798182
0.814186
0.5934
0.632027
0.675429
0.714437
0.750642
0.7833
0.812113
0.836709
0.857079
0.870276
0.694209
0.727555
0.763954
0.798496
0.830835
0.860546
0.886964
0.909419
0.927633
0.938344
0.78754
0.819412
0.854508
0.888561
0.920195
0.949052
0.974426
0.99562
1.0121
1.02087
0.883721
0.918805
0.956071
0.99198
1.02429
1.05289
1.07737
1.09735
1.11232
1.12042
0.997486
1.03789
1.0773
1.11449
1.14654
1.17383
1.19658
1.21496
1.22876
1.23792
1.14187
1.18488
1.22243
1.2562
1.28436
1.30826
1.32898
1.34647
1.36039
1.37158
1.3198
1.35745
1.38575
1.41012
1.4312
1.45056
1.46887
1.48606
1.502
1.51655
1.51759
1.53867
1.55371
1.56961
1.58593
1.60127
1.61502
1.62831
1.64384
1.66222
1.70851
1.71563
1.72615
1.73773
1.74767
1.75689
1.76719
1.77832
1.78996
1.79883
1.92146
1.92325
1.91535
1.89885
1.88772
1.8872
1.89937
1.92399
1.95812
1.98267
2.34114
2.14725
2.04619
1.98838
1.95929
1.95267
1.96788
2.00871
2.08457
2.22753
-0.580886
-0.585394
-0.546449
-0.476472
-0.39199
-0.29824
0.561531
0.631891
0.632573
0.557348
0.489591
0.417051
0.169112
-0.0739541
-0.369404
-0.763833
-1.18474
)
;

boundaryField
{
    wall-4
    {
        type            zeroGradient;
    }
    pressure-outlet-7
    {
        type            fixedValue;
        value           uniform 0;
    }
    velocity-inlet-6
    {
        type            zeroGradient;
    }
    velocity-inlet-5
    {
        type            zeroGradient;
    }
    frontAndBackPlanes
    {
        type            empty;
    }
}


// ************************************************************************* //
