/*--------------------------------*- C++ -*----------------------------------*\
| =========                 |                                                 |
| \\      /  F ield         | OpenFOAM: The Open Source CFD Toolbox           |
|  \\    /   O peration     | Version:  4.0                                   |
|   \\  /    A nd           | Web:      www.OpenFOAM.org                      |
|    \\/     M anipulation  |                                                 |
\*---------------------------------------------------------------------------*/
FoamFile
{
    version     2.0;
    format      ascii;
    class       volScalarField;
    location    "43";
    object      p;
}
// * * * * * * * * * * * * * * * * * * * * * * * * * * * * * * * * * * * * * //

dimensions      [0 2 -2 0 0 0 0];

internalField   nonuniform List<scalar> 
8800
(
0.913949
0.866161
0.827468
0.798468
0.777597
0.762755
0.752144
0.744646
0.739802
0.737713
0.738942
0.743099
0.749719
0.759016
0.771782
0.789505
0.814276
0.848212
0.890757
0.949459
0.745206
0.752885
0.760352
0.763657
0.762148
0.757063
0.750566
0.744473
0.739726
0.736852
0.736534
0.739002
0.743459
0.749381
0.756132
0.7624
0.766031
0.76529
0.759863
0.751168
0.723623
0.729781
0.733905
0.736842
0.738883
0.739475
0.738353
0.736228
0.734184
0.733239
0.734158
0.736501
0.73927
0.741428
0.742017
0.740804
0.738451
0.73505
0.730488
0.726727
0.71784
0.720489
0.723235
0.725631
0.727256
0.728404
0.729127
0.72922
0.728893
0.728799
0.729503
0.73063
0.731434
0.73147
0.730838
0.72973
0.727901
0.725319
0.722911
0.721406
0.712496
0.71392
0.715692
0.717715
0.719487
0.720812
0.72178
0.722548
0.723124
0.723639
0.724234
0.724678
0.724734
0.724411
0.723686
0.722415
0.720701
0.718839
0.717525
0.716693
0.707467
0.708387
0.709621
0.711177
0.712796
0.714302
0.715562
0.716595
0.717514
0.718348
0.718969
0.719233
0.719137
0.718652
0.717735
0.716506
0.715154
0.713876
0.713045
0.712495
0.702621
0.703289
0.704245
0.705536
0.706929
0.708366
0.709776
0.711059
0.712204
0.713239
0.713977
0.714265
0.714112
0.713544
0.71269
0.711703
0.710658
0.709711
0.709117
0.708713
0.697913
0.698429
0.699205
0.700323
0.701582
0.702932
0.704344
0.70577
0.707135
0.708385
0.709288
0.709657
0.709542
0.70908
0.708414
0.707637
0.706819
0.706107
0.705663
0.705348
0.693276
0.693686
0.694334
0.695327
0.696512
0.697812
0.699218
0.700719
0.702266
0.703758
0.704875
0.705403
0.705452
0.705184
0.704719
0.704135
0.703508
0.702978
0.702643
0.702388
0.688627
0.688961
0.68952
0.690433
0.691568
0.692847
0.69428
0.695867
0.697579
0.699332
0.700729
0.701515
0.701808
0.701763
0.701501
0.701117
0.700664
0.700284
0.700032
0.699821
0.683885
0.68416
0.684659
0.685525
0.686639
0.687939
0.689435
0.691145
0.69306
0.695112
0.696866
0.697988
0.698573
0.698779
0.698735
0.698548
0.698267
0.698015
0.697828
0.697647
0.678967
0.679198
0.679656
0.680506
0.681641
0.683004
0.684606
0.686492
0.688674
0.691096
0.69329
0.694816
0.695739
0.696231
0.696425
0.696432
0.696318
0.696179
0.696047
0.695889
0.673794
0.673989
0.674427
0.675291
0.676487
0.677956
0.679721
0.681852
0.684383
0.687283
0.69001
0.69201
0.693321
0.69413
0.694589
0.694797
0.694851
0.694819
0.694732
0.694591
0.668274
0.668439
0.668874
0.669781
0.67108
0.672704
0.674694
0.677145
0.68012
0.683616
0.686994
0.689561
0.691333
0.692509
0.693262
0.69371
0.693932
0.693998
0.69395
0.693821
0.662302
0.662441
0.662888
0.663866
0.665313
0.667151
0.669439
0.672297
0.675822
0.680048
0.684223
0.687482
0.689808
0.691416
0.692506
0.693212
0.693619
0.693787
0.693777
0.693656
0.655763
0.655877
0.656348
0.657426
0.659069
0.661189
0.66386
0.667239
0.671465
0.676593
0.681738
0.685828
0.688811
0.690926
0.692404
0.693405
0.694023
0.694299
0.694325
0.694209
0.648492
0.648582
0.649091
0.650305
0.652198
0.654675
0.65784
0.661887
0.666989
0.673235
0.679559
0.684645
0.688403
0.691122
0.693071
0.69441
0.695262
0.695652
0.695713
0.695598
0.640278
0.640365
0.640926
0.642287
0.644499
0.647438
0.651231
0.656112
0.662313
0.669943
0.677693
0.683968
0.688651
0.692089
0.694606
0.696354
0.69747
0.697985
0.698083
0.697967
0.630832
0.630896
0.631538
0.63311
0.635737
0.639265
0.643847
0.649775
0.657323
0.666629
0.676125
0.683852
0.689651
0.693944
0.697133
0.69937
0.700806
0.701463
0.701596
0.701475
0.619794
0.619841
0.620576
0.622449
0.625601
0.62989
0.635494
0.642779
0.652062
0.663469
0.675043
0.684446
0.691542
0.69685
0.700813
0.703636
0.705435
0.706247
0.706416
0.706286
0.60663
0.606659
0.607535
0.609804
0.613655
0.61894
0.625871
0.634883
0.646313
0.660265
0.674346
0.685768
0.694401
0.700904
0.705804
0.709315
0.711533
0.712514
0.712716
0.712573
0.59059
0.59061
0.591693
0.594509
0.599309
0.605947
0.614662
0.625944
0.640118
0.657196
0.674229
0.687959
0.698353
0.706228
0.712225
0.716548
0.719245
0.720404
0.720628
0.720464
0.570514
0.570535
0.571949
0.575603
0.581793
0.59036
0.601545
0.615848
0.633498
0.654352
0.674815
0.691161
0.703541
0.712978
0.720172
0.725416
0.728626
0.729954
0.730184
0.729994
0.544579
0.544626
0.546623
0.551664
0.560039
0.571461
0.586134
0.604456
0.626459
0.651803
0.676178
0.695443
0.709987
0.721138
0.72967
0.735907
0.739627
0.741094
0.741309
0.741085
0.509748
0.509907
0.513118
0.520754
0.532875
0.548704
0.56839
0.592028
0.619399
0.649944
0.67863
0.700999
0.717836
0.730772
0.740724
0.747945
0.752101
0.753636
0.753809
0.75355
0.460263
0.461252
0.467706
0.480689
0.499344
0.522008
0.548607
0.578955
0.612651
0.648999
0.68229
0.707883
0.727049
0.741808
0.753219
0.761345
0.765797
0.767298
0.767397
0.767102
0.387201
0.394485
0.409509
0.432513
0.460892
0.492702
0.527775
0.565896
0.606666
0.649387
0.687694
0.716831
0.738628
0.755462
0.768504
0.777559
0.782336
0.783857
0.78394
0.783686
0.308394
0.325589
0.349964
0.383606
0.42214
0.463265
0.506929
0.553078
0.601405
0.651312
0.69573
0.729462
0.754733
0.774303
0.789495
0.799793
0.804859
0.806309
0.806435
0.806339
0.242856
0.263103
0.295268
0.337833
0.385307
0.435221
0.487211
0.541225
0.596957
0.653829
0.704071
0.742107
0.770617
0.792689
0.809673
0.820681
0.825834
0.827556
0.827731
0.827696
0.189163
0.2111
0.248743
0.297724
0.352237
0.409533
0.468879
0.53011
0.592793
0.656285
0.712017
0.754041
0.785449
0.809654
0.828081
0.840192
0.846239
0.84782
0.848047
0.848089
0.144358
0.167458
0.208866
0.262924
0.323139
0.386516
0.452163
0.519788
0.588809
0.658442
0.719301
0.76498
0.799
0.825202
0.845111
0.858113
0.86464
0.866364
0.866682
0.86673
0.106139
0.129919
0.174169
0.232229
0.29721
0.365758
0.436877
0.510169
0.584925
0.660207
0.725785
0.77482
0.811225
0.839152
0.860139
0.873879
0.880804
0.882883
0.883279
0.88334
0.0725083
0.0967548
0.143247
0.204594
0.273577
0.346607
0.422568
0.50095
0.580935
0.661423
0.731383
0.7835
0.822018
0.85129
0.873038
0.887243
0.894555
0.896984
0.897469
0.89753
0.0419909
0.0666519
0.114979
0.179129
0.251558
0.328504
0.408791
0.491798
0.576604
0.661973
0.736074
0.791081
0.831455
0.861791
0.884042
0.898589
0.906182
0.90888
0.909448
0.909503
0.0136572
0.0387057
0.088638
0.155166
0.230631
0.311045
0.395212
0.482444
0.571753
0.661768
0.739876
0.797655
0.839741
0.870994
0.893637
0.908467
0.916281
0.919132
0.919696
0.919719
-0.0132572
0.012217
0.0636441
0.132256
0.21041
0.293928
0.3816
0.472719
0.566255
0.660749
0.742811
0.803329
0.847051
0.879138
0.902175
0.917177
0.925103
0.928035
0.928616
0.928603
-0.0390667
-0.0131577
0.039397
0.110084
0.190648
0.276954
0.36781
0.462509
0.560032
0.658883
0.744896
0.808184
0.853564
0.886506
0.909939
0.925111
0.933073
0.935994
0.936604
0.936588
-0.064151
-0.0376694
0.0159471
0.0884573
0.17118
0.259998
0.353746
0.451749
0.553031
0.65612
0.74612
0.812282
0.859424
0.893315
0.917197
0.932522
0.940495
0.943361
0.943895
0.943837
-0.0885999
-0.0617155
-0.00690249
0.0672369
0.151917
0.242998
0.339366
0.440408
0.545221
0.652421
0.746458
0.815658
0.864738
0.899708
0.9241
0.939571
0.947485
0.950251
0.950689
0.950566
-0.112498
-0.0850921
-0.0292496
0.046372
0.132823
0.225936
0.324665
0.428481
0.536587
0.647745
0.745855
0.81831
0.869572
0.905796
0.930741
0.946291
0.954035
0.956612
0.956936
0.956764
-0.135941
-0.10796
-0.0511201
0.0258615
0.113894
0.208827
0.309673
0.415999
0.527138
0.642056
0.744242
0.820191
0.873968
0.911685
0.937232
0.952762
0.960207
0.962499
0.962706
0.9625
-0.158924
-0.130293
-0.0725197
0.00571693
0.0951757
0.191712
0.294441
0.403011
0.516904
0.635328
0.741547
0.82122
0.877908
0.917475
0.943736
0.959083
0.966009
0.967916
0.967993
0.967765
-0.181277
-0.152039
-0.0933762
-0.0140233
0.0767054
0.174659
0.279034
0.389591
0.505939
0.62758
0.737697
0.821284
0.881315
0.923244
0.95049
0.965479
0.971521
0.972847
0.972777
0.972546
-0.202971
-0.173156
-0.113661
-0.0333001
0.0585431
0.157728
0.263543
0.375816
0.49432
0.618838
0.732642
0.820246
0.88404
0.928978
0.957794
0.972434
0.977043
0.977339
0.977038
0.976857
-0.224071
-0.193604
-0.133345
-0.0520776
0.0407544
0.141004
0.248053
0.361788
0.482137
0.609166
0.72634
0.817956
0.885852
0.934486
0.965855
0.980773
0.983551
0.981843
0.980848
0.980929
-0.244404
-0.213364
-0.152372
-0.0702929
0.0233985
0.124569
0.232658
0.347614
0.469503
0.598662
0.718788
0.814257
0.886451
0.939322
0.974442
0.991339
0.993191
0.988674
0.985385
0.984729
-0.264066
-0.232426
-0.170762
-0.0879772
0.00643876
0.108373
0.217297
0.333232
0.456344
0.587247
0.709852
0.808877
0.885504
0.942845
0.982656
1.00405
1.00813
1.00277
0.993386
0.978102
-0.282986
-0.250785
-0.188637
-0.105333
-0.0104185
0.0920774
0.201547
0.318149
0.442116
0.574273
0.698867
0.801001
0.882366
0.94411
0.988319
1.01578
1.02313
1.01173
0.992443
0.978762
-0.300992
-0.268585
-0.205807
-0.122138
-0.026838
0.0760299
0.185634
0.302694
0.427127
0.560011
0.685945
0.790223
0.87637
0.941982
0.986698
1.01371
1.02469
1.00332
0.934723
0.903459
-0.317426
-0.287066
-0.221946
-0.137841
-0.0420698
0.0607326
0.169865
0.287091
0.411596
0.54459
0.671042
0.776303
0.866297
0.935977
0.973301
0.99334
0.988677
0.93693
0.867591
0.824707
-0.373533
-0.303354
-0.236658
-0.153527
-0.0577004
0.0447338
0.154177
0.271063
0.395161
0.527571
0.653591
0.758739
0.84854
0.925142
0.931254
0.939601
0.897078
0.830014
0.754206
0.711826
-0.335286
-0.319192
-0.258487
-0.174973
-0.0805507
0.0217373
0.130226
0.246454
0.369491
0.500283
0.623966
0.726969
0.808341
0.887517
0.879387
0.772228
0.669977
0.59875
0.526297
0.558563
-0.366627
-0.337228
-0.275594
-0.192852
-0.0984206
0.00366286
0.112416
0.228019
0.349986
0.478916
0.599646
0.698461
0.771651
0.813233
0.767593
0.623916
0.498908
0.409124
0.310933
0.362587
-0.390842
-0.358517
-0.295667
-0.212749
-0.118233
-0.01623
0.0924599
0.207249
0.327814
0.454305
0.571267
0.664259
0.728325
0.737206
0.63432
0.464231
0.313449
0.195834
0.0649231
0.0986072
-0.414563
-0.380688
-0.316682
-0.232912
-0.138258
-0.0363704
0.0718368
0.185687
0.304663
0.428377
0.540734
0.627092
0.675908
0.654111
0.499311
0.305054
0.115851
-0.0518265
-0.241363
-0.258441
-0.437686
-0.40336
-0.338488
-0.253986
-0.159154
-0.0574472
0.0501608
0.162961
0.280108
0.40069
0.507832
0.587002
0.617696
0.560889
0.371064
0.162291
-0.0543365
-0.243736
-0.487074
-0.79216
-0.46111
-0.426779
-0.361383
-0.276421
-0.181385
-0.0798008
0.0272859
0.139013
0.254235
0.371464
0.473188
0.544057
0.555883
0.448652
0.259754
0.0516723
-0.151726
-0.323515
-0.390789
-0.472649
-0.485786
-0.451392
-0.385717
-0.300553
-0.205451
-0.104076
0.00240235
0.112892
0.225885
0.339255
0.435171
0.495646
0.483451
0.342658
0.161159
-0.0276258
-0.188733
-0.280207
-0.303803
-0.320017
-0.512028
-0.477507
-0.411662
-0.32646
-0.23148
-0.130479
-0.0248432
0.0841141
0.194466
0.303338
0.392935
0.440197
0.410599
0.24423
0.071921
-0.0914357
-0.216274
-0.254292
-0.267625
-0.268935
-0.540036
-0.505302
-0.439282
-0.354135
-0.259416
-0.159012
-0.054463
0.0526348
0.159917
0.263701
0.346141
0.379664
0.332375
0.152831
-0.0102517
-0.156059
-0.231281
-0.247934
-0.249472
-0.249361
-0.569876
-0.534838
-0.4686
-0.383573
-0.28927
-0.189652
-0.0864509
0.0184485
0.122247
0.220403
0.294743
0.316572
0.234332
0.0688317
-0.086345
-0.205689
-0.240397
-0.239871
-0.239598
-0.239097
-0.601265
-0.565942
-0.49951
-0.414682
-0.320945
-0.222337
-0.120763
-0.0184064
0.0815001
0.173534
0.239426
0.244743
0.142691
-0.00964526
-0.146767
-0.221005
-0.230851
-0.233166
-0.233746
-0.233524
-0.633655
-0.598165
-0.531757
-0.44723
-0.354246
-0.256894
-0.157229
-0.0577784
0.0378742
0.123407
0.180699
0.169421
0.0583396
-0.0766629
-0.191965
-0.221292
-0.230234
-0.231532
-0.231051
-0.230593
-0.666598
-0.630977
-0.564897
-0.480821
-0.388818
-0.292986
-0.195547
-0.0993499
-0.00831833
0.070683
0.117733
0.0958658
-0.0245296
-0.133243
-0.220158
-0.242616
-0.232292
-0.231074
-0.231078
-0.230697
-0.699217
-0.66368
-0.598072
-0.514852
-0.424109
-0.33012
-0.235241
-0.142594
-0.0565699
0.0160832
0.0530078
0.0262564
-0.106207
-0.185381
-0.213758
-0.229825
-0.233301
-0.232541
-0.232211
-0.232225
-0.729966
-0.695104
-0.630332
-0.54841
-0.459339
-0.367572
-0.275622
-0.186762
-0.106006
-0.0396313
-0.00801825
-0.0497376
-0.185886
-0.264887
-0.227699
-0.250383
-0.246671
-0.237963
-0.234859
-0.234093
-0.757299
-0.723492
-0.660551
-0.580322
-0.493463
-0.40438
-0.315769
-0.230937
-0.15531
-0.0953881
-0.065569
-0.123138
-0.264464
-0.411689
-0.382992
-0.331149
-0.287357
-0.263897
-0.253407
-0.249701
-0.779166
-0.747025
-0.686779
-0.609189
-0.525188
-0.439368
-0.354529
-0.273998
-0.203094
-0.149417
-0.12159
-0.176439
-0.299318
-0.587004
-0.691304
-0.466571
-0.358454
-0.321682
-0.303845
-0.295326
-0.793377
-0.763855
-0.707096
-0.633185
-0.553002
-0.471171
-0.390612
-0.314625
-0.248108
-0.199189
-0.171879
-0.18376
-0.203611
-0.280537
-0.379102
-0.34458
-0.351211
-0.351413
-0.346475
-0.345333
-0.797353
-0.771796
-0.719649
-0.650498
-0.575198
-0.498336
-0.422619
-0.351446
-0.288995
-0.243477
-0.207961
-0.153937
0.0375342
0.302235
0.107798
-0.168746
-0.30866
-0.343454
-0.354625
-0.357797
-0.789232
-0.768464
-0.722352
-0.659524
-0.590261
-0.519252
-0.449102
-0.383015
-0.325167
-0.282961
-0.234412
-0.194437
-0.0560609
0.127889
-0.0757013
-0.299675
-0.419432
-0.456347
-0.465555
-0.470154
-0.766687
-0.750705
-0.713421
-0.659042
-0.597123
-0.532782
-0.468635
-0.407829
-0.355703
-0.318399
-0.285663
-0.414542
-0.638429
-0.802807
-0.763122
-0.71445
-0.722437
-0.71062
-0.698679
-0.697754
-0.731747
-0.721212
-0.693263
-0.649079
-0.595593
-0.538391
-0.480116
-0.424339
-0.376795
-0.347402
-0.350313
-0.623114
-1.02766
-1.27056
-1.07519
-1.03348
-0.987227
-0.895202
-0.83733
-0.846113
-0.690318
-0.684316
-0.666312
-0.632081
-0.587224
-0.536395
-0.483097
-0.430236
-0.383809
-0.354301
-0.361046
-0.557949
-0.961881
-1.55827
-1.96916
-2.13273
-2.02177
-1.717
-1.42457
-1.31946
-0.65118
-0.647732
-0.638308
-0.613128
-0.574836
-0.528639
-0.478006
-0.425207
-0.374283
-0.333946
-0.342872
-0.44669
-0.697459
-0.953122
-1.12234
-1.20982
-1.21374
-1.07173
-0.900988
-0.812269
-0.621329
-0.619248
-0.614587
-0.596877
-0.563283
-0.518578
-0.467472
-0.41055
-0.351735
-0.295829
-0.256271
-0.22673
-0.096187
0.160353
0.453639
0.720968
0.923258
1.0565
1.1412
1.18169
-0.596873
-0.596066
-0.594829
-0.584858
-0.555491
-0.510199
-0.454969
-0.391389
-0.321137
-0.242157
-0.157979
-0.0474081
0.224417
0.66861
1.13267
1.54601
1.831
1.99897
2.08079
2.10516
-0.581361
-0.580792
-0.58045
-0.575753
-0.551172
-0.504305
-0.443074
-0.371298
-0.28771
-0.194935
-0.0886166
0.0267336
0.334547
0.795069
1.27943
1.71358
2.03205
2.21961
2.30576
2.33073
-0.571542
-0.571119
-0.570715
-0.56962
-0.550222
-0.50188
-0.433904
-0.354138
-0.262368
-0.160391
-0.0531593
0.0469434
0.28828
0.720861
1.16299
1.55566
1.84761
2.0162
2.09181
2.11327
-0.566241
-0.564897
-0.56305
-0.564025
-0.552274
-0.50312
-0.428077
-0.340661
-0.244977
-0.140224
-0.0383548
0.0644852
0.221274
0.592996
0.956956
1.26349
1.49419
1.62656
1.68682
1.70405
-0.574595
-0.572515
-0.571678
-0.574766
-0.564012
-0.50729
-0.422154
-0.327011
-0.228649
-0.123791
-0.0250014
0.0708959
0.194902
0.462476
0.742683
0.965496
1.13529
1.2355
1.28088
1.29299
-0.595596
-0.596627
-0.60357
-0.606635
-0.585483
-0.508795
-0.408752
-0.307741
-0.209781
-0.109453
-0.0174468
0.067523
0.15241
0.327414
0.534003
0.70023
0.826853
0.900758
0.933506
0.941771
-0.589131
-0.598137
-0.610682
-0.611287
-0.573419
-0.48173
-0.37628
-0.277844
-0.186926
-0.0973156
-0.0149744
0.0586735
0.128479
0.247989
0.391711
0.509315
0.59973
0.653871
0.677787
0.681403
-0.482096
-0.49185
-0.503641
-0.501882
-0.466576
-0.392814
-0.310887
-0.231379
-0.156908
-0.0826773
-0.0119916
0.0495351
0.109713
0.179468
0.277716
0.361253
0.424224
0.461408
0.475687
0.476804
-0.289642
-0.295537
-0.303267
-0.305404
-0.290333
-0.257251
-0.215337
-0.168615
-0.118622
-0.0637031
-0.0106389
0.0365261
0.0811958
0.122269
0.184145
0.243868
0.288862
0.316262
0.327893
0.32805
-0.100587
-0.103523
-0.109859
-0.118919
-0.126263
-0.127441
-0.119987
-0.103702
-0.0788863
-0.0456815
-0.0106751
0.0224719
0.0516255
0.0734186
0.113277
0.154314
0.184476
0.202023
0.207545
0.206667
0.0253967
0.0238249
0.0179747
0.00457199
-0.0152208
-0.0341875
-0.0466717
-0.0502497
-0.0439426
-0.0285198
-0.00961242
0.00804212
0.0210925
0.0326417
0.0559934
0.0830932
0.103276
0.113566
0.116478
0.115107
0.0848313
0.0837236
0.0784897
0.0652129
0.0439527
0.0207772
0.00108519
-0.0119537
-0.0170192
-0.0145854
-0.00963317
-0.00679917
-0.00714874
-0.00104211
0.0163684
0.0332065
0.0441833
0.0483593
0.0492399
0.0480265
0.102538
0.101668
0.0975475
0.0868982
0.0693055
0.0487619
0.0290716
0.0129926
0.00210361
-0.00385392
-0.00887958
-0.0165689
-0.0254016
-0.0230584
-0.0104535
0.000304697
0.00539045
0.00634582
0.00576757
0.00487248
0.100337
0.099723
0.0968159
0.089178
0.0761715
0.0600344
0.0432948
0.028074
0.0155752
0.00537814
-0.0055003
-0.0191822
-0.0317974
-0.029223
-0.0199549
-0.0147928
-0.0135834
-0.0148876
-0.0158465
-0.016485
0.0903836
0.0899838
0.0880853
0.0830017
0.0740381
0.0623491
0.0494056
0.0366497
0.0249483
0.0140023
0.00161296
-0.0140397
-0.0266908
-0.0224617
-0.0154699
-0.0132744
-0.0148794
-0.0172405
-0.0183171
-0.0188412
0.0784313
0.0781802
0.0770206
0.073871
0.0681006
0.0601884
0.0509585
0.0414076
0.0320762
0.0229781
0.0126297
0.000258417
-0.00813058
-0.00234408
0.00144937
0.000737155
-0.00221752
-0.00470945
-0.00564219
-0.00610718
0.0670051
0.0668424
0.0661849
0.0644104
0.061031
0.0561484
0.0501843
0.0438431
0.037716
0.0322103
0.0272179
0.0220798
0.0205787
0.0264705
0.0274827
0.0243097
0.0208093
0.018734
0.0179887
0.0175072
0.0571007
0.0570056
0.0566767
0.0558263
0.0541033
0.0514454
0.0481282
0.0446698
0.0418556
0.0408156
0.0429054
0.0469124
0.0520291
0.0573779
0.055994
0.0521287
0.0491279
0.0479288
0.0475017
0.0469491
0.0488186
0.0487565
0.0486347
0.0483614
0.0477138
0.0466042
0.045215
0.0440695
0.044211
0.0475811
0.0567166
0.0706183
0.0844647
0.0884924
0.0837603
0.0792259
0.0775536
0.0775789
0.0773217
0.0765236
0.0417506
0.0417194
0.0417044
0.0417368
0.0417296
0.0415793
0.0414659
0.0419599
0.0441966
0.0507247
0.0650104
0.0861686
0.105557
0.106596
0.100401
0.0974309
0.0975069
0.0990531
0.0990575
0.0981218
0.0353792
0.0353701
0.035412
0.0355669
0.0358182
0.0361472
0.0367514
0.0381397
0.0414181
0.0490984
0.0649327
0.08788
0.107762
0.108222
0.104383
0.104669
0.106677
0.108991
0.108905
0.107835
0.0291445
0.0291533
0.0292239
0.0293979
0.0297471
0.0302185
0.0310362
0.0326258
0.035872
0.0427447
0.0558547
0.0750132
0.0909592
0.090952
0.0895711
0.0937504
0.100257
0.10403
0.103882
0.102719
0.0226838
0.0226896
0.0227441
0.0228572
0.0231468
0.0236698
0.0244548
0.0258014
0.0282575
0.0328068
0.0401694
0.0490992
0.0557058
0.0558559
0.0614794
0.0711256
0.079651
0.0832306
0.0832184
0.0822353
0.015916
0.0159069
0.0159291
0.0159856
0.0162111
0.0166129
0.0171571
0.0180367
0.0194539
0.0214646
0.0218605
0.0173313
0.00939568
0.0131513
0.0272976
0.0417565
0.0507812
0.0539816
0.0538022
0.0530751
0.00887747
0.00885036
0.00887536
0.00891011
0.00897906
0.00920026
0.00950255
0.0100836
0.010807
0.0108489
0.00686358
-0.009329
-0.0231182
-0.0169836
0.000690922
0.0158129
0.0225277
0.0240821
0.0237739
0.023303
0.00193873
0.00189586
0.00186815
0.00186596
0.0018254
0.00170523
0.001714
0.00198842
0.00212876
0.00245011
0.00226109
-0.00146868
-0.00916359
-0.00839776
-0.00501825
-0.00262522
-0.00399467
-0.0039207
-0.000657685
0.00103288
-0.0102378
0.158719
0.35637
0.528486
0.666519
0.775863
0.8666
0.943559
0.978213
0.954905
0.297404
0.419603
0.551055
0.664884
0.761053
0.840828
0.905396
0.951138
0.974046
0.986062
0.519283
0.603146
0.69298
0.772516
0.840985
0.898275
0.943805
0.977042
1.00102
1.01896
0.681928
0.741757
0.80451
0.862248
0.91255
0.955253
0.990303
1.01824
1.0412
1.05948
0.808699
0.852356
0.898804
0.943063
0.982171
1.01631
1.04551
1.0698
1.0903
1.10812
0.913822
0.947029
0.985461
1.02131
1.0542
1.08367
1.1094
1.13103
1.14895
1.16629
1.00689
1.03577
1.06996
1.10229
1.13241
1.15972
1.18358
1.20339
1.21895
1.23602
1.09579
1.12512
1.15926
1.19143
1.22114
1.24782
1.27076
1.2893
1.30271
1.31975
1.1913
1.22459
1.26132
1.29497
1.32509
1.35133
1.37333
1.39065
1.40255
1.41995
1.30642
1.3443
1.383
1.41729
1.44668
1.47146
1.49187
1.50778
1.51927
1.53734
1.45143
1.49001
1.52619
1.55691
1.58261
1.60473
1.62381
1.63935
1.65179
1.66979
1.62657
1.6582
1.68441
1.70687
1.72687
1.7456
1.76333
1.77982
1.79518
1.81325
1.81522
1.83242
1.84747
1.86371
1.87963
1.89417
1.90738
1.92132
1.93886
1.95902
1.99694
2.00649
2.01804
2.02885
2.03814
2.04773
2.05852
2.06989
2.08126
2.09662
2.20421
2.20787
2.19292
2.17811
2.17184
2.17752
2.196
2.22632
2.25849
2.28515
2.51052
2.37565
2.29902
2.25666
2.23923
2.2432
2.27059
2.32701
2.42963
2.654
0.804547
0.802416
0.797931
0.789302
0.777072
0.764935
0.754695
0.746781
0.741137
0.737847
0.737447
0.74014
0.745208
0.752402
0.761768
0.773293
0.785934
0.796962
0.80307
0.806121
0.72901
0.734856
0.74119
0.745676
0.748139
0.747805
0.745054
0.741224
0.737686
0.735388
0.735193
0.737342
0.740965
0.745223
0.749008
0.750874
0.749926
0.746435
0.741266
0.734644
0.720607
0.722903
0.726303
0.729292
0.731359
0.732844
0.733582
0.733244
0.732189
0.731264
0.731385
0.732758
0.734528
0.735799
0.735951
0.735041
0.733476
0.731129
0.727857
0.724933
0.715123
0.716209
0.718038
0.720409
0.722423
0.723837
0.724838
0.725564
0.72593
0.726104
0.726534
0.727279
0.727825
0.727849
0.727403
0.726528
0.725039
0.72294
0.720843
0.719456
0.709956
0.710619
0.711723
0.71342
0.71519
0.716805
0.718079
0.719065
0.719905
0.72064
0.721298
0.721774
0.721904
0.721685
0.721077
0.719989
0.718535
0.716971
0.71564
0.714856
0.705027
0.705488
0.70627
0.707559
0.709032
0.71053
0.71197
0.713234
0.714321
0.71531
0.716139
0.716616
0.716682
0.716343
0.715592
0.714559
0.7134
0.712242
0.71131
0.71079
0.700257
0.700602
0.701209
0.702268
0.703546
0.704899
0.706308
0.707714
0.709031
0.710232
0.711238
0.711817
0.711896
0.711537
0.71087
0.710037
0.709141
0.708241
0.707549
0.707167
0.695594
0.695863
0.696352
0.697251
0.698403
0.699676
0.701037
0.70248
0.703955
0.705381
0.706603
0.707333
0.70751
0.707283
0.706802
0.70617
0.705463
0.70478
0.704264
0.703973
0.690961
0.691174
0.691581
0.692369
0.69344
0.694662
0.696008
0.697489
0.699082
0.700725
0.702204
0.703161
0.703543
0.703528
0.703252
0.702818
0.7023
0.701796
0.701415
0.701187
0.686276
0.686447
0.686795
0.68751
0.688535
0.689731
0.691099
0.692651
0.694381
0.696252
0.698037
0.699309
0.699976
0.700214
0.700161
0.699929
0.699598
0.699251
0.698981
0.698799
0.681456
0.681595
0.6819
0.68257
0.683577
0.684794
0.68622
0.687885
0.689804
0.691951
0.69411
0.695779
0.69679
0.697318
0.697512
0.69749
0.69734
0.697141
0.696963
0.696817
0.676421
0.676531
0.676808
0.67746
0.678485
0.679768
0.681299
0.683132
0.685308
0.687817
0.690443
0.692584
0.693992
0.69485
0.695317
0.695518
0.695549
0.695491
0.695392
0.695274
0.671086
0.671173
0.671433
0.67209
0.673168
0.674559
0.676248
0.678314
0.680824
0.683793
0.686996
0.689708
0.691585
0.692823
0.693596
0.69405
0.694276
0.694352
0.694322
0.694227
0.665356
0.665421
0.665674
0.666357
0.667525
0.669069
0.670977
0.673353
0.676287
0.679838
0.683751
0.68715
0.689588
0.691272
0.692397
0.693132
0.693568
0.693785
0.693821
0.693745
0.659116
0.659161
0.659412
0.660143
0.66144
0.663192
0.665387
0.668156
0.671623
0.67588
0.680661
0.684908
0.688031
0.69025
0.691784
0.692832
0.693518
0.693884
0.693985
0.693927
0.652229
0.652252
0.652507
0.65331
0.65478
0.656802
0.659371
0.662652
0.666807
0.671961
0.677809
0.683066
0.686993
0.689841
0.691853
0.693265
0.694232
0.69476
0.694927
0.694884
0.644523
0.644534
0.644791
0.645681
0.647376
0.649731
0.652775
0.6567
0.661714
0.667978
0.675132
0.681615
0.686502
0.690097
0.692692
0.694551
0.695834
0.696541
0.696778
0.696748
0.635703
0.63568
0.635991
0.637019
0.638986
0.641774
0.645427
0.650167
0.65625
0.663885
0.672635
0.680592
0.68664
0.691125
0.694408
0.696811
0.698465
0.699379
0.699691
0.699673
0.625506
0.625458
0.625811
0.627018
0.629333
0.632677
0.637101
0.642873
0.650311
0.659645
0.67034
0.680084
0.687502
0.693046
0.69715
0.700188
0.702287
0.703436
0.703829
0.70382
0.613452
0.613375
0.613805
0.615254
0.618029
0.622103
0.627538
0.634656
0.64383
0.655305
0.66836
0.680193
0.689217
0.696005
0.701078
0.704849
0.707469
0.708886
0.709362
0.70936
0.598925
0.598819
0.599366
0.60114
0.604525
0.609568
0.616333
0.625195
0.636559
0.650653
0.666559
0.680899
0.691817
0.700062
0.706295
0.710949
0.714179
0.715896
0.716456
0.716452
0.580975
0.580843
0.58158
0.583842
0.588095
0.594503
0.603112
0.614339
0.628584
0.645981
0.66528
0.682465
0.69551
0.705396
0.712944
0.718608
0.722526
0.724564
0.725198
0.725182
0.558139
0.557992
0.559061
0.562099
0.567683
0.576109
0.58734
0.601782
0.61973
0.641153
0.664436
0.684897
0.70034
0.712067
0.721058
0.727859
0.732521
0.734877
0.735565
0.735526
0.528066
0.527944
0.529627
0.534034
0.541874
0.553476
0.568591
0.587481
0.610212
0.636519
0.664371
0.688417
0.706438
0.720128
0.730681
0.738696
0.744091
0.746716
0.747419
0.747346
0.486616
0.486661
0.489712
0.496995
0.509038
0.525873
0.546767
0.571664
0.600357
0.632375
0.665297
0.693178
0.713892
0.729624
0.741791
0.751041
0.757065
0.759829
0.760493
0.760378
0.426104
0.427301
0.434815
0.448492
0.468244
0.493394
0.522421
0.554969
0.590731
0.629137
0.667463
0.699287
0.722715
0.740452
0.754228
0.764587
0.77108
0.773799
0.774308
0.774152
0.353854
0.355659
0.370051
0.393687
0.424275
0.459238
0.497177
0.537951
0.58137
0.626928
0.67165
0.708497
0.73561
0.756179
0.772023
0.783787
0.7909
0.793702
0.794269
0.794231
0.27917
0.285401
0.306667
0.340469
0.381346
0.425867
0.472701
0.521761
0.57294
0.625791
0.677122
0.719222
0.750185
0.773787
0.79209
0.805445
0.813019
0.815489
0.815865
0.815919
0.2182
0.226683
0.252584
0.293404
0.342246
0.394898
0.449744
0.50655
0.565129
0.624988
0.682639
0.729663
0.764178
0.790462
0.810748
0.82531
0.83309
0.835862
0.836672
0.836797
0.168534
0.177603
0.207056
0.253081
0.308021
0.367229
0.428822
0.49246
0.557779
0.624173
0.687761
0.739378
0.77711
0.805758
0.827832
0.843592
0.852301
0.855693
0.856686
0.856832
0.12681
0.136155
0.168052
0.218046
0.277973
0.342618
0.409929
0.479523
0.550876
0.62325
0.692342
0.748188
0.78886
0.819684
0.84339
0.860168
0.869649
0.873499
0.874669
0.874819
0.0906564
0.100121
0.13386
0.187038
0.251053
0.32031
0.392605
0.467461
0.544248
0.622089
0.69625
0.755994
0.799347
0.832054
0.856985
0.874542
0.884704
0.888957
0.890204
0.890361
0.0584274
0.0679458
0.103097
0.158959
0.226393
0.299611
0.376299
0.455875
0.537613
0.620494
0.699391
0.762776
0.808563
0.842827
0.868605
0.886664
0.897318
0.901914
0.903265
0.903438
0.0288676
0.0384485
0.0747544
0.132929
0.203313
0.279989
0.360576
0.444418
0.530703
0.618313
0.701716
0.768582
0.816625
0.852242
0.878703
0.897151
0.908068
0.912941
0.914387
0.91456
0.00115072
0.0107936
0.0481484
0.108302
0.181311
0.261052
0.345122
0.432837
0.523339
0.615427
0.703201
0.773474
0.823689
0.860531
0.887588
0.906338
0.917438
0.922486
0.92394
0.924106
-0.025262
-0.0155273
0.0227982
0.0846443
0.160035
0.242516
0.329726
0.420979
0.515399
0.61176
0.703833
0.777513
0.829879
0.867916
0.895548
0.914578
0.925807
0.930889
0.932345
0.932438
-0.0508115
-0.0408967
-0.00171652
0.0617573
0.139253
0.224197
0.31425
0.408734
0.506811
0.607264
0.703586
0.780733
0.835321
0.874614
0.902869
0.922177
0.933509
0.938565
0.939975
0.94005
-0.0756938
-0.0655433
-0.0256032
0.0394535
0.118838
0.205991
0.298613
0.396052
0.497528
0.601894
0.702429
0.783143
0.8401
0.880778
0.909751
0.929364
0.940766
0.945755
0.947073
0.94713
-0.0999709
-0.0896034
-0.0488465
0.0175912
0.0987007
0.187856
0.282786
0.382912
0.487534
0.595613
0.70031
0.784734
0.844268
0.886518
0.916309
0.936229
0.947627
0.952472
0.953666
0.953665
-0.123765
-0.113094
-0.0715818
-0.00383745
0.0788256
0.169773
0.266774
0.369329
0.476839
0.588409
0.697176
0.78545
0.847841
0.891923
0.922655
0.942847
0.954134
0.958746
0.959757
0.959692
-0.147011
-0.136057
-0.093806
-0.0248481
0.0592267
0.151774
0.250622
0.355346
0.465473
0.580275
0.692972
0.785212
0.850789
0.897055
0.928918
0.94934
0.960327
0.96455
0.96535
0.965232
-0.16974
-0.158482
-0.115455
-0.0454121
0.0399369
0.133901
0.234378
0.341032
0.453492
0.571232
0.687657
0.78393
0.853025
0.901933
0.935258
0.955892
0.966316
0.96992
0.970449
0.970281
-0.191772
-0.180281
-0.136502
-0.0654713
0.0210115
0.116227
0.218113
0.326458
0.440969
0.561335
0.681209
0.781506
0.85442
0.906504
0.941841
0.962847
0.972357
0.974912
0.975028
0.974818
-0.21324
-0.201407
-0.156923
-0.0849955
0.0024884
0.0987974
0.201921
0.311706
0.427993
0.550665
0.673638
0.777836
0.854796
0.910598
0.948733
0.970716
0.979114
0.979888
0.979124
0.97884
-0.233978
-0.221832
-0.176685
-0.103936
-0.0155502
0.0816974
0.185883
0.296896
0.414672
0.539287
0.664991
0.772828
0.853939
0.913903
0.95573
0.979958
0.987911
0.986261
0.983332
0.982125
-0.254045
-0.241602
-0.195735
-0.122241
-0.0330668
0.0649962
0.170083
0.282107
0.401115
0.527339
0.655344
0.766402
0.851638
0.915982
0.962164
0.990323
1.00015
0.997441
0.990463
0.981304
-0.273361
-0.260675
-0.214173
-0.140069
-0.0502766
0.0484079
0.154174
0.266924
0.386858
0.5143
0.644143
0.757959
0.847328
0.91631
0.967064
1.00062
1.01573
1.01476
1.0045
0.997447
-0.291879
-0.278978
-0.231992
-0.157387
-0.0671774
0.0319321
0.138172
0.25133
0.37186
0.500058
0.631209
0.747146
0.840296
0.914104
0.968179
1.0057
1.02347
1.02755
0.990081
0.937508
-0.309316
-0.295729
-0.249075
-0.174118
-0.0838762
0.0154184
0.122029
0.235442
0.356178
0.484675
0.616481
0.73378
0.829522
0.9089
0.963367
0.995138
1.01349
0.999087
0.942617
0.879543
-0.326006
-0.311529
-0.265349
-0.189546
-0.0999568
-0.000658318
0.105521
0.219318
0.339958
0.468323
0.599981
0.717679
0.813879
0.90166
0.950399
0.999632
0.964934
0.920744
0.850984
0.783815
-0.312287
-0.29404
-0.243898
-0.163679
-0.0686135
0.0338812
0.145331
0.262011
0.385795
0.517753
0.64328
0.748139
0.836253
0.929795
0.972599
0.892553
0.844886
0.780861
0.70828
0.660481
-0.336761
-0.320374
-0.284174
-0.213971
-0.124756
-0.0262506
0.0802135
0.19349
0.313477
0.440718
0.570623
0.686683
0.780218
0.860815
0.933595
0.930032
0.808124
0.724286
0.66133
0.579054
-0.357032
-0.341302
-0.299469
-0.227903
-0.138275
-0.040168
0.0651635
0.17756
0.296623
0.422484
0.550684
0.664573
0.755053
0.823845
0.850022
0.775995
0.63783
0.542659
0.467638
0.380104
-0.377751
-0.365136
-0.318855
-0.24601
-0.15631
-0.0578768
0.0474489
0.159571
0.277776
0.40215
0.52751
0.63686
0.719126
0.773402
0.750875
0.622096
0.471981
0.355545
0.257974
0.121995
-0.401676
-0.388643
-0.340255
-0.266254
-0.176317
-0.0777975
0.0274457
0.139034
0.256172
0.378675
0.500631
0.604659
0.678911
0.712211
0.654825
0.474334
0.294775
0.143122
0.00310729
-0.193078
-0.424621
-0.411916
-0.362343
-0.287134
-0.196726
-0.0982466
0.00664507
0.117435
0.233252
0.353503
0.471636
0.5697
0.635784
0.636977
0.530138
0.334556
0.123462
-0.07551
-0.25008
-0.645159
-0.447667
-0.435304
-0.385223
-0.309128
-0.218342
-0.119832
-0.0153003
0.094673
0.209046
0.326793
0.440751
0.532113
0.586963
0.556478
0.408365
0.21048
-0.00489152
-0.215078
-0.393243
-0.672015
-0.471671
-0.459445
-0.409141
-0.332508
-0.241473
-0.14292
-0.0387046
0.0704728
0.18334
0.298392
0.407911
0.49211
0.53322
0.486124
0.299377
0.109009
-0.0861636
-0.250933
-0.321082
-0.358658
-0.497125
-0.48502
-0.434481
-0.357576
-0.266499
-0.168078
-0.0643351
0.0438159
0.154848
0.266706
0.371121
0.447429
0.473529
0.393075
0.202465
0.024604
-0.136957
-0.241087
-0.277984
-0.287464
-0.524231
-0.512141
-0.461414
-0.38435
-0.293364
-0.195258
-0.0922065
0.0146537
0.123477
0.231624
0.330196
0.398439
0.399311
0.28922
0.114011
-0.0500036
-0.186279
-0.240315
-0.252387
-0.257564
-0.553197
-0.541017
-0.490025
-0.412846
-0.322063
-0.224459
-0.122317
-0.0170489
0.0891972
0.193168
0.285166
0.344542
0.320963
0.19185
0.0309066
-0.122878
-0.218949
-0.247731
-0.244061
-0.244243
-0.583727
-0.571744
-0.520282
-0.443029
-0.352557
-0.255628
-0.154644
-0.051268
0.052028
0.151349
0.236286
0.284769
0.250925
0.101186
-0.0449285
-0.179629
-0.218203
-0.230536
-0.235631
-0.236048
-0.615678
-0.603678
-0.551971
-0.474729
-0.384705
-0.288651
-0.189082
-0.0879103
0.0120452
0.106333
0.183729
0.220913
0.180808
0.0225985
-0.111183
-0.205075
-0.249552
-0.235907
-0.232401
-0.232105
-0.648534
-0.636508
-0.584793
-0.50762
-0.418211
-0.323268
-0.225384
-0.12674
-0.0305153
0.058467
0.127864
0.155805
0.0926662
-0.0477674
-0.163968
-0.2165
-0.229202
-0.230993
-0.231297
-0.230918
-0.681574
-0.669591
-0.617888
-0.541163
-0.452611
-0.359045
-0.26317
-0.167369
-0.0752405
0.00820301
0.0698643
0.0828084
0.00299991
-0.114952
-0.195294
-0.215298
-0.224497
-0.231125
-0.232161
-0.232046
-0.713569
-0.702027
-0.650448
-0.574593
-0.487202
-0.395355
-0.30184
-0.209204
-0.121425
-0.0438558
0.011458
0.00978764
-0.0798531
-0.189775
-0.224462
-0.259342
-0.245228
-0.23671
-0.23319
-0.232929
-0.7431
-0.732042
-0.681411
-0.60664
-0.521024
-0.431328
-0.340582
-0.251455
-0.168112
-0.0966273
-0.0464672
-0.0561084
-0.157566
-0.28553
-0.310017
-0.274479
-0.268245
-0.253651
-0.244
-0.240751
-0.768521
-0.758139
-0.708905
-0.636121
-0.552838
-0.465832
-0.378344
-0.293101
-0.214195
-0.148469
-0.103929
-0.114514
-0.216252
-0.397427
-0.556629
-0.45779
-0.355161
-0.302559
-0.278638
-0.269044
-0.787545
-0.778065
-0.731014
-0.661148
-0.581146
-0.497583
-0.413888
-0.332887
-0.258466
-0.197701
-0.158813
-0.157659
-0.229799
-0.381742
-0.658859
-0.499269
-0.400302
-0.364633
-0.344367
-0.332363
-0.798128
-0.789503
-0.745714
-0.679844
-0.604169
-0.525027
-0.44585
-0.369412
-0.299613
-0.242928
-0.205754
-0.177438
-0.140777
0.00834276
0.0591951
-0.156767
-0.283581
-0.329455
-0.340124
-0.342583
-0.796411
-0.789165
-0.751352
-0.690362
-0.620183
-0.546565
-0.472713
-0.401351
-0.336395
-0.282556
-0.243627
-0.19643
-0.0666245
0.245808
0.272705
-0.0556818
-0.281829
-0.366469
-0.387997
-0.392615
-0.780541
-0.775607
-0.745399
-0.691339
-0.627843
-0.560818
-0.49304
-0.427238
-0.367431
-0.317899
-0.284471
-0.27044
-0.299003
-0.339992
-0.326273
-0.434447
-0.534933
-0.56915
-0.575488
-0.576296
-0.750977
-0.747358
-0.72613
-0.681836
-0.626629
-0.567041
-0.505772
-0.445597
-0.390756
-0.348533
-0.329531
-0.409953
-0.720759
-1.08858
-1.07606
-0.88317
-0.862676
-0.861308
-0.820051
-0.809792
-0.711763
-0.709455
-0.696678
-0.663631
-0.617377
-0.565428
-0.510462
-0.455064
-0.40383
-0.364584
-0.355825
-0.457903
-0.802581
-1.21028
-1.41262
-1.51976
-1.53292
-1.33805
-1.10028
-1.0082
-0.670164
-0.668867
-0.662144
-0.640771
-0.60345
-0.557415
-0.507484
-0.45506
-0.403843
-0.361736
-0.350213
-0.378488
-0.680133
-1.15876
-1.65403
-1.8543
-1.91451
-1.78809
-1.538
-1.4166
-0.634983
-0.634268
-0.631223
-0.617566
-0.588056
-0.54682
-0.499081
-0.446131
-0.391389
-0.33927
-0.30463
-0.314992
-0.392952
-0.38082
-0.345181
-0.289174
-0.213047
-0.0847052
0.0368919
0.149788
-0.608541
-0.607687
-0.606225
-0.600079
-0.576745
-0.537907
-0.488511
-0.432044
-0.369357
-0.303444
-0.236494
-0.173463
-0.0361129
0.284463
0.69348
1.08974
1.40458
1.60653
1.71948
1.77262
-0.588316
-0.58785
-0.587158
-0.585141
-0.569374
-0.531903
-0.478726
-0.416217
-0.343279
-0.262374
-0.169063
-0.0696135
0.130064
0.522693
1.01264
1.48306
1.85697
2.09814
2.22611
2.27693
-0.576128
-0.5758
-0.575362
-0.574704
-0.565306
-0.529052
-0.471802
-0.401484
-0.319464
-0.225524
-0.124155
-0.0110127
0.153354
0.541053
1.01148
1.46114
1.83395
2.07932
2.20562
2.25282
-0.568087
-0.567736
-0.566823
-0.566754
-0.562709
-0.530165
-0.468347
-0.390102
-0.301442
-0.201736
-0.100088
0.0111945
0.125845
0.435938
0.865952
1.24837
1.56258
1.76853
1.87329
1.91234
-0.568673
-0.567453
-0.56469
-0.564366
-0.564738
-0.535817
-0.467359
-0.380692
-0.286184
-0.185428
-0.081236
0.021812
0.112697
0.362204
0.700374
0.987437
1.21979
1.37547
1.45727
1.48827
-0.585608
-0.583798
-0.583693
-0.587617
-0.588052
-0.548724
-0.464588
-0.367743
-0.268981
-0.168588
-0.066933
0.0251372
0.109655
0.267164
0.516837
0.736528
0.907624
1.02356
1.08208
1.10355
-0.601483
-0.602161
-0.612508
-0.620898
-0.610469
-0.55019
-0.447497
-0.343961
-0.246255
-0.151531
-0.0585332
0.0229067
0.0996093
0.197915
0.372089
0.528412
0.653367
0.741131
0.78665
0.80313
-0.549936
-0.554254
-0.567249
-0.5757
-0.559326
-0.493459
-0.396406
-0.301348
-0.214197
-0.13241
-0.0515256
0.0215795
0.0920068
0.159377
0.274729
0.387934
0.47296
0.532574
0.561131
0.570681
-0.389657
-0.394622
-0.404658
-0.4112
-0.399373
-0.35651
-0.296772
-0.233198
-0.169963
-0.106342
-0.041359
0.0197299
0.0742753
0.119722
0.188181
0.264453
0.326666
0.371885
0.394124
0.399118
-0.188015
-0.191133
-0.196759
-0.20381
-0.206161
-0.197168
-0.178368
-0.151205
-0.117746
-0.0774163
-0.0324212
0.0126157
0.0497836
0.0768572
0.12181
0.173367
0.216405
0.246523
0.260756
0.264377
-0.0273185
-0.0291323
-0.0328115
-0.0417135
-0.0558102
-0.0701989
-0.078957
-0.0788849
-0.0690832
-0.0499288
-0.023273
0.00550816
0.0268768
0.04341
0.0663594
0.0998482
0.129681
0.149235
0.157492
0.159101
0.0628046
0.0616635
0.0588357
0.0494381
0.0311434
0.00808811
-0.0121749
-0.0257651
-0.0304782
-0.0262906
-0.0151424
-0.00333657
0.00359596
0.00685628
0.0233483
0.0456673
0.0643941
0.075524
0.0796734
0.0795821
0.0977545
0.0970057
0.0946971
0.0866233
0.0703165
0.0485775
0.0268114
0.00872899
-0.00322485
-0.00862822
-0.00902655
-0.0101924
-0.0152529
-0.0185721
-0.00698337
0.00835735
0.0192738
0.0239451
0.0248278
0.0241244
0.103221
0.102748
0.101027
0.0950084
0.0825873
0.065263
0.0464671
0.0290616
0.0149901
0.00471214
-0.00283009
-0.0123662
-0.0251088
-0.0313448
-0.0228502
-0.0127232
-0.0075551
-0.00627699
-0.00726674
-0.00788304
0.0959861
0.0957222
0.0945541
0.0904523
0.0817624
0.0691441
0.0545235
0.0398255
0.026566
0.0150067
0.00417438
-0.0094732
-0.0253012
-0.0313857
-0.0228814
-0.016978
-0.0156304
-0.0171659
-0.0189207
-0.0194802
0.0844972
0.0843626
0.0836157
0.0810085
0.075324
0.0666997
0.0561736
0.0449186
0.0339782
0.0235618
0.0131026
-0.000249711
-0.0148611
-0.0185708
-0.0109249
-0.00728557
-0.00888163
-0.0115667
-0.0133963
-0.0138813
0.0725754
0.0725074
0.0720524
0.0705247
0.0671014
0.0616439
0.054639
0.0468293
0.0389219
0.0314163
0.0238814
0.0152541
0.00673823
0.00780291
0.0132357
0.013006
0.00988997
0.00681775
0.00524867
0.00479999
0.0618459
0.0618003
0.0615427
0.0607495
0.058917
0.0558123
0.0516211
0.0468249
0.0420661
0.0380382
0.0357596
0.034686
0.0346238
0.0392706
0.042133
0.0400385
0.0362195
0.0336213
0.0325487
0.0320808
0.0527763
0.0527437
0.0526079
0.0522803
0.0514968
0.0500337
0.0479328
0.0456078
0.0437122
0.0434575
0.0469008
0.0545556
0.0636967
0.0723919
0.0724511
0.0682781
0.0646805
0.0633709
0.0630698
0.062513
0.0451717
0.0451457
0.0450918
0.0450301
0.0448618
0.0444457
0.0437862
0.0432652
0.0435884
0.0463836
0.0546753
0.0704625
0.0901357
0.101231
0.0969315
0.0910924
0.0889825
0.0894437
0.0899272
0.0891882
0.0385339
0.0385124
0.0385076
0.0385639
0.0386998
0.038834
0.0390313
0.0396048
0.0413511
0.0459929
0.0571447
0.0770872
0.10062
0.112178
0.106571
0.102693
0.102827
0.104684
0.105833
0.105069
0.0323045
0.0322892
0.032312
0.0324065
0.0326529
0.0330186
0.0335723
0.0346713
0.0369256
0.0419179
0.0528657
0.0720208
0.0942645
0.104182
0.100233
0.0993308
0.103251
0.107908
0.109196
0.108141
0.025958
0.0259368
0.0259571
0.0260437
0.0262599
0.0267563
0.0273874
0.028473
0.0305506
0.0346571
0.0426851
0.0556037
0.0702879
0.0761631
0.075344
0.0803143
0.0878548
0.0937691
0.0954621
0.0946667
0.0193512
0.0193228
0.0193421
0.0194214
0.0196243
0.019936
0.0204705
0.0213383
0.0228219
0.0253881
0.0290219
0.0320816
0.0322143
0.0324659
0.0381066
0.0505685
0.0617271
0.0677644
0.0694227
0.068859
0.0124374
0.0123953
0.0124003
0.0124374
0.0125358
0.0127207
0.0131304
0.0136614
0.0145013
0.015523
0.015449
0.0093048
-0.00538392
-0.010351
0.00314036
0.0208324
0.0327671
0.0377719
0.0386682
0.0384277
0.0019122
0.00188262
0.00186291
0.00186944
0.00177465
0.00167336
0.00187945
0.00209436
0.00220105
0.00244293
0.00131738
-0.0053544
-0.0102742
-0.00752337
-0.00202573
-0.00347676
-0.00454478
-0.00228938
0.000517292
0.0116338
-1.05523
-0.367184
0.0846885
0.346052
0.534931
0.680332
0.79396
0.886869
0.985175
1.07656
0.00461862
0.202156
0.382211
0.533926
0.661004
0.764991
0.849945
0.919416
0.96241
0.966525
0.342544
0.459438
0.573841
0.675812
0.763688
0.837868
0.898645
0.944783
0.974484
0.992298
0.555827
0.635272
0.714057
0.786217
0.849227
0.903036
0.9473
0.982014
1.00841
1.02761
0.71177
0.765818
0.825192
0.878969
0.925999
0.966921
1.00164
1.03045
1.054
1.07109
0.835078
0.876136
0.922305
0.962803
1.00034
1.03383
1.06315
1.0882
1.10913
1.12343
0.938295
0.972895
1.01018
1.0446
1.07698
1.1067
1.13313
1.1558
1.17452
1.18629
1.03183
1.06295
1.09703
1.12972
1.16054
1.18894
1.21411
1.23542
1.2524
1.26196
1.12299
1.15556
1.19093
1.22498
1.25632
1.28463
1.30922
1.32955
1.34503
1.35326
1.22502
1.26255
1.30086
1.33713
1.36919
1.39707
1.42052
1.43953
1.45368
1.46218
1.35198
1.39436
1.43356
1.46943
1.49984
1.52552
1.54707
1.5647
1.57821
1.58839
1.51353
1.55498
1.58869
1.61825
1.64278
1.66431
1.6839
1.70132
1.71607
1.72877
1.70396
1.73476
1.75599
1.77512
1.79318
1.81041
1.82662
1.84245
1.85896
1.87589
1.90181
1.91321
1.92425
1.93835
1.95263
1.96547
1.97683
1.98769
2.00059
2.01747
2.08762
2.09753
2.10617
2.10861
2.10947
2.11373
2.12453
2.14047
2.15809
2.16269
2.38866
2.33326
2.28243
2.24218
2.21978
2.21574
2.22924
2.26304
2.31948
2.39503
0.946762
0.888068
0.845584
0.811721
0.787057
0.769492
0.756966
0.748016
0.741877
0.738356
0.737916
0.740727
0.746128
0.754036
0.764937
0.779974
0.800974
0.830063
0.868821
0.916644
0.748321
0.757074
0.7626
0.763418
0.759926
0.753867
0.747415
0.741915
0.738038
0.736336
0.737455
0.741002
0.746245
0.752694
0.759442
0.7647
0.766317
0.763077
0.755727
0.748058
0.725367
0.727397
0.731999
0.735504
0.738004
0.739418
0.739111
0.737348
0.735121
0.733503
0.733459
0.735226
0.7379
0.74049
0.741946
0.74159
0.739721
0.736911
0.732856
0.728472
0.718483
0.719349
0.721827
0.724533
0.726532
0.727877
0.728839
0.729259
0.729074
0.728765
0.729048
0.730067
0.731109
0.731548
0.731214
0.730346
0.72892
0.72667
0.724024
0.722054
0.712866
0.713327
0.714718
0.71673
0.718655
0.720212
0.72133
0.72219
0.72286
0.723374
0.723928
0.724494
0.724755
0.724613
0.724105
0.723115
0.721587
0.719746
0.718089
0.71707
0.707727
0.708013
0.708926
0.710385
0.711995
0.713577
0.714971
0.716101
0.717067
0.717945
0.718691
0.719146
0.719227
0.718945
0.71824
0.717143
0.715827
0.71449
0.713391
0.712763
0.702816
0.703017
0.7037
0.704862
0.706228
0.707647
0.709085
0.710441
0.711649
0.712741
0.713654
0.714175
0.714241
0.713871
0.713139
0.712204
0.711186
0.710161
0.709361
0.708919
0.698064
0.698216
0.698759
0.69973
0.70094
0.70225
0.703635
0.705063
0.706468
0.707781
0.708889
0.709537
0.70965
0.709341
0.708763
0.708033
0.707232
0.706442
0.705845
0.705513
0.693395
0.693514
0.693958
0.694795
0.695903
0.697151
0.698504
0.699961
0.701496
0.703031
0.704376
0.705208
0.705475
0.705347
0.704968
0.704436
0.703821
0.703225
0.702782
0.702524
0.688722
0.688818
0.689192
0.689938
0.690983
0.692191
0.693546
0.695057
0.696713
0.698466
0.70009
0.701194
0.701711
0.701818
0.701651
0.701318
0.70089
0.700461
0.700139
0.699936
0.68396
0.684039
0.684363
0.685051
0.686062
0.687267
0.688663
0.690265
0.692081
0.694082
0.696044
0.697504
0.698335
0.698713
0.698781
0.698651
0.698411
0.698133
0.697911
0.697748
0.679026
0.679091
0.67938
0.680035
0.681046
0.682297
0.683774
0.685514
0.68755
0.689865
0.692244
0.694139
0.695341
0.696028
0.696358
0.696443
0.696385
0.696248
0.696109
0.695979
0.673838
0.673893
0.674159
0.674807
0.675852
0.677191
0.678799
0.680739
0.683072
0.685796
0.688695
0.691108
0.692739
0.693777
0.694396
0.694718
0.694839
0.694842
0.694778
0.694673
0.668305
0.66835
0.668604
0.669268
0.670385
0.671854
0.673648
0.675859
0.678568
0.681812
0.685353
0.68839
0.690533
0.691983
0.692929
0.693522
0.693845
0.693981
0.693983
0.693898
0.662321
0.662357
0.662606
0.663307
0.664535
0.666185
0.668233
0.670792
0.673974
0.677857
0.682181
0.685983
0.688748
0.690687
0.692015
0.69291
0.693448
0.693728
0.693797
0.693731
0.655767
0.655794
0.656048
0.656805
0.658181
0.660071
0.662447
0.665454
0.669243
0.673924
0.679211
0.683938
0.687444
0.689962
0.691732
0.692961
0.69376
0.694198
0.694332
0.694283
0.648487
0.648503
0.648766
0.6496
0.651172
0.653364
0.656162
0.659744
0.664302
0.669977
0.676443
0.682287
0.686672
0.689875
0.69218
0.693808
0.694896
0.695506
0.695709
0.695674
0.640251
0.640271
0.640563
0.641489
0.6433
0.645877
0.649216
0.653523
0.659041
0.665959
0.673873
0.681052
0.686489
0.690505
0.693446
0.695564
0.696991
0.697792
0.698068
0.698046
0.630788
0.630798
0.631122
0.632184
0.634309
0.637387
0.64141
0.646627
0.653339
0.661767
0.671438
0.680257
0.686968
0.691961
0.695657
0.698355
0.70019
0.701217
0.701571
0.70156
0.619729
0.619733
0.620092
0.621343
0.62388
0.627604
0.632508
0.638908
0.647164
0.657516
0.669336
0.680071
0.688253
0.694389
0.698984
0.702352
0.704667
0.705943
0.706381
0.706378
0.606538
0.606535
0.606956
0.608462
0.611544
0.61612
0.622176
0.630098
0.64029
0.652996
0.667409
0.680454
0.690393
0.697883
0.703543
0.707716
0.71059
0.71215
0.712674
0.712674
0.590465
0.590457
0.590976
0.592844
0.596668
0.602404
0.610016
0.619964
0.632672
0.648329
0.66586
0.681572
0.693524
0.702561
0.709462
0.714577
0.718105
0.71998
0.720584
0.720579
0.570344
0.570334
0.571014
0.573448
0.578382
0.585792
0.595595
0.608296
0.624271
0.643579
0.664792
0.683565
0.697783
0.708576
0.716847
0.72303
0.727281
0.729476
0.730146
0.730123
0.544346
0.544339
0.545306
0.548712
0.555437
0.565394
0.578367
0.594846
0.615035
0.638788
0.664285
0.686506
0.703222
0.715923
0.725725
0.733077
0.738083
0.740578
0.741284
0.741232
0.509412
0.509424
0.51103
0.516344
0.526306
0.540345
0.558069
0.579749
0.60531
0.634373
0.664703
0.69064
0.710002
0.724718
0.736105
0.744693
0.7504
0.753114
0.753807
0.753712
0.459752
0.459999
0.463705
0.473426
0.489433
0.510214
0.534855
0.563375
0.595473
0.630612
0.666207
0.696057
0.718136
0.734893
0.747919
0.757721
0.764011
0.766812
0.767426
0.76728
0.387738
0.390069
0.400957
0.420152
0.446265
0.476431
0.509905
0.546543
0.586068
0.627929
0.669261
0.703378
0.728482
0.747563
0.762455
0.773553
0.780447
0.783376
0.783976
0.783836
0.310745
0.317149
0.336512
0.365858
0.402584
0.442457
0.484864
0.529794
0.577101
0.626319
0.674376
0.713887
0.742962
0.76512
0.782445
0.795313
0.802903
0.805872
0.806437
0.806398
0.244968
0.251649
0.277676
0.315613
0.361302
0.410091
0.461064
0.514087
0.569027
0.625422
0.679949
0.724551
0.75733
0.782346
0.801816
0.815999
0.82385
0.82697
0.827725
0.827722
0.191161
0.198135
0.228138
0.272242
0.324641
0.380725
0.439078
0.49941
0.561442
0.624631
0.685298
0.734657
0.770823
0.798329
0.819582
0.834986
0.843876
0.847403
0.847995
0.848069
0.146349
0.153638
0.186124
0.234858
0.292629
0.354654
0.419199
0.485906
0.554319
0.623766
0.690159
0.743935
0.783165
0.812941
0.835948
0.852476
0.8621
0.865895
0.866589
0.866707
0.108103
0.11557
0.149798
0.202046
0.264256
0.331283
0.401154
0.473449
0.547582
0.622744
0.694417
0.752248
0.794292
0.826102
0.850538
0.86791
0.878073
0.88225
0.883169
0.883313
0.0744381
0.0820222
0.11752
0.172674
0.238552
0.309848
0.384395
0.461669
0.540981
0.621385
0.697945
0.759534
0.804132
0.837655
0.863077
0.881048
0.891653
0.896189
0.897336
0.897506
0.0438929
0.0515926
0.088125
0.145759
0.214747
0.289738
0.368423
0.45018
0.534234
0.61951
0.70068
0.76582
0.812748
0.847711
0.873862
0.892242
0.903144
0.907965
0.909289
0.909486
0.0155488
0.0233506
0.060835
0.120487
0.19225
0.270493
0.352861
0.438681
0.527111
0.616986
0.702585
0.771158
0.820293
0.856536
0.883317
0.90199
0.913144
0.918151
0.919552
0.919723
-0.0113162
-0.00338176
0.0349557
0.0963905
0.170639
0.251781
0.337453
0.426974
0.519468
0.613714
0.703645
0.775616
0.826902
0.86434
0.891693
0.910624
0.921918
0.927011
0.928478
0.92863
-0.0371148
-0.029021
0.0102199
0.0731345
0.149625
0.233366
0.322028
0.414932
0.511208
0.609635
0.703838
0.779239
0.832704
0.871358
0.899299
0.918495
0.929873
0.934981
0.936438
0.936636
-0.0621582
-0.0538964
-0.0139721
0.050566
0.129034
0.215107
0.306475
0.402468
0.502274
0.604706
0.703139
0.782055
0.837804
0.877772
0.906379
0.925857
0.937298
0.942376
0.943764
0.943906
-0.0865791
-0.0780655
-0.0374936
0.0284869
0.10876
0.196939
0.29074
0.389555
0.492635
0.598882
0.701506
0.784058
0.842273
0.88371
0.913083
0.932867
0.944329
0.949315
0.950609
0.950654
-0.110433
-0.101787
-0.0604247
0.00683867
0.0887519
0.178824
0.274815
0.376188
0.482289
0.592138
0.698886
0.785217
0.846142
0.889273
0.919519
0.939591
0.950974
0.955766
0.9569
0.956874
-0.133782
-0.124957
-0.0828607
-0.0143849
0.0690088
0.160777
0.258727
0.3624
0.471246
0.584463
0.695219
0.785464
0.849409
0.894535
0.925803
0.946125
0.957309
0.961775
0.962709
0.962624
-0.156632
-0.147615
-0.104781
-0.0351819
0.0495531
0.142835
0.242515
0.348237
0.459561
0.575875
0.690463
0.784715
0.852013
0.89954
0.932082
0.952614
0.963375
0.967347
0.968037
0.967894
-0.178904
-0.169695
-0.126113
-0.0555031
0.030436
0.125045
0.226255
0.333777
0.447301
0.566396
0.684582
0.782877
0.853849
0.904276
0.938524
0.959312
0.969335
0.972502
0.972862
0.97267
-0.200531
-0.191124
-0.146834
-0.0753044
0.0117064
0.107481
0.210014
0.319104
0.434538
0.556101
0.677567
0.77984
0.85476
0.908638
0.945265
0.966651
0.975611
0.977394
0.977175
0.976941
-0.221514
-0.211898
-0.16692
-0.0945443
-0.006587
0.0902166
0.193885
0.304312
0.421373
0.54506
0.669454
0.775512
0.854546
0.912386
0.95226
0.975171
0.983184
0.982779
0.981164
0.980812
-0.241781
-0.231961
-0.186329
-0.113178
-0.0243763
0.0733058
0.177948
0.289492
0.407914
0.533378
0.660287
0.769803
0.852993
0.915138
0.959091
0.985078
0.993597
0.991051
0.986671
0.984738
-0.261359
-0.251344
-0.205049
-0.131209
-0.0416888
0.0567285
0.162177
0.274607
0.394128
0.521016
0.649996
0.762495
0.849806
0.916432
0.964931
0.995651
1.00775
1.00607
0.998037
0.981319
-0.280282
-0.270053
-0.223189
-0.148818
-0.0587695
0.0401664
0.146182
0.259184
0.379454
0.507329
0.637901
0.752867
0.844221
0.915586
0.968265
1.00411
1.02165
1.0193
1.01157
0.96641
-0.298819
-0.287704
-0.240672
-0.165869
-0.0755184
0.0237148
0.130143
0.243442
0.364119
0.492525
0.624086
0.740808
0.835475
0.9119
0.966665
1.00241
1.0206
1.02185
0.970436
0.909465
-0.318002
-0.303221
-0.257302
-0.182203
-0.0921876
0.00716228
0.113797
0.227384
0.348109
0.476587
0.608424
0.72607
0.822348
0.905425
0.957815
0.978865
0.994633
0.966912
0.902363
0.837447
-0.336944
-0.338701
-0.278627
-0.195306
-0.10572
-0.006609
0.0977497
0.211674
0.332157
0.460291
0.59153
0.708938
0.804632
0.898226
0.918063
0.926552
0.921784
0.864711
0.792534
0.722527
-0.312831
-0.311577
-0.253033
-0.170557
-0.0759836
0.0264289
0.135557
0.252065
0.375509
0.506944
0.631747
0.73602
0.821356
0.912816
0.932378
0.8385
0.758308
0.694013
0.622498
0.479822
-0.354138
-0.32774
-0.26642
-0.183243
-0.0888289
0.0133557
0.121932
0.23787
0.360431
0.490381
0.612669
0.713816
0.790698
0.850705
0.823866
0.701244
0.585275
0.505446
0.422461
0.260353
-0.378935
-0.347792
-0.285484
-0.202789
-0.108304
-0.00628564
0.102511
0.217723
0.339017
0.466764
0.585721
0.681729
0.75078
0.776615
0.702741
0.544391
0.408915
0.307935
0.193884
-0.0396472
-0.403164
-0.369671
-0.306134
-0.222785
-0.128202
-0.026244
0.0822475
0.19658
0.316369
0.441509
0.556256
0.645961
0.702956
0.696014
0.566378
0.38342
0.215116
0.0750401
-0.0841745
-0.466703
-0.426458
-0.392082
-0.327502
-0.243295
-0.148555
-0.0467486
0.0611557
0.174492
0.292585
0.414773
0.524578
0.607387
0.647229
0.61117
0.43401
0.230449
0.0196965
-0.157766
-0.404653
-0.962764
-0.44956
-0.415115
-0.349839
-0.265042
-0.170098
-0.0684636
0.0388691
0.151125
0.267315
0.386226
0.490651
0.565752
0.587832
0.504821
0.312971
0.102425
-0.112028
-0.311046
-0.477146
-1.08663
-0.473622
-0.439089
-0.373416
-0.288279
-0.193174
-0.0916733
0.0151243
0.126273
0.240427
0.355806
0.454664
0.520455
0.520201
0.394254
0.20918
0.00895214
-0.175096
-0.30097
-0.331839
-0.379265
-0.499071
-0.46446
-0.398557
-0.313306
-0.218225
-0.117017
-0.0109261
0.0988382
0.210554
0.321751
0.414567
0.468576
0.446851
0.292574
0.11557
-0.0594671
-0.200749
-0.260205
-0.283043
-0.288821
-0.526267
-0.491421
-0.425353
-0.340105
-0.245217
-0.144486
-0.0393609
0.0687028
0.177576
0.283965
0.370087
0.410081
0.374401
0.197465
0.0301014
-0.122857
-0.229454
-0.255943
-0.256954
-0.257321
-0.555302
-0.520117
-0.453854
-0.368663
-0.274114
-0.174078
-0.0701726
0.0358693
0.14146
0.242487
0.320872
0.348818
0.284162
0.109911
-0.048929
-0.183242
-0.227992
-0.242582
-0.244194
-0.243926
-0.586075
-0.550486
-0.484019
-0.398964
-0.304895
-0.205757
-0.103335
0.00034057
0.102235
0.197383
0.26734
0.282228
0.186534
0.0283029
-0.116861
-0.221835
-0.234725
-0.23494
-0.236028
-0.235818
-0.618126
-0.582326
-0.515664
-0.430835
-0.337417
-0.239408
-0.138755
-0.0378065
0.0600162
0.148824
0.210273
0.207037
0.100091
-0.0444095
-0.170907
-0.208106
-0.229581
-0.232139
-0.23223
-0.231965
-0.651118
-0.614973
-0.548438
-0.463971
-0.371413
-0.274787
-0.176199
-0.0783314
0.0150536
0.0972938
0.149466
0.132285
0.0166167
-0.105477
-0.206463
-0.245517
-0.234632
-0.231531
-0.2311
-0.230688
-0.684123
-0.647953
-0.5818
-0.497877
-0.406428
-0.311477
-0.21528
-0.120823
-0.0322573
0.043531
0.0848308
0.0612614
-0.0659212
-0.156315
-0.220932
-0.222438
-0.228828
-0.231913
-0.232118
-0.231977
-0.71614
-0.680453
-0.614619
-0.531817
-0.441802
-0.348878
-0.255418
-0.164634
-0.0812338
-0.0117433
0.0214782
-0.0109892
-0.145802
-0.218438
-0.20523
-0.239531
-0.238757
-0.234123
-0.232931
-0.232878
-0.745627
-0.710876
-0.646064
-0.564736
-0.476621
-0.386144
-0.295817
-0.20894
-0.130771
-0.0675873
-0.0374305
-0.0881948
-0.226543
-0.321689
-0.285294
-0.275452
-0.261113
-0.247929
-0.241857
-0.239741
-0.770943
-0.737599
-0.6745
-0.595355
-0.509725
-0.422205
-0.335429
-0.25272
-0.179489
-0.122709
-0.0941826
-0.153559
-0.292342
-0.507777
-0.529041
-0.40801
-0.323104
-0.288071
-0.272543
-0.266528
-0.789828
-0.75858
-0.697944
-0.622023
-0.53971
-0.455776
-0.373017
-0.294742
-0.226081
-0.175036
-0.148165
-0.187719
-0.279911
-0.522665
-0.628872
-0.43234
-0.379963
-0.353304
-0.336997
-0.33059
-0.800025
-0.771421
-0.714563
-0.642877
-0.564918
-0.485469
-0.407247
-0.33362
-0.269203
-0.222125
-0.192107
-0.169318
-0.0716343
0.0119058
-0.068565
-0.227891
-0.316259
-0.33641
-0.342176
-0.342959
-0.798951
-0.774242
-0.722545
-0.656122
-0.583709
-0.509685
-0.436694
-0.367999
-0.307679
-0.264093
-0.222718
-0.155779
0.0717121
0.427307
0.114163
-0.188312
-0.336263
-0.381223
-0.391145
-0.393327
-0.782757
-0.764196
-0.720308
-0.660385
-0.594728
-0.527015
-0.459867
-0.396418
-0.341355
-0.300072
-0.259177
-0.286386
-0.324507
-0.297448
-0.37618
-0.496549
-0.558269
-0.573485
-0.576356
-0.576311
-0.752855
-0.739829
-0.706068
-0.655136
-0.597255
-0.536609
-0.475469
-0.41731
-0.367871
-0.335068
-0.329581
-0.54585
-0.910907
-1.13537
-0.958586
-0.853118
-0.875266
-0.839145
-0.811701
-0.809095
-0.713363
-0.705055
-0.682539
-0.641559
-0.591898
-0.538303
-0.482699
-0.428767
-0.382106
-0.35459
-0.358263
-0.616412
-1.00116
-1.36295
-1.46902
-1.55572
-1.45543
-1.20963
-1.0346
-1.0137
-0.671423
-0.666812
-0.653596
-0.623617
-0.581222
-0.533059
-0.481511
-0.429005
-0.381355
-0.346601
-0.359747
-0.499811
-0.89523
-1.43405
-1.78361
-1.9
-1.87756
-1.64703
-1.46591
-1.39339
-0.635789
-0.633444
-0.626244
-0.60457
-0.568657
-0.52363
-0.473212
-0.418962
-0.364105
-0.318242
-0.306449
-0.361506
-0.398335
-0.361278
-0.321417
-0.256027
-0.152182
-0.0218395
0.0946111
0.173112
-0.60812
-0.607119
-0.604613
-0.59066
-0.558942
-0.514162
-0.461281
-0.401184
-0.337354
-0.268813
-0.203357
-0.117393
0.101609
0.486963
0.89498
1.26184
1.51943
1.67143
1.75284
1.78344
-0.588149
-0.587463
-0.586804
-0.579797
-0.552962
-0.506884
-0.4488
-0.381235
-0.30387
-0.217097
-0.11966
-0.00105468
0.303979
0.765129
1.25335
1.68672
1.99389
2.17442
2.25913
2.28598
-0.576001
-0.575561
-0.575277
-0.572632
-0.550385
-0.502566
-0.438021
-0.362167
-0.273813
-0.175641
-0.0659178
0.0392757
0.322833
0.774991
1.24072
1.66116
1.97366
2.15531
2.23688
2.2604
-0.567991
-0.567326
-0.56654
-0.566646
-0.550752
-0.502023
-0.430666
-0.347106
-0.253055
-0.149227
-0.0455997
0.0573497
0.246944
0.653116
1.06346
1.41689
1.68043
1.83156
1.89916
1.91836
-0.568236
-0.56621
-0.563881
-0.565539
-0.555733
-0.504904
-0.425549
-0.334201
-0.237061
-0.131846
-0.0312202
0.0679458
0.209354
0.534376
0.850261
1.11103
1.30839
1.42438
1.47783
1.49276
-0.584565
-0.583364
-0.585578
-0.589773
-0.575374
-0.509614
-0.417018
-0.318403
-0.21956
-0.116277
-0.0202435
0.0711498
0.173526
0.387408
0.634223
0.826944
0.97388
1.05893
1.09635
1.10602
-0.60062
-0.606318
-0.617588
-0.61958
-0.588295
-0.501656
-0.395637
-0.294466
-0.199033
-0.103275
-0.0159875
0.063183
0.137731
0.284194
0.45409
0.594526
0.70323
0.768332
0.797916
0.80417
-0.55112
-0.559787
-0.573113
-0.572047
-0.533235
-0.445832
-0.348339
-0.25688
-0.173061
-0.0907319
-0.0136657
0.0541445
0.11999
0.212715
0.334338
0.433213
0.507143
0.550277
0.567402
0.5707
-0.391419
-0.399358
-0.409032
-0.408525
-0.381606
-0.327569
-0.265317
-0.201505
-0.13845
-0.0732989
-0.0107933
0.0437916
0.0965762
0.14968
0.226789
0.297504
0.352019
0.385349
0.398471
0.398393
-0.189475
-0.19357
-0.20037
-0.206041
-0.203068
-0.188871
-0.1657
-0.135267
-0.0984865
-0.0545432
-0.0107974
0.0290827
0.0657794
0.0967805
0.147199
0.196921
0.233676
0.255379
0.263344
0.263002
-0.0283504
-0.0304671
-0.0365213
-0.0483147
-0.0633287
-0.0755275
-0.0800191
-0.0751706
-0.0605456
-0.0369097
-0.010073
0.0156457
0.0369164
0.0526301
0.0824635
0.115891
0.141071
0.154566
0.159061
0.157812
0.0620719
0.0607915
0.0551647
0.0413337
0.0197281
-0.00263997
-0.0199112
-0.0292065
-0.0293907
-0.021008
-0.00940265
0.000335231
0.00608422
0.0142388
0.0343107
0.0558121
0.0710808
0.0780196
0.0801108
0.0787036
0.097306
0.0963086
0.0915828
0.0794711
0.0597762
0.0374951
0.0171887
0.00196389
-0.00663953
-0.00899592
-0.00958156
-0.0123951
-0.0176397
-0.0139456
0.00108417
0.0146197
0.0222986
0.0247769
0.0245745
0.0235144
0.102967
0.102222
0.0987167
0.0896033
0.0743179
0.055885
0.0374971
0.0215621
0.00947603
0.000908394
-0.00759681
-0.0186959
-0.0302717
-0.0279011
-0.0172242
-0.0093628
-0.00641527
-0.0067805
-0.00758466
-0.00833936
0.0958634
0.0953622
0.0929908
0.0867029
0.0758186
0.0619808
0.0471252
0.0329959
0.0206481
0.00971307
-0.00244287
-0.0177101
-0.0306803
-0.0275522
-0.0196557
-0.0157963
-0.0161769
-0.0182026
-0.0192695
-0.0198323
0.0844482
0.084129
0.0826286
0.0785814
0.0713157
0.0616077
0.0505874
0.0394081
0.0287417
0.0184025
0.00663496
-0.00796048
-0.0191099
-0.0138163
-0.00833526
-0.00778455
-0.0101739
-0.0127081
-0.0137027
-0.0141695
0.0725613
0.0723595
0.0714762
0.0690813
0.0645999
0.0582995
0.0507893
0.0428733
0.0351021
0.0276683
0.0196768
0.0104325
0.00541367
0.011655
0.0134745
0.0115325
0.00823692
0.0058258
0.0049841
0.00453825
0.0618399
0.061713
0.0612422
0.0599895
0.0575133
0.0538306
0.0492577
0.0444173
0.0399246
0.0365821
0.0351122
0.0342729
0.036154
0.041777
0.0415357
0.0380544
0.0346955
0.0329266
0.0323236
0.0318051
0.0527713
0.0526909
0.0524792
0.0519666
0.0508495
0.0490495
0.046767
0.0445425
0.0432982
0.0446091
0.0502693
0.0591239
0.0688711
0.0737245
0.0705543
0.0661773
0.0638262
0.0631826
0.0628613
0.0621916
0.0451657
0.0451201
0.045064
0.0449692
0.0446942
0.0441307
0.0434725
0.043239
0.0445362
0.0496705
0.061768
0.0800042
0.0973649
0.0997756
0.093663
0.0894477
0.089116
0.0898249
0.0896882
0.0887694
0.0385229
0.0385057
0.0385267
0.0386253
0.038767
0.0389173
0.0392291
0.0402497
0.0431744
0.0505582
0.0661124
0.0890188
0.109022
0.109526
0.10387
0.102689
0.103539
0.105561
0.1056
0.104611
0.032293
0.0322956
0.0323459
0.0325048
0.0328225
0.0332657
0.0340126
0.0355956
0.0389376
0.046483
0.0614737
0.0833779
0.101879
0.102013
0.0990881
0.100653
0.106041
0.108992
0.108761
0.10757
0.0259428
0.0259416
0.0259883
0.0261461
0.0264805
0.0270288
0.0278468
0.0293519
0.0322778
0.0380585
0.0486061
0.0631148
0.074975
0.075375
0.0771978
0.0839865
0.0912342
0.0950477
0.095173
0.0941095
0.0193321
0.0193257
0.0193759
0.0194868
0.0197427
0.0201932
0.0208564
0.0219882
0.0239306
0.0271824
0.0308935
0.0326316
0.0323453
0.0338913
0.0441347
0.0567277
0.0655111
0.0691474
0.0692196
0.0683548
0.0124114
0.0123919
0.0124169
0.0124785
0.0126449
0.0128737
0.0133602
0.0140305
0.0150675
0.0159241
0.0135626
0.00221767
-0.0104617
-0.00565076
0.0124053
0.0278492
0.0357061
0.0386485
0.0386188
0.0380239
0.00534691
0.00529206
0.00528923
0.00530888
0.00533481
0.00541846
0.00554712
0.00582521
0.00616514
0.00643801
0.00544545
-0.00198758
-0.0186887
-0.0249407
-0.0109517
0.00332586
0.00797683
0.0106776
0.0111975
0.0114585
-0.663399
-0.0950492
0.227142
0.444758
0.611463
0.739601
0.843028
0.93219
1.04173
1.0389
0.149431
0.298683
0.461315
0.600693
0.715773
0.809482
0.886755
0.945539
0.969609
0.973774
0.417527
0.518035
0.626686
0.721503
0.802456
0.869949
0.923729
0.961525
0.985126
1.00217
0.606911
0.676174
0.751384
0.81887
0.877305
0.926375
0.965822
0.996066
1.01982
1.03849
0.748752
0.800536
0.853095
0.903269
0.947231
0.985044
1.01676
1.04279
1.06455
1.08289
0.863399
0.901071
0.942781
0.982068
1.01761
1.049
1.07623
1.0991
1.11827
1.13606
0.961493
0.991952
1.02765
1.06108
1.09222
1.12036
1.14497
1.16561
1.18233
1.1997
1.05137
1.07999
1.11361
1.14539
1.17509
1.20197
1.22529
1.24445
1.25891
1.27604
1.142
1.17307
1.20828
1.24099
1.2709
1.29743
1.31995
1.33792
1.35051
1.36777
1.24572
1.28152
1.3195
1.35367
1.38367
1.40936
1.4306
1.44721
1.45879
1.47663
1.37492
1.414
1.45218
1.48527
1.51322
1.53679
1.5564
1.5719
1.58372
1.60197
1.53609
1.57212
1.60422
1.63101
1.65383
1.67433
1.69294
1.70897
1.72268
1.74055
1.72081
1.74587
1.76574
1.78426
1.80192
1.81866
1.83453
1.85053
1.86765
1.88679
1.9075
1.91835
1.93108
1.94563
1.95925
1.97132
1.98223
1.99358
2.00899
2.02842
2.08942
2.10285
2.10791
2.10892
2.11089
2.11825
2.13197
2.14957
2.16331
2.17465
2.35829
2.30771
2.26024
2.22865
2.2156
2.22016
2.2434
2.28846
2.35515
2.44927
0.803387
0.800375
0.794313
0.783381
0.770882
0.75956
0.750483
0.743701
0.7392
0.737257
0.738438
0.742381
0.748511
0.756771
0.767254
0.779561
0.791907
0.800612
0.805123
0.807286
0.731701
0.738348
0.743592
0.747202
0.748305
0.746657
0.743185
0.739365
0.736344
0.734985
0.736014
0.739008
0.743062
0.747262
0.750274
0.750792
0.748464
0.744078
0.737784
0.731958
0.721613
0.724573
0.72793
0.730412
0.732161
0.733329
0.733534
0.732759
0.731657
0.731152
0.731957
0.733647
0.73528
0.73604
0.735605
0.734338
0.732429
0.729551
0.726211
0.723923
0.715591
0.717013
0.719219
0.721483
0.723193
0.724371
0.725236
0.725788
0.726015
0.726267
0.726899
0.727607
0.72791
0.727678
0.727033
0.725877
0.724054
0.721822
0.720067
0.718982
0.710262
0.711079
0.712536
0.714301
0.716027
0.717483
0.718594
0.719497
0.720281
0.720983
0.721576
0.721886
0.721839
0.721441
0.720597
0.719297
0.717763
0.716232
0.715208
0.714542
0.705251
0.705804
0.70688
0.708282
0.709779
0.711262
0.712624
0.713791
0.714824
0.715762
0.716434
0.7167
0.716569
0.716018
0.715103
0.713993
0.71281
0.711719
0.711023
0.710556
0.700428
0.700842
0.701701
0.702899
0.704211
0.705596
0.707014
0.708384
0.709643
0.710781
0.711596
0.711918
0.711768
0.711235
0.710469
0.709592
0.708674
0.707852
0.707338
0.706983
0.695728
0.696053
0.696761
0.697809
0.699026
0.700343
0.701747
0.703215
0.704676
0.706045
0.707048
0.707485
0.707439
0.707068
0.706502
0.70582
0.705107
0.704492
0.704106
0.703824
0.691067
0.69133
0.691931
0.69288
0.694035
0.695316
0.69673
0.698271
0.6999
0.70152
0.702768
0.703414
0.703577
0.703417
0.703052
0.702565
0.702038
0.701585
0.701293
0.701062
0.68636
0.686579
0.687106
0.687993
0.689111
0.690391
0.69185
0.693492
0.695301
0.697197
0.698762
0.699708
0.700141
0.700218
0.700063
0.699777
0.699418
0.699105
0.698887
0.698691
0.681523
0.681708
0.682186
0.683042
0.684158
0.685477
0.687019
0.68881
0.69085
0.693075
0.695039
0.696357
0.697105
0.69745
0.697524
0.697428
0.69724
0.697049
0.696891
0.696722
0.676472
0.676633
0.677081
0.677937
0.679095
0.680498
0.682172
0.684173
0.686521
0.689169
0.691617
0.693369
0.69448
0.695124
0.695447
0.695547
0.695527
0.695447
0.695338
0.695189
0.671123
0.671265
0.671703
0.672588
0.673827
0.67536
0.677227
0.679509
0.682249
0.68543
0.688468
0.690739
0.692273
0.693258
0.693857
0.694183
0.69433
0.69435
0.694283
0.694148
0.665381
0.665508
0.66595
0.666892
0.668254
0.66997
0.672097
0.674743
0.677981
0.681827
0.685582
0.688476
0.690511
0.691894
0.692805
0.693377
0.693703
0.693824
0.693794
0.69367
0.659128
0.659244
0.659703
0.660733
0.662265
0.664224
0.666689
0.669792
0.673646
0.678298
0.682935
0.686596
0.689239
0.69109
0.692358
0.693214
0.69374
0.693964
0.693971
0.693852
0.652228
0.652333
0.652823
0.653975
0.65573
0.658006
0.66091
0.664607
0.66925
0.67491
0.680616
0.685179
0.688536
0.690938
0.692617
0.693802
0.69455
0.694882
0.694924
0.694809
0.644506
0.644612
0.645137
0.646447
0.648476
0.651154
0.654612
0.659055
0.664678
0.671581
0.678585
0.68424
0.68844
0.691502
0.6937
0.695262
0.696258
0.696709
0.696786
0.696671
0.635666
0.635776
0.636392
0.637892
0.640281
0.643478
0.647643
0.65302
0.65986
0.668287
0.676866
0.683834
0.689052
0.692894
0.695709
0.697729
0.699014
0.699597
0.69971
0.699592
0.625451
0.625561
0.626284
0.628039
0.630879
0.634738
0.639795
0.64636
0.654725
0.665025
0.675519
0.684056
0.690475
0.695251
0.698791
0.701355
0.702978
0.703709
0.703857
0.703733
0.613373
0.613501
0.614375
0.616475
0.619906
0.62463
0.630858
0.63896
0.649264
0.661885
0.674651
0.685017
0.692851
0.698725
0.703108
0.706309
0.708325
0.709217
0.709399
0.709265
0.598817
0.598982
0.60007
0.602626
0.606841
0.612712
0.620469
0.630536
0.643249
0.658684
0.67419
0.686736
0.696225
0.70339
0.708798
0.712755
0.715221
0.716287
0.716497
0.716346
0.580833
0.581069
0.582489
0.585708
0.59103
0.598506
0.608362
0.621056
0.636877
0.655763
0.674445
0.689435
0.700787
0.709417
0.715985
0.720804
0.723771
0.725013
0.725237
0.725062
0.557953
0.558336
0.560301
0.564554
0.571541
0.581345
0.594124
0.610294
0.629999
0.653005
0.675372
0.693151
0.706592
0.716857
0.724704
0.730486
0.733973
0.735374
0.735595
0.735391
0.52783
0.528515
0.531447
0.537503
0.547216
0.560565
0.577536
0.598349
0.622913
0.650776
0.677261
0.698057
0.713728
0.725756
0.734971
0.741759
0.745724
0.747238
0.747432
0.747196
0.486337
0.487752
0.492782
0.502406
0.516912
0.535793
0.558694
0.585518
0.615943
0.649328
0.680295
0.704268
0.722262
0.7361
0.746762
0.7545
0.75881
0.76034
0.76048
0.760217
0.425841
0.430312
0.440905
0.457593
0.48026
0.50741
0.538222
0.572419
0.609584
0.648996
0.684637
0.711843
0.732154
0.747771
0.759833
0.768363
0.772852
0.774222
0.774264
0.773995
0.353414
0.361501
0.38091
0.408165
0.441305
0.477781
0.517138
0.559269
0.603828
0.650166
0.691561
0.723025
0.746563
0.764621
0.778409
0.78799
0.79274
0.794145
0.794275
0.794165
0.280577
0.294027
0.32252
0.360151
0.403208
0.448918
0.496853
0.547002
0.59908
0.652511
0.699882
0.735808
0.762726
0.783528
0.799414
0.81002
0.814759
0.815754
0.815914
0.815911
0.220169
0.237472
0.271674
0.31704
0.368143
0.421966
0.477786
0.535518
0.594805
0.655047
0.708083
0.748153
0.778154
0.801278
0.818834
0.830076
0.83483
0.836459
0.836763
0.836819
0.170563
0.189903
0.228553
0.279703
0.337143
0.397639
0.460265
0.524802
0.590739
0.657369
0.715717
0.759612
0.792349
0.817537
0.836551
0.848909
0.85441
0.85641
0.856789
0.856882
0.128813
0.149381
0.191366
0.247083
0.309764
0.37584
0.44432
0.514865
0.586828
0.65935
0.722621
0.770015
0.80526
0.83235
0.852709
0.865869
0.872046
0.874334
0.874768
0.874877
0.0926212
0.113997
0.158635
0.218038
0.285088
0.355971
0.429589
0.505495
0.582926
0.660864
0.728671
0.779278
0.816776
0.845411
0.866745
0.880543
0.887378
0.889847
0.890317
0.890408
0.0603538
0.0823066
0.12909
0.191587
0.262347
0.33741
0.4156
0.496352
0.578797
0.661761
0.733817
0.7874
0.826871
0.856688
0.878643
0.892886
0.900203
0.902867
0.903398
0.903471
0.0308076
0.0531938
0.101788
0.166952
0.240937
0.319679
0.401961
0.487131
0.574228
0.661947
0.738064
0.794467
0.835709
0.866513
0.888926
0.903504
0.911124
0.913952
0.91453
0.914574
0.00305434
0.0259022
0.0761491
0.143564
0.22041
0.302426
0.388392
0.477612
0.569068
0.661343
0.741431
0.800581
0.843487
0.875156
0.897975
0.912793
0.920602
0.923498
0.924091
0.924095
-0.0233929
-3.49805e-05
0.0515045
0.12106
0.200451
0.285405
0.374709
0.467658
0.563219
0.659906
0.743944
0.805837
0.850379
0.882881
0.906097
0.92112
0.92898
0.931923
0.932454
0.932396
-0.0489102
-0.0250161
0.0276508
0.0991861
0.180854
0.268453
0.360796
0.457182
0.556614
0.657602
0.745601
0.810308
0.856552
0.88995
0.913588
0.92879
0.936682
0.939568
0.940081
0.939985
-0.073734
-0.0493744
0.00449239
0.0777806
0.161502
0.251486
0.346578
0.446136
0.549213
0.654377
0.74639
0.814046
0.862129
0.896539
0.920661
0.936033
0.943916
0.94671
0.947168
0.947041
-0.0979975
-0.0731094
-0.0181218
0.0567422
0.142329
0.234456
0.332037
0.434503
0.540996
0.650195
0.746266
0.817065
0.867197
0.902768
0.927425
0.942926
0.950712
0.953357
0.953722
0.953559
-0.121725
-0.0962814
-0.0402417
0.0360592
0.123318
0.21737
0.31719
0.422296
0.531954
0.645016
0.745169
0.819337
0.87181
0.908744
0.933977
0.949518
0.95711
0.959524
0.959769
0.959574
-0.14488
-0.118949
-0.0618849
0.0157293
0.104492
0.200253
0.30207
0.409555
0.522104
0.638812
0.743021
0.820805
0.875986
0.914572
0.940452
0.9559
0.963099
0.965193
0.965325
0.965107
-0.1675
-0.14105
-0.0830203
-0.00421469
0.0858927
0.183159
0.286742
0.39634
0.5115
0.631575
0.73976
0.82137
0.879673
0.920347
0.947048
0.962222
0.968748
0.970382
0.970385
0.970155
-0.189483
-0.162526
-0.103592
-0.0237302
0.0675676
0.166161
0.271284
0.38273
0.500201
0.623321
0.735316
0.820903
0.882764
0.926109
0.95404
0.968816
0.974205
0.975089
0.974923
0.974704
-0.210838
-0.18333
-0.123583
-0.0427588
0.0495866
0.149327
0.255785
0.368825
0.488284
0.614105
0.729641
0.819259
0.885066
0.931769
0.961716
0.976341
0.980033
0.979477
0.978922
0.978781
-0.231471
-0.203463
-0.142943
-0.0612553
0.0320055
0.132738
0.240322
0.354703
0.475858
0.604008
0.722711
0.816282
0.886311
0.937016
0.970116
0.985717
0.987764
0.984587
0.98252
0.982133
-0.251448
-0.222895
-0.161626
-0.0791652
0.0148982
0.116476
0.225015
0.340497
0.463047
0.593123
0.714548
0.811823
0.886186
0.941266
0.978638
0.997385
0.999829
0.994273
0.986473
0.969266
-0.270708
-0.241622
-0.179774
-0.0966974
-0.00203859
0.100201
0.209435
0.325735
0.449324
0.580911
0.704585
0.805255
0.884227
0.943834
0.986086
1.01039
1.01681
1.0113
0.995742
1.00916
-0.289379
-0.259629
-0.197329
-0.11381
-0.0187344
0.0839741
0.19359
0.310443
0.434682
0.567274
0.692635
0.795983
0.879745
0.943495
0.988716
1.01692
1.02792
1.01994
0.958681
0.941851
-0.308065
-0.277514
-0.214037
-0.130134
-0.0346538
0.068244
0.177688
0.294881
0.419408
0.552419
0.678727
0.783635
0.871939
0.939465
0.981305
1.00816
1.01063
0.975799
0.907612
0.866444
-0.32747
-0.296225
-0.229487
-0.145316
-0.0494348
0.0531581
0.162109
0.279223
0.403587
0.536367
0.662737
0.768087
0.858758
0.931194
0.98199
0.970435
0.947557
0.886249
0.814753
0.771192
0.0909406
0.204725
0.32504
0.452847
0.583292
0.69973
0.793865
0.645373
-0.348543
-0.329704
-0.291324
-0.220744
-0.131338
-0.033192
0.0725765
0.185297
0.304813
0.431383
0.560599
0.67599
0.7687
0.844007
0.896004
0.858937
0.719168
0.632457
0.564383
-0.366269
-0.353188
-0.308685
-0.236429
-0.146741
-0.0484648
0.0567948
0.169036
0.287685
0.412831
0.539708
0.651518
0.738268
0.800687
0.79881
0.697985
0.556236
0.451598
0.363057
-0.389577
-0.376836
-0.329384
-0.256034
-0.166262
-0.067765
0.0375724
0.149486
0.267193
0.390687
0.514397
0.62117
0.69932
0.743701
0.70563
0.547869
0.384247
0.252163
0.134835
-0.413111
-0.4002
-0.35115
-0.276578
-0.186416
-0.0879214
0.0171633
0.128374
0.244867
0.366285
0.486391
0.587549
0.658274
0.677039
0.593727
0.403101
0.2072
0.0295467
-0.137512
-0.435857
-0.423429
-0.373587
-0.297946
-0.207358
-0.108865
-0.0041715
0.1062
0.221304
0.340316
0.456383
0.551164
0.612139
0.595207
0.467688
0.269397
0.0524823
-0.153754
-0.340519
-0.459206
-0.447048
-0.396916
-0.320583
-0.229664
-0.131111
-0.0267298
0.0828636
0.196525
0.31299
0.42482
0.512752
0.5609
0.521359
0.352582
0.157913
-0.0510083
-0.247322
-0.367793
-0.404999
-0.483895
-0.471876
-0.421494
-0.344801
-0.253751
-0.155237
-0.0512366
0.057463
0.169455
0.282978
0.390045
0.470444
0.504289
0.443149
0.249524
0.0641181
-0.113214
-0.246281
-0.290832
-0.314811
-0.51005
-0.498159
-0.447592
-0.370715
-0.279694
-0.181418
-0.0779797
0.0295586
0.139531
0.249601
0.351195
0.423685
0.438614
0.34032
0.157662
-0.013135
-0.162103
-0.243901
-0.263417
-0.269058
-0.538004
-0.526106
-0.475335
-0.398338
-0.307474
-0.209605
-0.106973
-0.00087847
0.106707
0.212834
0.308203
0.372513
0.359036
0.240071
0.0718382
-0.0884321
-0.205063
-0.248013
-0.248414
-0.249733
-0.567663
-0.555861
-0.504755
-0.427673
-0.337083
-0.239791
-0.138202
-0.0338373
0.0709806
0.172693
0.261229
0.315702
0.284679
0.145185
-0.00831746
-0.157029
-0.220625
-0.238398
-0.239494
-0.239458
-0.598879
-0.587084
-0.535747
-0.458632
-0.368422
-0.271912
-0.1716
-0.0692814
0.0323859
0.129236
0.210498
0.253229
0.217866
0.0611682
-0.0810158
-0.193081
-0.239718
-0.233584
-0.233616
-0.233703
-0.631169
-0.619292
-0.568049
-0.490958
-0.401294
-0.305776
-0.207008
-0.107056
-0.00891291
0.0827478
0.156233
0.189058
0.138323
-0.013232
-0.140515
-0.218775
-0.233515
-0.231424
-0.231325
-0.230836
-0.664029
-0.652079
-0.601074
-0.52424
-0.435317
-0.341033
-0.24411
-0.146847
-0.0526225
0.0336301
0.0991325
0.120498
0.047008
-0.0814027
-0.185441
-0.206351
-0.222592
-0.229954
-0.231163
-0.230911
-0.69649
-0.684547
-0.633987
-0.557816
-0.469914
-0.377169
-0.282422
-0.188162
-0.0981854
-0.0176229
0.0407888
0.0457962
-0.0387128
-0.151918
-0.205127
-0.241025
-0.234814
-0.233178
-0.232317
-0.232199
-0.726733
-0.715642
-0.665873
-0.590673
-0.504254
-0.413434
-0.321241
-0.230312
-0.144757
-0.0702258
-0.0174032
-0.0239756
-0.119556
-0.235317
-0.260706
-0.258065
-0.252606
-0.241742
-0.235735
-0.234541
-0.754056
-0.743258
-0.695386
-0.6216
-0.537233
-0.448825
-0.359635
-0.272398
-0.191281
-0.122796
-0.0752327
-0.0861755
-0.189697
-0.347154
-0.403792
-0.348794
-0.304647
-0.273759
-0.257362
-0.251343
-0.775871
-0.765731
-0.720213
-0.649156
-0.567491
-0.482135
-0.396447
-0.313279
-0.236606
-0.173504
-0.131946
-0.138987
-0.231404
-0.421172
-0.728933
-0.538137
-0.400604
-0.335795
-0.311639
-0.298399
-0.790192
-0.781083
-0.738699
-0.671283
-0.593393
-0.511923
-0.430392
-0.351607
-0.279468
-0.220844
-0.183699
-0.169796
-0.199572
-0.234673
-0.292989
-0.349884
-0.348574
-0.352393
-0.34969
-0.345264
-0.794494
-0.787008
-0.748842
-0.686228
-0.613123
-0.536617
-0.45998
-0.385997
-0.318599
-0.263458
-0.225095
-0.183493
-0.086987
0.206462
0.247274
-0.0486866
-0.257471
-0.332626
-0.350103
-0.356873
-0.787289
-0.781224
-0.748539
-0.69214
-0.625166
-0.554651
-0.483734
-0.415102
-0.352692
-0.300431
-0.261969
-0.222677
-0.135792
0.0289617
0.0365588
-0.19443
-0.373072
-0.444954
-0.461983
-0.467864
-0.76489
-0.76051
-0.735002
-0.687636
-0.628474
-0.564939
-0.50036
-0.43741
-0.380089
-0.334134
-0.306738
-0.333768
-0.510114
-0.754298
-0.817402
-0.722477
-0.718258
-0.718795
-0.702877
-0.697257
-0.730169
-0.727461
-0.709865
-0.672705
-0.623031
-0.567169
-0.509072
-0.451486
-0.398766
-0.358708
-0.34493
-0.455295
-0.822582
-1.21671
-1.16072
-1.03537
-1.01408
-0.948017
-0.853372
-0.842312
-0.688876
-0.687224
-0.677827
-0.650784
-0.61075
-0.562133
-0.509809
-0.456159
-0.405647
-0.366005
-0.358127
-0.418671
-0.739803
-1.2498
-1.80678
-2.06902
-2.12002
-1.87049
-1.56331
-1.33461
-0.650121
-0.64907
-0.644766
-0.627815
-0.59535
-0.552179
-0.503739
-0.451559
-0.398799
-0.352589
-0.330504
-0.34944
-0.572669
-0.819976
-1.0569
-1.1643
-1.2328
-1.14739
-0.989732
-0.843459
-0.620612
-0.620012
-0.617649
-0.608112
-0.581715
-0.541946
-0.493824
-0.439396
-0.38132
-0.322075
-0.272651
-0.248507
-0.185067
0.0241721
0.306306
0.595943
0.828447
0.998782
1.1032
1.16521
-0.597122
-0.596526
-0.595617
-0.592098
-0.572624
-0.534498
-0.48338
-0.424226
-0.356497
-0.283589
-0.201029
-0.114906
0.0636393
0.43431
0.902843
1.3529
1.70476
1.92711
2.04901
2.0972
-0.581506
-0.581103
-0.580548
-0.579329
-0.566945
-0.529956
-0.474914
-0.408518
-0.330695
-0.242488
-0.143546
-0.0342179
0.158496
0.5557
1.04048
1.50826
1.8895
2.14061
2.27257
2.3228
-0.571643
-0.571362
-0.570869
-0.57066
-0.563821
-0.529167
-0.469669
-0.395347
-0.309804
-0.212007
-0.110522
0.00173722
0.138361
0.493585
0.947322
1.36835
1.71716
1.94572
2.06289
2.10643
-0.566446
-0.565749
-0.563778
-0.563294
-0.562219
-0.532369
-0.467735
-0.385428
-0.293785
-0.193386
-0.0903716
0.0181387
0.114975
0.393632
0.784014
1.11739
1.39095
1.57113
1.66363
1.69874
-0.575332
-0.573679
-0.571462
-0.572797
-0.5741
-0.541535
-0.466593
-0.375082
-0.278081
-0.17714
-0.0733237
0.0242235
0.113569
0.319899
0.60916
0.860806
1.05861
1.1935
1.26352
1.28958
-0.596726
-0.595365
-0.600009
-0.606117
-0.602123
-0.553232
-0.459235
-0.357678
-0.258539
-0.160054
-0.0621582
0.0242203
0.103709
0.223684
0.435529
0.621918
0.769624
0.869891
0.921056
0.939617
-0.588949
-0.592578
-0.604766
-0.613637
-0.599389
-0.532313
-0.428296
-0.32561
-0.231606
-0.142553
-0.0552855
0.0220716
0.0967932
0.179177
0.321633
0.454657
0.557812
0.631556
0.668627
0.681624
-0.481206
-0.485669
-0.498428
-0.505791
-0.489888
-0.432487
-0.351599
-0.27034
-0.193648
-0.120264
-0.0466591
0.0211611
0.0844002
0.139515
0.229158
0.32282
0.39518
0.446026
0.470691
0.477433
-0.287932
-0.292064
-0.299582
-0.305818
-0.300698
-0.275367
-0.237051
-0.192293
-0.144099
-0.0917808
-0.0365096
0.0164245
0.0622437
0.0985711
0.152947
0.215653
0.267943
0.305391
0.323277
0.329378
-0.0993425
-0.101719
-0.106209
-0.11427
-0.123186
-0.127804
-0.124956
-0.112899
-0.0923944
-0.0634116
-0.0279494
0.00920055
0.0381511
0.0584511
0.0930641
0.134463
0.170641
0.194796
0.206175
0.208086
0.0262698
0.0248553
0.0217126
0.0123335
-0.00492829
-0.0253457
-0.0414648
-0.0497857
-0.0483342
-0.0374219
-0.0189047
0.00131334
0.0150758
0.0248424
0.0430607
0.0700209
0.0942811
0.10968
0.115385
0.116151
0.0853957
0.0844942
0.0819341
0.0730333
0.0552704
0.0321315
0.0101978
-0.00647372
-0.0155282
-0.0167662
-0.0119548
-0.00726814
-0.006872
-0.00688633
0.00697787
0.0254537
0.0395271
0.0469442
0.049239
0.0487428
0.102881
0.102279
0.100264
0.0932021
0.0787701
0.0591003
0.0385678
0.0203862
0.00683424
-0.00153393
-0.00598994
-0.0118683
-0.021471
-0.0266069
-0.0172732
-0.00468205
0.00348472
0.00628889
0.00605542
0.00539893
0.100517
0.10016
0.0987331
0.09372
0.0832408
0.0683259
0.0515408
0.035348
0.0214367
0.0101726
0.000520502
-0.0116464
-0.0263127
-0.0328039
-0.0243269
-0.0164584
-0.0138689
-0.0140939
-0.0155082
-0.0160887
0.0904628
0.0902742
0.0893363
0.0860421
0.0789586
0.0684422
0.0559146
0.0428857
0.0306313
0.0194335
0.00833093
-0.00564552
-0.0216675
-0.0268918
-0.0185585
-0.01383
-0.0139
-0.0161069
-0.0179771
-0.0185171
0.0784602
0.0783655
0.0777814
0.0757655
0.0713014
0.064368
0.0556629
0.046145
0.0366943
0.0275424
0.0182422
0.00670329
-0.00522205
-0.00667809
-0.000120831
0.00194923
-0.000689449
-0.0036516
-0.00534894
-0.005829
0.0670112
0.0669587
0.06661
0.065483
0.0629256
0.058761
0.0532583
0.0470073
0.0406974
0.0348189
0.0297687
0.0247432
0.0204096
0.0235915
0.0275462
0.0261701
0.022473
0.019563
0.0182438
0.0177771
0.0571051
0.0570671
0.0568819
0.0563442
0.0550847
0.0528829
0.0498447
0.0463715
0.0431246
0.0410107
0.041571
0.0448353
0.0492288
0.054619
0.0570824
0.0541904
0.0503834
0.0483521
0.0476998
0.0472274
0.0488252
0.0487938
0.0487055
0.0485287
0.048103
0.047217
0.0459131
0.0445744
0.0438787
0.0452918
0.051383
0.0634038
0.0778057
0.0891242
0.0863026
0.0813144
0.0780438
0.0774626
0.0775609
0.0768921
0.0417606
0.0417357
0.0417066
0.0417159
0.04174
0.041665
0.0414871
0.0415935
0.0427428
0.0466267
0.056707
0.0751727
0.097267
0.109051
0.103413
0.0983112
0.0970577
0.0983672
0.0992779
0.0985473
0.035391
0.0353711
0.0353798
0.0354738
0.0356948
0.0359709
0.0363963
0.0373017
0.0394261
0.0444223
0.055785
0.0760141
0.0995288
0.110766
0.105924
0.104198
0.105728
0.107928
0.109237
0.108334
0.029156
0.0291423
0.0291788
0.0292956
0.0295358
0.0299488
0.0305639
0.0316971
0.0339354
0.0386296
0.0483458
0.0650016
0.0844632
0.0928617
0.0897193
0.091164
0.0969857
0.1027
0.104269
0.103298
0.0226992
0.0226798
0.0227116
0.0227805
0.0229921
0.023397
0.0240081
0.0250343
0.0268194
0.0301995
0.0361329
0.0445495
0.0530838
0.0558825
0.0576278
0.0661553
0.075821
0.0821476
0.0835186
0.0827796
0.0159358
0.0159064
0.0159139
0.0159536
0.0160762
0.0163789
0.016859
0.0175354
0.018665
0.0203813
0.0220241
0.0201992
0.0126315
0.00970348
0.0194151
0.0350081
0.0470482
0.0529146
0.0539879
0.0535213
0.00890586
0.00885737
0.00885745
0.00889256
0.00892256
0.00907789
0.00933887
0.00976126
0.0104689
0.010989
0.00976057
0.00183625
-0.0170075
-0.0236213
-0.00824483
0.00934536
0.0199189
0.0238407
0.0238643
0.0236004
0.00531331
0.00528389
0.00530471
0.0053187
0.00536236
0.00548586
0.00576241
0.00597621
0.00629949
0.00622597
0.00300893
-0.00962503
-0.0244971
-0.0193854
-0.00201636
0.00559822
0.00986835
0.0109229
0.0115226
0.0010563
-0.311173
0.033745
0.255124
0.446112
0.600603
0.724061
0.823032
0.907233
0.96813
0.963747
0.191774
0.345303
0.487532
0.610205
0.71516
0.802833
0.87506
0.931121
0.965166
0.977687
0.457384
0.554545
0.649052
0.734145
0.808139
0.871034
0.922573
0.961901
0.989783
1.0088
0.638595
0.703685
0.771631
0.834328
0.888339
0.934854
0.973721
1.00508
1.03023
1.04825
0.776377
0.822993
0.875293
0.921579
0.963246
0.999855
1.03152
1.05825
1.08049
1.09603
0.888272
0.925808
0.966651
1.00371
1.03817
1.06938
1.09703
1.12073
1.14049
1.15335
0.985864
1.01823
1.05308
1.08638
1.11765
1.14645
1.17213
1.19401
1.21182
1.22229
1.0769
1.10815
1.14236
1.17565
1.20662
1.2349
1.25979
1.28062
1.29683
1.30543
1.17166
1.20643
1.2432
1.2786
1.31049
1.33872
1.36288
1.38262
1.39741
1.40538
1.28446
1.32478
1.36401
1.4008
1.43257
1.45963
1.48219
1.50042
1.5141
1.52318
1.42828
1.47095
1.50861
1.54228
1.57028
1.59405
1.61466
1.63206
1.64591
1.65704
1.60614
1.64372
1.67172
1.69606
1.71708
1.73636
1.7546
1.77175
1.78765
1.80216
1.80382
1.82484
1.83974
1.85553
1.87181
1.88711
1.90082
1.91408
1.92958
1.94794
1.99442
2.00159
2.01214
2.02369
2.0336
2.04279
2.05304
2.06414
2.07575
2.08462
2.20747
2.20924
2.20131
2.18479
2.17364
2.17307
2.18523
2.20983
2.24395
2.26848
2.6271
2.43321
2.33216
2.2743
2.24517
2.23853
2.25373
2.29455
2.3704
2.51335
-0.312124
-0.316559
-0.27695
-0.204215
-0.114662
-0.0157572
0.881805
0.949878
0.947772
0.868487
0.797704
0.725849
0.495639
0.271175
-0.000314302
-0.358838
-0.711568
)
;

boundaryField
{
    wall-4
    {
        type            zeroGradient;
    }
    pressure-outlet-7
    {
        type            fixedValue;
        value           uniform 0;
    }
    velocity-inlet-6
    {
        type            zeroGradient;
    }
    velocity-inlet-5
    {
        type            zeroGradient;
    }
    frontAndBackPlanes
    {
        type            empty;
    }
}


// ************************************************************************* //
