/*--------------------------------*- C++ -*----------------------------------*\
| =========                 |                                                 |
| \\      /  F ield         | OpenFOAM: The Open Source CFD Toolbox           |
|  \\    /   O peration     | Version:  4.0                                   |
|   \\  /    A nd           | Web:      www.OpenFOAM.org                      |
|    \\/     M anipulation  |                                                 |
\*---------------------------------------------------------------------------*/
FoamFile
{
    version     2.0;
    format      ascii;
    class       volVectorField;
    location    "69";
    object      U;
}
// * * * * * * * * * * * * * * * * * * * * * * * * * * * * * * * * * * * * * //

dimensions      [0 1 -1 0 0 0 0];

internalField   nonuniform List<vector> 
2200
(
(0.878835 -0.0304122 0)
(1.00578 -0.0512798 0)
(1.00327 -0.0354003 0)
(1.00024 -0.0244382 0)
(0.999865 -0.0166607 0)
(1.00004 -0.010728 0)
(1.00004 -0.00683531 0)
(0.999996 -0.00417892 0)
(0.999902 -0.00219145 0)
(1.00018 -0.000656243 0)
(1.00003 0.00114115 0)
(1.00036 0.00267657 0)
(1.00038 0.00452277 0)
(1.00027 0.00711428 0)
(1.00008 0.0108362 0)
(1 0.0166599 0)
(1.00033 0.0243755 0)
(1.00347 0.0348652 0)
(1.00599 0.051382 0)
(0.879048 0.0302953 0)
(0.712026 -0.0327597 0)
(0.996644 -0.0630033 0)
(1.03332 -0.056134 0)
(1.02493 -0.046405 0)
(1.0159 -0.0360989 0)
(1.00965 -0.0263591 0)
(1.00591 -0.0181168 0)
(1.00379 -0.0114304 0)
(1.00268 -0.00604502 0)
(1.00226 -0.00161161 0)
(1.00208 0.00248192 0)
(1.00212 0.00698021 0)
(1.00323 0.0123885 0)
(1.0055 0.0189443 0)
(1.00943 0.0272489 0)
(1.01554 0.0369922 0)
(1.02462 0.047481 0)
(1.03315 0.0579951 0)
(0.996701 0.0631487 0)
(0.711783 0.0330367 0)
(0.535584 -0.0238907 0)
(0.969934 -0.0569189 0)
(1.05644 -0.0547155 0)
(1.05223 -0.0487196 0)
(1.03624 -0.0403774 0)
(1.02447 -0.0322053 0)
(1.01591 -0.0239274 0)
(1.01035 -0.0160087 0)
(1.00704 -0.0086933 0)
(1.00533 -0.00193986 0)
(1.00549 0.0044122 0)
(1.00731 0.0109085 0)
(1.01049 0.0177817 0)
(1.01573 0.0255105 0)
(1.02404 0.0334648 0)
(1.03606 0.0414269 0)
(1.05215 0.0494208 0)
(1.0563 0.0533181 0)
(0.969188 0.0576527 0)
(0.534342 0.0239445 0)
(0.392408 -0.0136413 0)
(0.911904 -0.0463753 0)
(1.05755 -0.0468465 0)
(1.06964 -0.0442784 0)
(1.05492 -0.038125 0)
(1.03935 -0.0314408 0)
(1.0276 -0.0246335 0)
(1.01919 -0.0174408 0)
(1.01396 -0.00996062 0)
(1.01147 -0.00248294 0)
(1.01116 0.00512374 0)
(1.01301 0.0124913 0)
(1.01806 0.0199047 0)
(1.02656 0.0266878 0)
(1.03849 0.0331233 0)
(1.05398 0.039572 0)
(1.06822 0.0456454 0)
(1.05546 0.0482882 0)
(0.909898 0.0469953 0)
(0.389889 0.0137781 0)
(0.307823 -0.00451034 0)
(0.846832 -0.0323612 0)
(1.04943 -0.0398942 0)
(1.07949 -0.03812 0)
(1.06826 -0.0334411 0)
(1.05176 -0.0278115 0)
(1.03833 -0.0224061 0)
(1.02799 -0.0162909 0)
(1.02076 -0.00932387 0)
(1.01672 -0.00158039 0)
(1.01662 0.00616041 0)
(1.02061 0.0135198 0)
(1.02756 0.0197861 0)
(1.03732 0.0255097 0)
(1.05019 0.0304432 0)
(1.06663 0.0357784 0)
(1.07766 0.040132 0)
(1.04719 0.0417954 0)
(0.842865 0.0330063 0)
(0.303648 0.00474364 0)
(0.264465 0.000105506 0)
(0.789254 -0.0200479 0)
(1.03362 -0.0314155 0)
(1.08376 -0.0319773 0)
(1.07742 -0.0286897 0)
(1.06091 -0.0238004 0)
(1.04735 -0.019292 0)
(1.03661 -0.0142256 0)
(1.02895 -0.00821047 0)
(1.02458 -0.00130566 0)
(1.02405 0.0061999 0)
(1.02721 0.012906 0)
(1.03427 0.0187714 0)
(1.04493 0.0232429 0)
(1.0586 0.0271758 0)
(1.07485 0.0315601 0)
(1.08029 0.0342836 0)
(1.02913 0.03338 0)
(0.782474 0.0207635 0)
(0.258606 0.000126122 0)
(0.240543 0.00107115 0)
(0.738612 -0.0122617 0)
(1.01381 -0.0249397 0)
(1.0841 -0.0266873 0)
(1.08311 -0.0243758 0)
(1.06791 -0.0201989 0)
(1.05428 -0.0161993 0)
(1.04323 -0.0115962 0)
(1.03483 -0.00609289 0)
(1.0297 0.000419928 0)
(1.02935 0.00701641 0)
(1.03392 0.0128942 0)
(1.04165 0.0173952 0)
(1.05176 0.0214035 0)
(1.06467 0.0247766 0)
(1.07938 0.0282172 0)
(1.07985 0.0297787 0)
(1.00742 0.0272888 0)
(0.72866 0.0131646 0)
(0.232907 -0.000832152 0)
(0.226311 0.000965175 0)
(0.695964 -0.00800579 0)
(0.993505 -0.0206678 0)
(1.08254 -0.0230045 0)
(1.08705 -0.0211359 0)
(1.07351 -0.0175792 0)
(1.06011 -0.0137319 0)
(1.04966 -0.00947496 0)
(1.0419 -0.00456514 0)
(1.03709 0.00102131 0)
(1.0361 0.00707581 0)
(1.03903 0.012447 0)
(1.04565 0.0169041 0)
(1.05572 0.0202274 0)
(1.06914 0.0232046 0)
(1.08185 0.0259185 0)
(1.07549 0.0268922 0)
(0.983067 0.0235257 0)
(0.681468 0.0091629 0)
(0.216412 -0.000704806 0)
(0.216755 0.000627033 0)
(0.660544 -0.00563739 0)
(0.972864 -0.0175458 0)
(1.07969 -0.0201012 0)
(1.09042 -0.0184836 0)
(1.07841 -0.0152635 0)
(1.06496 -0.0115653 0)
(1.05431 -0.00727597 0)
(1.04607 -0.00237711 0)
(1.04072 0.00310122 0)
(1.04002 0.00846085 0)
(1.04388 0.0129929 0)
(1.05076 0.0165583 0)
(1.06007 0.0198432 0)
(1.07245 0.0225433 0)
(1.0833 0.0247153 0)
(1.07079 0.025121 0)
(0.95898 0.0211058 0)
(0.641271 0.00710638 0)
(0.204252 -0.00032926 0)
(0.209706 0.000304983 0)
(0.63231 -0.00416872 0)
(0.954342 -0.0148946 0)
(1.07688 -0.0177736 0)
(1.09371 -0.0164241 0)
(1.08319 -0.0135013 0)
(1.06973 -0.00986659 0)
(1.05933 -0.00581331 0)
(1.05177 -0.00113865 0)
(1.04693 0.00385894 0)
(1.04527 0.00898422 0)
(1.04728 0.0135575 0)
(1.05304 0.0173656 0)
(1.06241 0.0200607 0)
(1.07546 0.0224127 0)
(1.08426 0.0240784 0)
(1.06358 0.0240283 0)
(0.933974 0.019258 0)
(0.606116 0.00598098 0)
(0.193706 4.97385e-05 0)
(0.203905 9.22486e-05 0)
(0.609037 -0.00310886 0)
(0.93637 -0.0124583 0)
(1.07366 -0.0154219 0)
(1.09698 -0.0142094 0)
(1.0879 -0.0113491 0)
(1.07442 -0.00773285 0)
(1.06361 -0.00355897 0)
(1.05522 0.00121286 0)
(1.0495 0.00635493 0)
(1.04809 0.0111484 0)
(1.05103 0.0150883 0)
(1.05707 0.0180509 0)
(1.06595 0.0207464 0)
(1.07777 0.0227988 0)
(1.08447 0.0240062 0)
(1.05681 0.023246 0)
(0.910038 0.0177512 0)
(0.575657 0.00534127 0)
(0.183983 0.000332204 0)
(0.199492 1.75607e-05 0)
(0.591183 -0.00223515 0)
(0.921321 -0.0101119 0)
(1.07104 -0.0132398 0)
(1.10056 -0.0121544 0)
(1.09291 -0.00944262 0)
(1.07922 -0.00586449 0)
(1.06823 -0.0019594 0)
(1.06001 0.00253767 0)
(1.05467 0.00748722 0)
(1.05216 0.0124774 0)
(1.05328 0.0165565 0)
(1.05846 0.0197393 0)
(1.06746 0.0216541 0)
(1.08002 0.0233242 0)
(1.08414 0.0241249 0)
(1.04742 0.0227837 0)
(0.885109 0.0165912 0)
(0.547694 0.00498079 0)
(0.174382 0.000503436 0)
(0.195969 3.67402e-05 0)
(0.576575 -0.00151277 0)
(0.90686 -0.00797059 0)
(1.06819 -0.0108418 0)
(1.10406 -0.00968235 0)
(1.09789 -0.00684903 0)
(1.08426 -0.00319334 0)
(1.07292 0.000963819 0)
(1.06396 0.00580972 0)
(1.05732 0.010907 0)
(1.05473 0.0152157 0)
(1.05666 0.0187059 0)
(1.06205 0.0210101 0)
(1.07053 0.023009 0)
(1.08131 0.0242666 0)
(1.08328 0.0246536 0)
(1.0382 0.0226945 0)
(0.860839 0.015787 0)
(0.522205 0.00483625 0)
(0.165052 0.000592446 0)
(0.19403 7.32978e-05 0)
(0.566412 -0.000699534 0)
(0.895948 -0.0057514 0)
(1.06628 -0.00840061 0)
(1.10797 -0.00708621 0)
(1.10322 -0.00417398 0)
(1.0894 -0.000382912 0)
(1.07762 0.00354287 0)
(1.06823 0.00791369 0)
(1.06145 0.0126243 0)
(1.05784 0.0175578 0)
(1.05816 0.0210854 0)
(1.06263 0.0234328 0)
(1.07143 0.0245611 0)
(1.08247 0.0255063 0)
(1.08112 0.0254105 0)
(1.02598 0.0228969 0)
(0.835059 0.0153222 0)
(0.497355 0.00478977 0)
(0.155589 0.000626513 0)
(0.193271 0.000106635 0)
(0.55907 -0.000181175 0)
(0.885903 -0.00374958 0)
(1.0647 -0.00589743 0)
(1.11207 -0.00435589 0)
(1.10879 -0.00121168 0)
(1.09503 0.00270908 0)
(1.08286 0.00711477 0)
(1.0729 0.0121592 0)
(1.06526 0.0175898 0)
(1.06097 0.0216101 0)
(1.06128 0.0242886 0)
(1.06589 0.0259169 0)
(1.07389 0.0271473 0)
(1.08228 0.0274768 0)
(1.07847 0.0269078 0)
(1.01368 0.0236374 0)
(0.8094 0.0152504 0)
(0.473545 0.00487566 0)
(0.146222 0.000653136 0)
(0.193947 7.82275e-05 0)
(0.555153 0.000913116 0)
(0.879854 -0.00144681 0)
(1.06436 -0.00297514 0)
(1.11667 -0.001017 0)
(1.11459 0.00240524 0)
(1.10063 0.00674717 0)
(1.08795 0.0112423 0)
(1.0772 0.0159602 0)
(1.06821 0.020446 0)
(1.06277 0.0247462 0)
(1.06202 0.0278537 0)
(1.06533 0.0292321 0)
(1.07356 0.0296523 0)
(1.08218 0.0298677 0)
(1.07361 0.0287143 0)
(0.997885 0.0246137 0)
(0.781708 0.0154827 0)
(0.449167 0.00503102 0)
(0.136476 0.000666977 0)
(0.19621 0.000305069 0)
(0.555623 0.00158256 0)
(0.875578 0.00090788 0)
(1.06539 0.000236057 0)
(1.122 0.00253963 0)
(1.12118 0.00624983 0)
(1.10719 0.0107241 0)
(1.09387 0.0156983 0)
(1.08235 0.0211857 0)
(1.07306 0.02699 0)
(1.06688 0.031058 0)
(1.06494 0.0329272 0)
(1.06797 0.0337876 0)
(1.07505 0.0342468 0)
(1.08018 0.0333102 0)
(1.06806 0.0314465 0)
(0.981634 0.0263607 0)
(0.753295 0.0161523 0)
(0.424586 0.00535157 0)
(0.126478 0.00069869 0)
(0.200577 0.000683224 0)
(0.558588 0.00243174 0)
(0.876296 0.0035619 0)
(1.06812 0.0036934 0)
(1.1281 0.00677338 0)
(1.12818 0.0109517 0)
(1.11378 0.01621 0)
(1.09996 0.0216963 0)
(1.08767 0.0273346 0)
(1.07621 0.0321336 0)
(1.06774 0.0358186 0)
(1.06481 0.0377991 0)
(1.06654 0.0385255 0)
(1.07305 0.0378887 0)
(1.07856 0.0372843 0)
(1.06008 0.0346289 0)
(0.96111 0.0282846 0)
(0.721933 0.0171397 0)
(0.398285 0.00572941 0)
(0.115723 0.000715723 0)
(0.207326 0.000900685 0)
(0.566082 0.00361122 0)
(0.880633 0.00600974 0)
(1.07331 0.00797739 0)
(1.13526 0.0116207 0)
(1.13631 0.0164449 0)
(1.12153 0.0220635 0)
(1.10658 0.0280788 0)
(1.09265 0.0342539 0)
(1.08016 0.0402273 0)
(1.0714 0.0446856 0)
(1.06694 0.0459254 0)
(1.06779 0.0456283 0)
(1.07348 0.0447637 0)
(1.07408 0.0425952 0)
(1.05057 0.0388785 0)
(0.939373 0.0312911 0)
(0.688688 0.018586 0)
(0.37055 0.0062444 0)
(0.104353 0.00074484 0)
(0.215802 0.0010617 0)
(0.577053 0.00485537 0)
(0.888768 0.0091074 0)
(1.08117 0.0124074 0)
(1.14405 0.0172445 0)
(1.14553 0.022938 0)
(1.12984 0.029691 0)
(1.11394 0.0365057 0)
(1.09915 0.0434394 0)
(1.08486 0.0492387 0)
(1.07207 0.0519963 0)
(1.06603 0.0527744 0)
(1.06521 0.0525192 0)
(1.06904 0.0505941 0)
(1.07059 0.0487308 0)
(1.03822 0.0439239 0)
(0.911868 0.0343966 0)
(0.650832 0.0202865 0)
(0.33988 0.00676166 0)
(0.0919321 0.000755801 0)
(0.228603 0.00142894 0)
(0.596392 0.00683793 0)
(0.904693 0.0136882 0)
(1.09263 0.0189743 0)
(1.15456 0.0244646 0)
(1.15625 0.0310929 0)
(1.13951 0.0385454 0)
(1.12186 0.0461958 0)
(1.10431 0.0534472 0)
(1.08701 0.0595549 0)
(1.07373 0.0634658 0)
(1.0667 0.0641365 0)
(1.06515 0.0624462 0)
(1.06847 0.0600061 0)
(1.06271 0.0564023 0)
(1.02294 0.0498325 0)
(0.882144 0.0387316 0)
(0.609967 0.0223559 0)
(0.306933 0.00730699 0)
(0.0788063 0.000757968 0)
(0.244373 0.00200078 0)
(0.619774 0.00861397 0)
(0.925773 0.0180548 0)
(1.10826 0.0256508 0)
(1.16742 0.0332297 0)
(1.16869 0.0410781 0)
(1.15017 0.0499606 0)
(1.13058 0.0586081 0)
(1.1113 0.0669531 0)
(1.09222 0.0734018 0)
(1.07523 0.0762028 0)
(1.06472 0.0747833 0)
(1.06084 0.0727047 0)
(1.06104 0.0692215 0)
(1.05609 0.0648698 0)
(1.00407 0.0571823 0)
(0.84447 0.0430146 0)
(0.562037 0.0244621 0)
(0.270033 0.00773342 0)
(0.0646309 0.000739282 0)
(0.266701 0.00282586 0)
(0.653131 0.0124638 0)
(0.954911 0.0250131 0)
(1.1285 0.0353938 0)
(1.18316 0.04398 0)
(1.18318 0.0539075 0)
(1.16234 0.0640568 0)
(1.14002 0.0738119 0)
(1.11705 0.0822824 0)
(1.09361 0.0880314 0)
(1.07365 0.0897033 0)
(1.06281 0.0885991 0)
(1.0589 0.0856066 0)
(1.05875 0.0814032 0)
(1.04356 0.07541 0)
(0.980063 0.0649192 0)
(0.802773 0.0485023 0)
(0.510247 0.0267084 0)
(0.230941 0.00802155 0)
(0.0501579 0.000715399 0)
(0.298356 0.00377788 0)
(0.699252 0.0156258 0)
(0.994806 0.0333577 0)
(1.15541 0.0472607 0)
(1.20237 0.0589477 0)
(1.19977 0.0709168 0)
(1.17523 0.0827289 0)
(1.14938 0.0932072 0)
(1.12315 0.101842 0)
(1.09699 0.107103 0)
(1.07467 0.108103 0)
(1.06019 0.104835 0)
(1.05233 0.0997221 0)
(1.04794 0.0935978 0)
(1.03151 0.0863025 0)
(0.951375 0.0740788 0)
(0.75035 0.0532689 0)
(0.44845 0.0282494 0)
(0.187723 0.00789189 0)
(0.0350641 0.000609167 0)
(0.335127 0.00714736 0)
(0.757345 0.0249978 0)
(1.04388 0.0468415 0)
(1.1882 0.0652372 0)
(1.22582 0.0784427 0)
(1.21894 0.0935256 0)
(1.18984 0.106269 0)
(1.1599 0.116858 0)
(1.12919 0.124575 0)
(1.09819 0.128201 0)
(1.07138 0.126605 0)
(1.05499 0.121269 0)
(1.04807 0.115678 0)
(1.04297 0.109137 0)
(1.01253 0.0996092 0)
(0.914076 0.0830785 0)
(0.691345 0.0588542 0)
(0.384114 0.0297551 0)
(0.144776 0.00757467 0)
(0.0215166 0.000569992 0)
(0.415818 0.010848 0)
(0.845667 0.0357739 0)
(1.11151 0.0679357 0)
(1.22931 0.0907499 0)
(1.25331 0.107084 6.12512e-34)
(1.23919 0.124228 -2.76949e-34)
(1.20342 0.137136 0)
(1.16816 0.146698 0)
(1.13269 0.15269 0)
(1.09781 0.153703 0)
(1.06863 0.149392 0)
(1.0507 0.142351 0)
(1.03944 0.133907 0)
(1.02758 0.124191 0)
(0.991531 0.112314 0)
(0.87018 0.0926568 0)
(0.618454 0.0622512 0)
(0.305408 0.0288003 0)
(0.0960234 0.00690672 0)
(0.00691551 0.000731792 0)
(0.487481 0.0260426 4.44803e-20)
(0.948108 0.0605791 -3.37286e-20)
(1.18164 0.102555 0)
(1.27091 0.130002 2.63462e-20)
(1.28221 0.146121 -2.13645e-20)
(1.25867 0.16492 2.92209e-34)
(1.2161 0.175737 0)
(1.17596 0.183022 1.56437e-20)
(1.13557 0.186105 -5.14101e-20)
(1.09574 0.1841 1.0516e-20)
(1.06255 0.177297 0)
(1.04037 0.16679 -2.68013e-20)
(1.02937 0.156654 -3.22999e-20)
(1.01586 0.14663 5.65992e-20)
(0.954982 0.130555 -4.47025e-20)
(0.797592 0.102235 0)
(0.513329 0.0642367 -1.60568e-20)
(0.213546 0.0265164 0)
(0.047466 0.00651196 -8.88187e-20)
(-0.00867358 0.000308371 1.04676e-19)
(0.524011 0.0541838 -5.88998e-21)
(1.01499 0.102884 9.88958e-20)
(1.23471 0.153653 -4.96472e-21)
(1.30604 0.178096 -6.36123e-20)
(1.30804 0.195558 -4.50566e-20)
(1.27547 0.212694 7.32982e-20)
(1.22634 0.220891 0)
(1.18034 0.225521 0)
(1.1344 0.226348 8.15753e-20)
(1.08986 0.221527 0)
(1.05223 0.210408 9.63487e-20)
(1.02943 0.197745 2.87584e-20)
(1.01284 0.186541 5.93506e-22)
(0.983983 0.171345 -6.12572e-20)
(0.910486 0.149586 0)
(0.726204 0.114798 0)
(0.427814 0.0656432 -2.60948e-19)
(0.152511 0.0237371 6.56218e-19)
(0.0143981 0.00432008 -3.87871e-19)
(-0.0201376 -0.0015275 -4.56794e-19)
(0.530977 0.077815 -5.23011e-20)
(1.04864 0.16003 2.05215e-20)
(1.26943 0.213778 1.16334e-20)
(1.33272 0.237343 1.10419e-19)
(1.32773 0.254016 1.46613e-20)
(1.28781 0.266444 -1.90395e-19)
(1.23323 0.2703 6.51597e-20)
(1.1822 0.271445 0)
(1.13091 0.268411 -1.7204e-19)
(1.08074 0.259326 1.53379e-19)
(1.03937 0.245623 -2.59911e-19)
(1.01207 0.231913 1.21871e-19)
(0.993554 0.21652 -7.90453e-20)
(0.966353 0.199895 1.78342e-19)
(0.874069 0.173931 0)
(0.673518 0.126948 -6.48368e-20)
(0.375171 0.0680714 0)
(0.126815 0.0227714 3.57055e-19)
(0.000264502 0.00196978 -8.45781e-19)
(-0.0258016 -0.00355401 5.29355e-19)
(0.528587 0.108524 1.33246e-19)
(1.07497 0.219341 -5.96324e-20)
(1.29439 0.280538 -1.31473e-20)
(1.35095 0.302705 0)
(1.34085 0.316148 -8.19316e-20)
(1.2958 0.323409 1.01264e-19)
(1.23639 0.322831 -6.95033e-20)
(1.18026 0.31979 0)
(1.12422 0.31264 1.22139e-19)
(1.07031 0.299762 -1.07685e-19)
(1.02568 0.28229 2.24478e-19)
(0.995832 0.263814 0)
(0.973233 0.246764 -1.67786e-19)
(0.933208 0.225751 9.46156e-20)
(0.840114 0.191413 2.37666e-19)
(0.636653 0.139527 -2.09062e-19)
(0.351125 0.0739532 3.29695e-19)
(0.120464 0.0243845 -7.29619e-19)
(-0.00506414 7.79496e-05 4.6132e-19)
(-0.0294045 -0.00580051 -5.76746e-19)
(0.513426 0.132712 -3.78026e-20)
(1.07609 0.270639 2.66314e-20)
(1.30284 0.344444 -4.39463e-20)
(1.35986 0.368101 9.14422e-20)
(1.34664 0.380479 -8.85642e-20)
(1.29789 0.38254 3.149e-20)
(1.23511 0.376714 3.81896e-21)
(1.1755 0.369035 -1.36678e-19)
(1.11539 0.357338 -1.27529e-19)
(1.05628 0.339522 -2.30581e-19)
(1.00726 0.317804 -4.8238e-19)
(0.974426 0.296673 -1.48852e-19)
(0.950107 0.275878 2.23298e-21)
(0.915087 0.253096 -3.23226e-19)
(0.814489 0.217171 -4.8948e-21)
(0.613433 0.154195 3.03707e-19)
(0.344663 0.0819637 -9.09142e-20)
(0.122871 0.0281963 -5.27492e-20)
(-0.00171249 -0.00128549 0)
(-0.0293655 -0.0073458 1.22409e-18)
(0.49891 0.154618 0)
(1.07622 0.323475 7.05898e-22)
(1.3073 0.410022 -5.54043e-21)
(1.36252 0.433009 -1.30063e-20)
(1.34687 0.443016 8.41452e-20)
(1.29601 0.440535 -7.4225e-20)
(1.23046 0.430646 7.54789e-20)
(1.16724 0.418782 2.24641e-19)
(1.10347 0.402702 -7.09332e-20)
(1.04199 0.380726 1.13865e-19)
(0.991121 0.355242 2.5914e-19)
(0.955751 0.33009 3.24537e-19)
(0.927479 0.307184 -1.95448e-19)
(0.882403 0.280696 3.49893e-19)
(0.786577 0.236807 -2.77247e-19)
(0.593486 0.172606 0)
(0.339989 0.0940594 -6.90398e-19)
(0.130824 0.0342279 9.30024e-19)
(0.00691486 0.000281901 6.93897e-20)
(-0.0260881 -0.00797596 -1.29488e-18)
(0.480565 0.173469 -5.18238e-21)
(1.06206 0.368305 -2.63153e-20)
(1.30203 0.468716 3.96195e-20)
(1.35962 0.494469 -6.38545e-20)
(1.3422 0.504471 7.13869e-20)
(1.28932 0.498018 -7.10239e-20)
(1.22173 0.483802 1.48472e-19)
(1.15649 0.467528 -6.66256e-20)
(1.09028 0.44697 -2.85751e-19)
(1.02519 0.420419 -1.3333e-22)
(0.969652 0.390356 -2.81782e-19)
(0.930438 0.361734 -3.49431e-19)
(0.902499 0.335911 2.16146e-19)
(0.864069 0.307888 -1.25767e-19)
(0.76385 0.264973 3.01817e-19)
(0.578307 0.190304 0)
(0.339716 0.108163 -4.29588e-19)
(0.140138 0.0421446 6.34501e-19)
(0.0167828 0.00353019 1.19969e-18)
(-0.0217438 -0.00783672 -1.411e-18)
(0.468145 0.192253 -1.08989e-19)
(1.05386 0.415964 4.93291e-20)
(1.29627 0.528478 -1.98492e-20)
(1.35302 0.554456 6.52304e-20)
(1.33399 0.562823 1.22469e-20)
(1.28018 0.552701 -1.38028e-19)
(1.21114 0.535139 -8.66526e-20)
(1.14373 0.51523 -8.62265e-20)
(1.07499 0.490813 -1.61888e-19)
(1.00738 0.460392 2.60442e-19)
(0.949512 0.426241 2.84265e-19)
(0.909276 0.394451 5.54408e-19)
(0.878629 0.366886 0)
(0.831354 0.335914 6.39866e-21)
(0.738781 0.283958 -8.30298e-19)
(0.56317 0.210285 1.95229e-19)
(0.338723 0.122276 9.33224e-19)
(0.148906 0.0513198 -2.75404e-19)
(0.0270592 0.00799152 5.70975e-19)
(-0.0167773 -0.00693816 -4.7577e-20)
(0.454464 0.208201 5.88643e-21)
(1.03663 0.455293 6.70912e-20)
(1.28492 0.581369 -1.31305e-21)
(1.34347 0.61035 5.83451e-20)
(1.32325 0.618946 -1.28501e-19)
(1.26816 0.605702 1.35958e-19)
(1.19777 0.584699 8.95795e-20)
(1.12899 0.56109 2.56673e-19)
(1.05801 0.532967 3.23873e-19)
(0.986901 0.498422 -3.0243e-19)
(0.925829 0.46025 0)
(0.883277 0.424758 -2.10379e-19)
(0.851798 0.394076 2.4154e-19)
(0.812526 0.361717 3.05234e-19)
(0.717589 0.312332 -1.76754e-19)
(0.549285 0.228139 -4.28728e-19)
(0.337554 0.137326 -1.276e-19)
(0.156268 0.0611113 -2.05262e-21)
(0.0362395 0.0132282 0)
(-0.0119868 -0.0055875 0)
(0.446809 0.225477 -9.22244e-20)
(1.02654 0.497763 0)
(1.27445 0.635029 1.44235e-20)
(1.33182 0.664797 -1.89209e-20)
(1.3104 0.671922 1.48836e-19)
(1.25482 0.655642 -3.72136e-20)
(1.1835 0.631933 9.10655e-20)
(1.11299 0.605389 -1.73252e-19)
(1.04002 0.574214 2.45776e-19)
(0.967851 0.536331 -1.00446e-19)
(0.905391 0.494053 1.63328e-19)
(0.861421 0.45608 6.68314e-19)
(0.828142 0.424221 1.42775e-20)
(0.780116 0.387837 -3.18943e-19)
(0.693329 0.329117 5.90073e-19)
(0.533616 0.2481 3.23369e-21)
(0.333755 0.151273 1.36515e-19)
(0.16101 0.0710502 -6.50651e-19)
(0.0433826 0.0184553 6.70382e-19)
(-0.00788872 -0.00411156 -7.896e-19)
(0.438537 0.240522 2.48349e-23)
(1.01105 0.532877 0)
(1.26055 0.681901 0)
(1.31872 0.714983 4.59095e-21)
(1.29655 0.722261 -4.21968e-20)
(1.23999 0.703489 6.24267e-20)
(1.16758 0.677101 -1.6749e-19)
(1.09624 0.647623 0)
(1.02209 0.61334 -3.62893e-19)
(0.947247 0.571931 4.38797e-19)
(0.881061 0.526188 4.68021e-19)
(0.834661 0.485351 -2.45422e-19)
(0.801164 0.448273 -2.97809e-19)
(0.761659 0.410337 6.98681e-19)
(0.671782 0.355825 -2.10026e-19)
(0.517833 0.263794 -2.49948e-19)
(0.328505 0.164791 -1.49333e-19)
(0.162851 0.0798922 -7.03619e-19)
(0.048224 0.0231051 1.0314e-19)
(-0.00464899 -0.0027222 8.5552e-19)
(0.433032 0.257626 -4.40382e-20)
(1.00108 0.570813 -5.96912e-20)
(1.24808 0.729477 2.38767e-20)
(1.30456 0.763749 -2.0355e-22)
(1.28146 0.769701 -4.9473e-20)
(1.22461 0.74849 9.68368e-20)
(1.15178 0.719889 0)
(1.07948 0.687994 1.05479e-19)
(1.00375 0.651454 -8.31706e-20)
(0.92713 0.607451 7.33429e-19)
(0.859456 0.558115 -1.0529e-19)
(0.81233 0.513692 1.21694e-19)
(0.777848 0.475959 0)
(0.729349 0.433802 -3.78517e-19)
(0.647152 0.368269 4.58637e-19)
(0.500303 0.28099 0)
(0.320088 0.175626 -3.21439e-19)
(0.161949 0.0875096 9.46333e-19)
(0.0507564 0.0269044 1.12496e-19)
(-0.00230604 -0.0015637 -1.05538e-18)
(0.428684 0.274915 -1.08593e-19)
(0.98789 0.60256 1.37283e-19)
(1.23334 0.770663 0)
(1.28993 0.808194 2.99298e-20)
(1.26641 0.814355 0)
(1.20889 0.791176 -1.2942e-19)
(1.1354 0.760463 0)
(1.06253 0.726383 0)
(0.985562 0.687432 -1.11397e-19)
(0.906487 0.640538 -6.97493e-19)
(0.835986 0.588402 -8.66046e-19)
(0.78566 0.541049 1.42887e-19)
(0.749565 0.497058 5.16584e-19)
(0.710609 0.452131 4.17454e-19)
(0.624934 0.391541 -1.47252e-18)
(0.483205 0.291898 -5.87626e-19)
(0.310906 0.18565 3.44697e-19)
(0.159108 0.0932381 0)
(0.051453 0.0297794 9.67573e-19)
(-0.000733381 -0.000696229 -1.13865e-18)
(0.426528 0.290505 1.27592e-19)
(0.979405 0.636825 -1.5788e-19)
(1.22034 0.812815 0)
(1.27502 0.851339 -1.14485e-20)
(1.25076 0.856383 -6.42381e-21)
(1.19311 0.831329 0)
(1.11946 0.798876 5.19928e-20)
(1.04581 0.762804 7.40745e-20)
(0.96738 0.722247 -2.08734e-19)
(0.886589 0.673524 9.21725e-20)
(0.813898 0.618484 0)
(0.762633 0.566988 5.92712e-19)
(0.726073 0.522085 6.33929e-21)
(0.677688 0.472503 2.25407e-19)
(0.600229 0.397979 2.67099e-19)
(0.46473 0.304554 0)
(0.300012 0.192213 -5.60964e-19)
(0.154293 0.0976511 1.10035e-18)
(0.0507978 0.0314657 -1.17091e-18)
(-2.72209e-05 -0.000165349 2.4539e-18)
(0.424579 0.305281 0)
(0.967885 0.665183 0)
(1.20592 0.848822 -7.82629e-20)
(1.26029 0.890286 0)
(1.23573 0.895655 0)
(1.17757 0.869089 -1.02359e-19)
(1.10341 0.835001 5.31746e-20)
(1.02925 0.797377 1.79355e-20)
(0.949675 0.755018 -4.74335e-20)
(0.866543 0.704194 0)
(0.791003 0.647032 -1.32628e-19)
(0.735956 0.593011 -4.8354e-19)
(0.696122 0.540701 -5.83075e-19)
(0.657916 0.485702 -2.34661e-19)
(0.577494 0.416915 2.89318e-19)
(0.446949 0.308833 -6.81279e-19)
(0.290176 0.197293 1.20596e-18)
(0.149191 0.0995291 1.4682e-21)
(0.0493913 0.033072 -1.11858e-18)
(0.000563119 0.000880844 -1.65553e-19)
(0.423359 0.319215 0)
(0.960289 0.696122 -1.27109e-19)
(1.19345 0.886018 9.45228e-20)
(1.24569 0.928219 0)
(1.22042 0.932632 0)
(1.16214 0.904653 2.02949e-19)
(1.08794 0.869266 0)
(1.01318 0.830035 0)
(0.932379 0.786589 -4.59346e-19)
(0.847579 0.734683 1.28769e-19)
(0.769335 0.675257 -1.17667e-18)
(0.712223 0.616786 0)
(0.672107 0.563539 -6.35755e-19)
(0.623146 0.502819 9.84048e-21)
(0.551584 0.41553 -9.32586e-19)
(0.428987 0.314161 3.6624e-19)
(0.281059 0.196427 1.20021e-21)
(0.147816 0.0984782 -1.26543e-18)
(0.0494718 0.0308974 6.00704e-19)
(-0.00122131 -0.00191097 1.77077e-19)
(0.421884 0.332938 0)
(0.95017 0.721721 -1.71098e-19)
(1.17998 0.917388 9.93536e-20)
(1.23156 0.962196 1.41393e-19)
(1.20598 0.967001 -4.59587e-21)
(1.1473 0.937851 2.00681e-20)
(1.07277 0.901222 -2.95845e-20)
(0.997693 0.861004 4.32419e-19)
(0.915893 0.816323 4.9137e-19)
(0.82876 0.763011 9.79844e-19)
(0.74728 0.702527 9.77626e-19)
(0.685626 0.642443 1.72414e-19)
(0.639737 0.580654 9.14194e-19)
(0.600835 0.510854 5.65284e-19)
(0.526343 0.428432 6.69101e-19)
(0.411209 0.307696 -4.00574e-19)
(0.27288 0.189595 -4.59452e-19)
(0.151364 0.0971612 5.46e-19)
(0.0592109 0.0415102 -3.22957e-19)
(0.00734965 0.00915906 5.74425e-19)
(0.420863 0.346157 2.3822e-19)
(0.943553 0.74987 2.68315e-19)
(1.1684 0.950312 5.67086e-20)
(1.21771 0.995503 1.5374e-20)
(1.19146 0.999403 -1.96332e-20)
(1.13273 0.96918 -5.58412e-20)
(1.05831 0.931654 2.81755e-20)
(0.982849 0.890199 -1.8884e-20)
(0.899979 0.844842 -5.73199e-19)
(0.811203 0.79112 -1.06394e-18)
(0.726729 0.729247 6.78874e-20)
(0.661782 0.664768 0)
(0.614909 0.602221 0)
(0.561953 0.526462 -2.95303e-19)
(0.495304 0.417516 -1.09848e-18)
(0.391378 0.300426 8.63031e-19)
(0.273156 0.172089 5.0431e-19)
(0.165708 0.0745774 0)
(0.0775631 0.00965685 1.03356e-18)
(0.00114877 -0.0188845 -6.11538e-19)
(0.419584 0.359032 -1.26465e-19)
(0.934692 0.772858 1.11346e-19)
(1.15592 0.977658 -1.35155e-19)
(1.20445 1.02509 -1.14799e-19)
(1.17797 1.02939 -2.26879e-20)
(1.11899 0.998244 -1.78087e-20)
(1.04444 0.959791 0)
(0.968801 0.917815 -5.44165e-19)
(0.885001 0.871679 6.9018e-20)
(0.794036 0.817181 0)
(0.706176 0.75526 0)
(0.635961 0.690956 1.10789e-19)
(0.579921 0.619634 1.48887e-19)
(0.53494 0.53114 -3.19696e-19)
(0.463051 0.426479 7.88094e-19)
(0.365285 0.27847 -9.41008e-19)
(0.2597 0.146436 -1.08352e-18)
(0.191285 0.0654417 9.60284e-19)
(0.149479 0.0657557 -3.673e-19)
(0.109117 0.0738279 2.13669e-19)
(0.418701 0.371059 1.56309e-19)
(0.928876 0.798232 0)
(1.14524 1.00687 0)
(1.19158 1.05432 -3.23738e-20)
(1.16454 1.05771 2.62073e-20)
(1.10559 1.02573 -1.96506e-20)
(1.03129 0.986709 1.30315e-19)
(0.955348 0.943798 5.56669e-19)
(0.870616 0.897289 1.04128e-18)
(0.778189 0.842883 -8.06699e-20)
(0.687397 0.7806 1.6735e-19)
(0.612723 0.712751 -9.93637e-19)
(0.554901 0.641677 -9.93411e-19)
(0.489827 0.549346 -1.72154e-19)
(0.416871 0.408013 0)
(0.331368 0.265425 -3.99324e-21)
(0.243918 0.0713962 5.98778e-19)
(0.239966 -0.03985 -1.00427e-18)
(0.207707 -0.113615 7.62911e-19)
(0.0886273 -0.1008 6.31186e-19)
(0.417373 0.382845 -3.44375e-19)
(0.920804 0.818556 -1.54616e-19)
(1.13361 1.03069 6.88682e-21)
(1.17923 1.08021 6.27916e-20)
(1.15204 1.08409 0)
(1.09291 1.05146 -4.2623e-20)
(1.01853 1.01181 -1.89808e-19)
(0.942446 0.968836 -2.21618e-21)
(0.856856 0.922047 -5.45594e-19)
(0.762362 0.867472 -7.9299e-20)
(0.668142 0.806229 7.36574e-20)
(0.587895 0.74103 8.73182e-19)
(0.516557 0.662408 9.68807e-19)
(0.455968 0.554024 1.68361e-19)
(0.375346 0.424466 8.57565e-19)
(0.270173 0.22859 0)
(0.144301 0.0506386 0)
(-0.0142605 0.170332 6.84873e-19)
(-0.0786361 0.629385 -2.66833e-20)
(0.010085 1.54611 -8.51858e-19)
(0.416548 0.393844 1.89747e-19)
(0.915601 0.841564 4.37372e-19)
(1.1237 1.05704 -6.06619e-19)
(1.16718 1.10646 3.10546e-19)
(1.13941 1.1096 -1.18455e-20)
(1.08028 1.07652 7.68211e-21)
(1.00608 1.0368 0)
(0.92965 0.993391 -4.63546e-19)
(0.843201 0.946842 0)
(0.747385 0.893176 1.11406e-18)
(0.650092 0.832743 -9.05429e-20)
(0.564106 0.765312 1.01528e-19)
(0.491179 0.689958 1.11849e-18)
(0.400703 0.586536 -3.65829e-19)
(0.28622 0.406546 -4.35015e-19)
(0.180625 0.277098 0)
(0.0725661 0.452809 0)
(0.024004 1.36587 0)
(0.0710221 2.4753 -3.88527e-19)
(0.0968836 2.91651 -2.40237e-19)
(0.414957 0.40439 0)
(0.908104 0.859431 0)
(1.11279 1.0779 2.20651e-19)
(1.15567 1.12945 -2.52968e-19)
(1.12773 1.13338 1.1903e-19)
(1.0684 1.10004 1.80337e-21)
(0.994105 1.06009 2.5069e-20)
(0.91757 1.01723 -1.95178e-20)
(0.830412 0.971168 7.77553e-20)
(0.732615 0.918257 -1.27867e-18)
(0.631589 0.860099 1.63851e-19)
(0.540378 0.798773 8.80522e-19)
(0.449194 0.719602 -1.11371e-18)
(0.361981 0.593301 -1.23159e-18)
(0.262635 0.462538 4.13334e-19)
(0.17838 0.612461 0)
(0.11165 1.59342 5.59979e-19)
(0.117096 2.70252 6.02158e-19)
(0.124459 3.09099 -6.72578e-19)
(0.117313 3.22364 7.14982e-19)
(0.413919 0.414664 0)
(0.903451 0.880156 3.81477e-19)
(1.10368 1.10169 -5.52744e-20)
(1.14451 1.15306 3.48289e-19)
(1.11598 1.15639 -1.24942e-19)
(1.05664 1.12292 0)
(0.982527 1.08334 0)
(0.905692 1.04049 0)
(0.817859 0.995252 4.34524e-19)
(0.719032 0.944074 5.87114e-20)
(0.615465 0.887883 0)
(0.517952 0.825116 -8.74962e-19)
(0.430413 0.751861 0)
(0.305115 0.637709 8.81107e-19)
(0.19846 0.685376 -5.98236e-19)
(0.142855 1.46764 -4.78516e-19)
(0.147597 2.68894 -1.09644e-18)
(0.171336 3.12596 -5.75534e-19)
(0.161944 3.26495 -7.7144e-19)
(0.149201 3.30513 5.56853e-19)
(0.412254 0.42391 -1.32573e-19)
(0.896407 0.895573 1.46931e-20)
(1.09349 1.11975 -6.12033e-20)
(1.13393 1.17337 -2.70255e-19)
(1.1052 1.17777 0)
(1.04568 1.14436 0)
(0.971493 1.10485 0)
(0.89467 1.06302 3.28778e-20)
(0.806346 1.01889 -5.49676e-19)
(0.705841 0.969298 0)
(0.598801 0.916467 0)
(0.498739 0.862544 0)
(0.386203 0.783983 0)
(0.308581 0.730457 6.48633e-19)
(0.264031 1.13466 1.58855e-18)
(0.236509 2.40366 4.65098e-19)
(0.254359 3.08119 9.28793e-19)
(0.248933 3.27782 -7.11172e-19)
(0.2009 3.34314 2.5954e-19)
(0.169403 3.35643 0)
(0.411066 0.433029 1.36122e-19)
(0.892137 0.91476 -8.43368e-19)
(1.08498 1.14195 -2.27776e-19)
(1.12343 1.19524 -5.06277e-20)
(1.09413 1.19912 2.89627e-20)
(1.03462 1.1658 -1.17648e-19)
(0.960667 1.12698 -3.466e-22)
(0.883631 1.08547 -3.58678e-19)
(0.794836 1.04256 0)
(0.693746 0.995391 -7.55615e-20)
(0.585468 0.945579 6.87399e-20)
(0.47937 0.88937 0)
(0.383308 0.824719 0)
(0.320795 0.924105 -8.12893e-19)
(0.264768 1.85161 1.02684e-19)
(0.261295 2.94507 -3.50153e-19)
(0.28672 3.28067 7.32098e-19)
(0.257914 3.37886 5.22685e-19)
(0.19375 3.40351 -7.0576e-19)
(0.169447 3.41382 3.47714e-19)
(0.408954 0.442402 2.6636e-19)
(0.884457 0.929408 8.19861e-19)
(1.07428 1.15922 2.74182e-19)
(1.11263 1.21511 0)
(1.08323 1.22031 0)
(1.02366 1.18713 9.1134e-20)
(0.949755 1.14839 5.12251e-20)
(0.872967 1.10809 3.19251e-19)
(0.784022 1.0666 2.12251e-20)
(0.681837 1.02154 9.61907e-19)
(0.571082 0.975643 -1.14952e-18)
(0.459658 0.925179 0)
(0.380352 0.904407 0)
(0.332746 1.30301 -5.5522e-19)
(0.327365 2.497 -6.65792e-19)
(0.372702 3.19328 0)
(0.398017 3.36075 -7.39733e-19)
(0.327113 3.42377 5.12499e-20)
(0.259102 3.46957 3.38677e-19)
(0.237097 3.49509 -1.09737e-19)
(0.407131 0.452101 -5.05956e-19)
(0.879616 0.950649 -3.93128e-19)
(1.06472 1.18382 0)
(1.1009 1.23876 0)
(1.071 1.24306 0)
(1.01162 1.2098 0)
(0.938214 1.17175 -6.22321e-20)
(0.861463 1.13166 2.77719e-19)
(0.772448 1.09136 0)
(0.670499 1.04896 -8.75396e-19)
(0.560444 1.00636 2.06385e-18)
(0.449609 0.963091 8.47435e-20)
(0.395882 1.02497 1.14533e-19)
(0.384465 1.73947 9.04633e-19)
(0.394948 2.90135 -4.86457e-19)
(0.435343 3.31215 0)
(0.418303 3.43331 2.08165e-19)
(0.332429 3.52262 9.106e-20)
(0.25907 3.58708 1.48761e-19)
(0.183544 3.56653 -1.62258e-20)
(0.404121 0.462345 2.40316e-19)
(0.869919 0.966187 -3.99483e-19)
(1.05195 1.20205 0)
(1.08844 1.26002 -7.40862e-20)
(1.05859 1.26586 2.5605e-19)
(0.999341 1.2326 0)
(0.926238 1.19433 0)
(0.850139 1.15538 -4.81418e-19)
(0.761508 1.11651 -5.57281e-20)
(0.659384 1.07628 8.59389e-19)
(0.54538 1.03705 -9.80546e-19)
(0.451967 1.01462 5.78113e-19)
(0.412443 1.21516 0)
(0.419563 2.18576 -4.79902e-19)
(0.461435 3.14154 3.14489e-19)
(0.52684 3.41361 1.97549e-19)
(0.517757 3.50901 0)
(0.455311 3.59171 -3.68033e-20)
(0.386704 3.63112 -4.09141e-19)
(0.306388 3.60344 -9.65447e-20)
(0.401362 0.472784 -4.76882e-19)
(0.864004 0.990429 5.71554e-19)
(1.0408 1.23012 3.97617e-19)
(1.07486 1.28618 -9.90345e-20)
(1.04458 1.2905 -3.90441e-19)
(0.985768 1.25684 0)
(0.913525 1.21917 2.33484e-20)
(0.837815 1.1802 1.73277e-19)
(0.74965 1.14233 2.87489e-20)
(0.6487 1.1046 -7.42411e-19)
(0.536195 1.07028 -5.17408e-20)
(0.455103 1.07424 -6.51049e-19)
(0.448093 1.44947 7.18094e-19)
(0.491893 2.55084 1.58094e-19)
(0.55796 3.30094 -2.78445e-19)
(0.610794 3.46433 1.46761e-19)
(0.569432 3.51525 0)
(0.512413 3.51954 0)
(0.420105 3.48241 -6.79429e-19)
(0.19333 3.27276 1.25433e-18)
(0.396867 0.48358 2.28071e-19)
(0.851651 1.00686 5.6157e-19)
(1.02554 1.24918 -4.05043e-19)
(1.06048 1.3088 3.60679e-19)
(1.03045 1.31486 4.05728e-19)
(0.97206 1.28104 0)
(0.900496 1.24279 -1.62405e-20)
(0.825955 1.20475 1.37163e-19)
(0.73885 1.16813 0)
(0.638844 1.13228 0)
(0.529868 1.10483 0)
(0.464079 1.15489 0)
(0.48875 1.6915 -8.10606e-19)
(0.550152 2.85921 -2.11426e-19)
(0.626662 3.38651 0)
(0.669487 3.4765 -2.65437e-20)
(0.667435 3.48201 0)
(0.744392 3.32306 1.40014e-19)
(0.839604 2.95294 -1.7674e-18)
(0.447202 2.57034 1.85426e-18)
(0.392985 0.493837 -4.61426e-19)
(0.844172 1.03432 -3.59734e-19)
(1.01243 1.28122 -2.67758e-19)
(1.04473 1.33781 -3.37292e-19)
(1.01442 1.34152 -1.97243e-19)
(0.956828 1.30687 0)
(0.886596 1.26907 1.24698e-21)
(0.812901 1.23079 -3.9398e-20)
(0.726895 1.19486 -2.19327e-19)
(0.629301 1.16118 0)
(0.526257 1.1413 5.1543e-20)
(0.479596 1.24815 -5.85936e-20)
(0.535541 1.94867 0)
(0.625197 3.07838 2.75436e-19)
(0.717447 3.4275 0)
(0.748186 3.46299 -9.87547e-20)
(0.749429 3.37291 2.72887e-19)
(0.744019 2.99094 -1.38105e-19)
(0.49789 1.98068 2.72295e-19)
(-0.340364 0.491956 -6.61122e-19)
(0.3855 0.50476 -1.28076e-20)
(0.82807 1.05138 -1.83023e-19)
(0.993869 1.30101 3.69105e-19)
(1.02781 1.3621 -1.99317e-20)
(0.997939 1.36804 -6.18051e-20)
(0.941139 1.33329 0)
(0.872005 1.2947 7.79131e-20)
(0.800032 1.25726 -6.60392e-20)
(0.715852 1.22261 3.93002e-19)
(0.617424 1.19042 -4.97975e-19)
(0.526961 1.18271 -6.04813e-19)
(0.50356 1.36838 0)
(0.589787 2.25627 4.07503e-19)
(0.68894 3.21171 -5.75922e-20)
(0.763485 3.40797 2.7232e-20)
(0.768953 3.39781 0)
(0.700072 3.16656 -1.43788e-19)
(0.529808 2.39196 1.52041e-19)
(0.101032 0.621835 -1.80374e-19)
(-0.247258 -0.391576 -1.66196e-19)
(0.380184 0.514867 4.31971e-19)
(0.818254 1.08209 -1.78891e-19)
(0.977944 1.33781 2.58731e-19)
(1.0091 1.39487 1.99968e-19)
(0.979152 1.39772 1.23737e-19)
(0.923564 1.36181 2.39218e-19)
(0.856302 1.32377 -1.69335e-19)
(0.785692 1.28622 1.2493e-21)
(0.703204 1.25228 -2.84054e-19)
(0.607662 1.22334 3.3751e-20)
(0.530268 1.22927 9.80136e-20)
(0.532674 1.51437 -4.0002e-19)
(0.641365 2.5169 1.09281e-19)
(0.750975 3.28337 -2.17171e-19)
(0.814205 3.38291 3.7864e-20)
(0.790316 3.30181 7.72595e-20)
(0.660752 2.85453 -2.04738e-19)
(0.404495 1.6212 1.33731e-19)
(0.0592004 0.0493324 0)
(-0.0793939 -0.157797 -2.90443e-19)
(0.368198 0.523267 0)
(0.797034 1.09862 -6.76648e-19)
(0.955159 1.35771 2.3595e-20)
(0.989028 1.42076 -3.30195e-19)
(0.959752 1.42661 0)
(0.905495 1.39094 -1.76803e-19)
(0.839886 1.35209 1.6662e-19)
(0.771657 1.31528 -1.1687e-21)
(0.692015 1.28271 1.96586e-19)
(0.599351 1.2566 3.55696e-19)
(0.533681 1.28413 4.65799e-19)
(0.565437 1.67391 4.89564e-20)
(0.697556 2.76601 -2.98741e-19)
(0.801292 3.31334 1.34092e-20)
(0.836349 3.33953 8.07748e-21)
(0.757622 3.12178 7.43273e-20)
(0.525524 2.31114 8.73663e-20)
(0.116573 0.440814 -1.03543e-19)
(-0.137652 -0.244271 0)
(-0.114961 -0.206144 0)
(0.359861 0.53437 -4.14676e-19)
(0.783378 1.13209 6.69623e-19)
(0.935604 1.39908 0)
(0.966749 1.45727 0)
(0.937697 1.45915 0)
(0.885307 1.42188 0)
(0.822258 1.38353 -8.62746e-20)
(0.756111 1.34682 -1.6293e-20)
(0.679007 1.31503 -3.61244e-20)
(0.593219 1.29307 3.7287e-20)
(0.541132 1.34685 -3.8245e-19)
(0.60227 1.85517 2.82087e-19)
(0.74907 2.94703 0)
(0.841826 3.31063 3.66618e-20)
(0.859912 3.27791 5.76527e-20)
(0.72172 2.85725 -2.20897e-20)
(0.391254 1.67795 1.0344e-19)
(0.0174703 -0.0395211 5.94614e-20)
(-0.157689 -0.200795 -2.42034e-19)
(-0.0571007 -0.137595 -2.82848e-19)
(0.343364 0.536407 2.10104e-19)
(0.756057 1.14413 3.13019e-19)
(0.907883 1.4176 -9.36623e-21)
(0.942886 1.4839 1.72817e-19)
(0.914723 1.48975 0)
(0.864527 1.45331 3.28715e-19)
(0.80378 1.4143 -6.87389e-20)
(0.7407 1.37802 1.99061e-20)
(0.666324 1.34726 -3.59927e-20)
(0.586826 1.32993 2.66972e-20)
(0.550614 1.41899 2.58478e-19)
(0.642443 2.06399 -1.28199e-19)
(0.797047 3.07097 -1.12042e-19)
(0.874638 3.30414 1.82996e-21)
(0.857567 3.1738 -3.03019e-20)
(0.621738 2.50368 1.39542e-19)
(0.190417 0.712104 -7.78766e-20)
(-0.0840064 -0.268429 1.15277e-19)
(-0.128838 -0.221655 -3.53125e-19)
(-0.0606839 -0.123266 2.46894e-19)
(0.32815 0.544694 -1.96531e-19)
(0.735021 1.17679 0)
(0.884058 1.46215 -2.30175e-19)
(0.916197 1.52363 -3.32774e-19)
(0.888682 1.52448 0)
(0.841388 1.4859 -2.56367e-19)
(0.783882 1.44705 0)
(0.723765 1.41105 -1.26417e-19)
(0.651117 1.38125 -1.59366e-20)
(0.583446 1.37044 6.10793e-20)
(0.564584 1.50076 -1.22625e-19)
(0.684467 2.26479 7.10836e-20)
(0.837531 3.13826 1.77412e-19)
(0.904399 3.27235 1.07181e-20)
(0.839619 3.02814 -3.10251e-20)
(0.528174 2.07096 -4.7779e-20)
(0.0748562 0.12042 1.22745e-19)
(-0.182934 -0.250336 -1.36272e-19)
(-0.106252 -0.210755 4.3e-22)
(-0.0539438 -0.0776491 -2.58131e-20)
(0.304846 0.539364 3.8972e-19)
(0.701269 1.1819 -2.99006e-19)
(0.850849 1.47683 2.43794e-19)
(0.88743 1.54945 1.6009e-19)
(0.861454 1.55562 2.83794e-20)
(0.817613 1.51875 1.59761e-19)
(0.762951 1.47971 0)
(0.706595 1.44355 -3.83244e-20)
(0.637284 1.41494 0)
(0.577851 1.41085 -5.71247e-20)
(0.578001 1.58898 1.22007e-19)
(0.724612 2.44442 -2.73059e-21)
(0.875345 3.18235 -5.91921e-20)
(0.918333 3.23928 3.70387e-20)
(0.802727 2.83465 -1.24688e-20)
(0.373948 1.51019 6.27678e-20)
(-0.0480373 -0.128506 -1.86805e-19)
(-0.226432 -0.251075 -1.05751e-19)
(-0.12452 -0.249309 -3.99672e-20)
(-0.0752811 -0.0903852 1.91404e-19)
(0.282542 0.53852 4.18191e-21)
(0.673017 1.21045 1.5284e-19)
(0.821257 1.52097 0)
(0.854873 1.59074 3.00265e-19)
(0.83096 1.59145 -4.29162e-19)
(0.791125 1.55173 1.61016e-19)
(0.740224 1.51214 -1.08043e-19)
(0.68816 1.47638 1.05975e-19)
(0.622046 1.44982 -9.47146e-20)
(0.574141 1.45457 -1.1462e-21)
(0.595101 1.68091 2.28102e-20)
(0.765973 2.60022 4.73482e-20)
(0.900074 3.1905 3.51379e-20)
(0.929831 3.17751 -5.723e-20)
(0.738717 2.5895 -5.80141e-20)
(0.286815 1.00625 1.10122e-19)
(-0.045262 -0.254004 -1.07276e-19)
(-0.191894 -0.288769 7.60385e-20)
(-0.112919 -0.276334 2.05312e-21)
(-0.0821478 -0.110149 -1.61344e-19)
(0.252289 0.519606 7.22446e-19)
(0.63072 1.2032 -1.51783e-19)
(0.780789 1.52729 -4.16837e-19)
(0.82029 1.61239 3.38354e-19)
(0.799568 1.62135 -1.8784e-19)
(0.763914 1.58446 3.10625e-19)
(0.716443 1.54572 1.69094e-19)
(0.668879 1.50921 0)
(0.608075 1.48359 1.08953e-19)
(0.566866 1.49699 -1.57928e-20)
(0.608067 1.77056 -1.06971e-20)
(0.799785 2.71983 -4.04734e-21)
(0.920085 3.19165 1.76639e-20)
(0.924594 3.11944 7.91683e-21)
(0.683197 2.38376 -8.16992e-20)
(0.175381 0.466402 -2.96408e-20)
(-0.0377214 -0.270553 1.02369e-19)
(-0.11171 -0.285218 4.62686e-20)
(-0.0861267 -0.244214 1.56301e-20)
(-0.048875 -0.105166 1.31013e-19)
(0.221673 0.500014 0)
(0.592809 1.21874 1.41211e-19)
(0.743377 1.56641 -1.89346e-19)
(0.781268 1.65175 3.27557e-19)
(0.764925 1.65591 -4.08187e-19)
(0.73322 1.61597 1.70016e-19)
(0.690302 1.57565 0)
(0.648331 1.53966 0)
(0.594521 1.51609 0)
(0.560268 1.5411 2.27275e-20)
(0.622632 1.8546 -2.12953e-20)
(0.829002 2.80987 1.72495e-20)
(0.932766 3.18817 4.44864e-20)
(0.91964 3.03915 4.25529e-20)
(0.598101 2.13683 -7.50189e-20)
(0.0605151 0.126069 5.00585e-20)
(-0.123761 -0.280256 5.31132e-21)
(-0.100064 -0.287282 -1.01686e-19)
(-0.0744147 -0.198952 1.23026e-20)
(-0.0234273 -0.0667531 0)
(0.183704 0.456143 6.59838e-19)
(0.539129 1.18683 -1.32043e-19)
(0.694473 1.55757 4.39299e-21)
(0.741435 1.66531 0)
(0.729211 1.68102 -1.9618e-19)
(0.702295 1.64669 1.84158e-20)
(0.663646 1.60857 0)
(0.626521 1.57155 5.25616e-20)
(0.57879 1.54726 -4.14768e-20)
(0.551014 1.58018 0)
(0.629442 1.92862 0)
(0.846546 2.8702 -3.1167e-20)
(0.939363 3.18019 -5.50257e-20)
(0.892977 2.97268 2.27252e-21)
(0.530767 1.89241 -1.96525e-20)
(-0.00908887 0.00301484 2.61858e-20)
(-0.156048 -0.26532 0)
(-0.129917 -0.306546 -5.80455e-20)
(-0.0803945 -0.190098 -9.24286e-20)
(-0.017881 -0.0563016 2.19559e-19)
(0.144319 0.403018 5.43647e-19)
(0.489643 1.17514 -1.26068e-19)
(0.647996 1.58291 1.79402e-19)
(0.696198 1.69774 -4.45361e-19)
(0.689054 1.71 0)
(0.667698 1.67454 0)
(0.63385 1.63327 0)
(0.603735 1.59736 5.5477e-20)
(0.563906 1.57465 -4.37738e-20)
(0.541997 1.61629 0)
(0.635308 1.99184 0)
(0.85711 2.90876 9.27719e-20)
(0.937433 3.17873 -3.16491e-20)
(0.884326 2.90584 3.35717e-20)
(0.492696 1.73913 6.20237e-20)
(-0.0157757 -0.0457526 0)
(-0.181503 -0.308987 -1.57836e-20)
(-0.142883 -0.368164 -1.91482e-20)
(-0.10392 -0.244679 1.81432e-19)
(-0.0198857 -0.0682997 -2.20841e-19)
(0.100736 0.318726 -5.04857e-19)
(0.421593 1.09572 1.31599e-19)
(0.589784 1.54564 3.75426e-19)
(0.65085 1.697 2.57045e-19)
(0.649086 1.7261 -2.08033e-19)
(0.633674 1.70053 -1.39176e-19)
(0.604681 1.66336 9.59879e-20)
(0.579272 1.62634 0)
(0.545793 1.60081 0)
(0.527769 1.64281 0)
(0.627945 2.02442 -7.93252e-20)
(0.859531 2.92961 -9.17824e-20)
(0.934636 3.18369 2.9277e-20)
(0.86116 2.88808 -2.09493e-20)
(0.504816 1.65469 -4.51379e-21)
(0.0318965 0.0207259 0)
(-0.166172 -0.317131 2.55002e-20)
(-0.147232 -0.401054 -1.49913e-19)
(-0.107746 -0.305204 3.47205e-19)
(-0.0265587 -0.111493 -1.99005e-19)
(0.0506587 0.214984 5.33573e-19)
(0.356858 1.03303 -4.38348e-19)
(0.530871 1.539 0)
(0.597833 1.71251 1.27103e-19)
(0.604288 1.74477 9.24524e-20)
(0.595743 1.72057 1.96207e-19)
(0.571644 1.67972 -8.97243e-20)
(0.553733 1.64463 0)
(0.528491 1.62124 0)
(0.513708 1.66255 -1.61298e-19)
(0.615956 2.03277 -1.52207e-21)
(0.852746 2.93318 7.9993e-20)
(0.923334 3.18592 4.43749e-20)
(0.87291 2.90473 4.73197e-20)
(0.535941 1.7716 -5.04796e-20)
(0.0247874 0.226734 5.44012e-20)
(-0.165763 -0.229211 -4.22914e-20)
(-0.178358 -0.368801 0)
(-0.128111 -0.32681 -5.68657e-21)
(-0.0170109 -0.0507484 1.08719e-19)
(0.0124393 0.126616 5.44957e-19)
(0.262798 0.866103 0)
(0.460988 1.44594 0)
(0.547429 1.68505 0)
(0.561631 1.74682 7.81638e-20)
(0.559411 1.73891 -1.93692e-19)
(0.540411 1.70459 -8.83042e-20)
(0.526145 1.66734 0)
(0.506681 1.63952 0)
(0.494669 1.67502 9.93013e-20)
(0.590811 2.01188 3.25456e-20)
(0.839365 2.90173 -3.72902e-20)
(0.913456 3.18331 1.13764e-21)
(0.823761 2.96687 3.31194e-20)
(0.483423 1.84243 -6.20794e-20)
(-0.0729971 0.404833 1.11895e-19)
(-0.24044 -0.226237 -8.81324e-20)
(-0.298669 -0.601501 0)
(-0.257327 -0.693863 5.22546e-21)
(-0.0927802 -0.34068 1.4668e-19)
(-0.00657998 0.0686513 -5.05646e-19)
(0.179077 0.715706 1.74095e-19)
(0.387315 1.36664 2.72202e-19)
(0.486586 1.66057 -1.3254e-20)
(0.514208 1.74737 -1.66391e-19)
(0.517955 1.74325 -1.09741e-19)
(0.506502 1.71274 2.48848e-19)
(0.497399 1.67659 -4.57564e-21)
(0.484695 1.64951 0)
(0.475394 1.678 2.76878e-20)
(0.558936 1.96498 -1.39697e-20)
(0.80535 2.83979 4.1561e-20)
(0.92494 3.17272 0)
(0.936167 3.06805 -2.99238e-20)
(0.729683 2.29249 0)
(0.247395 0.755387 -3.90978e-20)
(-0.0877449 -0.226578 -2.8626e-20)
(-0.304367 -0.793071 0)
(-0.270515 -1.0733 0)
(-0.170034 -0.866105 3.75693e-19)
(-0.000718649 0.00131578 4.08078e-19)
(0.0730849 0.337262 -1.53036e-19)
(0.321784 1.15552 1.21977e-19)
(0.43638 1.57647 -1.93123e-19)
(0.472044 1.72637 7.60755e-20)
(0.479664 1.74974 -2.66255e-20)
(0.47265 1.73184 1.7219e-20)
(0.46474 1.69129 -3.25698e-20)
(0.457034 1.65586 -2.17749e-20)
(0.450915 1.67154 -2.19937e-20)
(0.514959 1.89372 3.10038e-21)
(0.785119 2.70368 0)
(0.962685 3.10841 -3.98413e-21)
(0.997271 3.02755 0)
(1.00169 2.63758 0)
(0.806456 1.79678 0)
(0.427948 0.740326 -1.03963e-19)
(0.157057 -0.155418 2.9305e-19)
(-0.0879302 -1.15888 -1.24304e-20)
(-0.107106 -1.18427 -1.55846e-19)
(0.00870631 -0.0470213 7.30703e-20)
(0.0135354 0.124142 6.85175e-20)
(0.202762 0.874368 -5.58226e-20)
(0.362159 1.44766 -4.28307e-20)
(0.423249 1.68551 3.4619e-20)
(0.439118 1.73633 2.48409e-20)
(0.437074 1.73138 1.7788e-20)
(0.430241 1.69538 0)
(0.424637 1.65537 -9.17938e-21)
(0.423325 1.65766 -5.87379e-21)
(0.453375 1.80044 1.64391e-20)
(0.664531 2.48016 0)
(0.898087 2.98732 1.05562e-20)
(0.932598 2.95962 -7.34837e-21)
(0.919525 2.72264 0)
(0.834773 2.19769 0)
(0.568493 1.3418 -3.62461e-21)
(0.342032 0.421551 0)
(0.183046 -0.231034 -4.35209e-21)
(0.0317207 -0.639957 0)
(-0.00137478 -0.0674793 0)
(0.00276097 -0.0217962 0)
(0.0735449 0.355336 0)
(0.282238 1.19667 0)
(0.36886 1.59993 -8.68138e-34)
(0.394692 1.72488 6.70194e-34)
(0.395318 1.73282 0)
(0.391239 1.70915 0)
(0.386096 1.65279 0)
(0.387326 1.63982 0)
(0.392929 1.72342 0)
(0.51173 2.21594 0)
(0.744983 2.84523 0)
(0.784956 2.87672 0)
(0.762389 2.75418 0)
(0.721462 2.42752 0)
(0.556812 1.82052 0)
(0.353116 1.04202 0)
(0.170425 0.278644 0)
(0.044613 -0.155885 0)
(-0.00529358 -0.0640847 0)
(0.0112753 -0.0929322 0)
(0.0209897 0.085703 0)
(0.180673 0.848564 0)
(0.301895 1.44652 0)
(0.349897 1.68056 0)
(0.355103 1.72413 0)
(0.350663 1.71234 0)
(0.342096 1.65604 0)
(0.343114 1.62673 0)
(0.337193 1.67613 0)
(0.388518 2.04092 0)
(0.599065 2.73209 0)
(0.63046 2.84062 0)
(0.606912 2.78339 0)
(0.582639 2.57356 0)
(0.483766 2.13926 0)
(0.322698 1.46817 0)
(0.164202 0.805342 0)
(0.0411243 0.286826 0)
(-0.00440711 -0.0719458 0)
(0.00707203 -0.125512 0)
(0.000816487 -0.0257988 0)
(0.0860222 0.517064 0)
(0.238669 1.28055 0)
(0.294961 1.62234 0)
(0.307609 1.71306 0)
(0.307581 1.71101 0)
(0.298 1.66147 0)
(0.293214 1.61913 0)
(0.283534 1.64989 0)
(0.285487 1.93929 0)
(0.462291 2.63191 0)
(0.484764 2.837 0)
(0.462104 2.82488 0)
(0.437506 2.7008 0)
(0.373151 2.38744 0)
(0.251147 1.81543 0)
(0.120913 1.20023 0)
(0.0268576 0.622594 0)
(-0.000555312 -0.0687392 0)
(-0.00296902 -0.131088 0)
(0.00285366 -0.0783037 0)
(0.0277003 0.238024 0)
(0.183122 1.10535 0)
(0.246012 1.5625 0)
(0.260471 1.70101 0)
(0.258455 1.7105 0)
(0.249381 1.66997 0)
(0.241684 1.61942 0)
(0.235324 1.64168 0)
(0.205423 1.88456 0)
(0.345204 2.56208 0)
(0.366635 2.84629 0)
(0.334106 2.87224 0)
(0.311332 2.80377 0)
(0.266542 2.57376 0)
(0.178279 2.0944 0)
(0.0803542 1.52575 0)
(0.0144532 0.87497 0)
(0.00175923 -0.0652289 0)
(-0.00390355 -0.13882 0)
(0.0147734 -0.119438 0)
(0.0156329 0.0954862 0)
(0.122093 0.905928 0)
(0.192516 1.47082 0)
(0.214681 1.67856 0)
(0.214385 1.70982 0)
(0.203233 1.67845 0)
(0.191878 1.62642 0)
(0.192461 1.64511 0)
(0.143664 1.85806 0)
(0.249152 2.51247 0)
(0.269615 2.85802 0)
(0.23406 2.92057 0)
(0.210521 2.8857 0)
(0.177596 2.7099 0)
(0.116131 2.29111 0)
(0.0451876 1.74358 0)
(0.00550713 1.02403 0)
(-0.00212857 -0.0564064 0)
(-0.00804018 -0.146694 0)
(0.0103968 -0.144187 0)
(0.00236165 0.0268477 0)
(0.0696376 0.814626 0)
(0.137211 1.42786 0)
(0.162892 1.66622 0)
(0.164851 1.71022 0)
(0.158086 1.68761 0)
(0.145199 1.63658 0)
(0.153532 1.65396 0)
(0.096361 1.84541 0)
(0.172516 2.48371 0)
(0.190002 2.87157 0)
(0.15616 2.96314 0)
(0.137333 2.94922 0)
(0.112996 2.81025 0)
(0.0700197 2.43918 0)
(0.0216985 1.91259 0)
(-0.00432375 1.10755 0)
(-0.00651395 -0.0304391 0)
(0.000583857 -0.161 0)
(0.0203898 -0.15889 0)
(0.0209528 -0.00976539 0)
(0.0538423 0.638734 0)
(0.110984 1.34872 0)
(0.121183 1.64555 0)
(0.118879 1.71019 0)
(0.113343 1.69338 0)
(0.10086 1.64581 0)
(0.117365 1.66362 0)
(0.0608915 1.8417 0)
(0.113797 2.46486 0)
(0.1274 2.88584 0)
(0.0984638 3.00094 0)
(0.0816261 3.00067 0)
(0.0639532 2.882 0)
(0.0329283 2.53076 0)
(0.000621137 1.99747 0)
(-0.00817949 1.10508 0)
(0.00232 -0.0354517 0)
(0.0354896 -0.237452 0)
(0.0674318 -0.226265 0)
(0.0806183 -0.0315997 0)
(0.0488255 0.567499 0)
(0.0918395 1.3125 0)
(0.084345 1.63406 0)
(0.0766053 1.70726 0)
(0.0732402 1.69521 0)
(0.0609576 1.6522 0)
(0.0834791 1.67217 0)
(0.0327224 1.8417 0)
(0.0698301 2.4587 0)
(0.0770195 2.89919 0)
(0.0539358 3.03019 0)
(0.0410604 3.03871 0)
(0.0287894 2.93271 0)
(0.00934231 2.59719 0)
(-0.00862611 2.06153 0)
(-0.0121494 1.08242 0)
(0.0192525 -0.168099 0)
(0.0636092 -0.401568 0)
(0.0920869 -0.314794 0)
(0.0925745 0.00525525 0)
(0.0296671 0.596655 0)
(0.0444663 1.30693 0)
(0.0269469 1.63271 0)
(0.0255315 1.70803 0)
(0.0319692 1.69477 0)
(0.0242705 1.65414 0)
(0.052663 1.67766 0)
(0.0125385 1.84368 0)
(0.0373641 2.45383 0)
(0.0389012 2.9106 0)
(0.0207386 3.05357 0)
(0.010512 3.06937 0)
(0.0012691 2.96635 0)
(-0.0122312 2.62919 0)
(-0.0239623 2.06635 0)
(-0.013896 1.02728 0)
(0.0211572 -0.350714 0)
(0.0542432 -0.512904 0)
(0.0662983 -0.346484 0)
(0.0372223 0.098809 0)
(-0.0344719 0.668095 0)
(-0.0413227 1.33576 0)
(-0.0493182 1.64103 0)
(-0.0293652 1.70588 0)
(-0.00979489 1.68757 0)
(-0.0102191 1.65006 0)
(0.0242685 1.67969 0)
(-0.00561884 1.84628 0)
(0.0129367 2.45551 0)
(0.00841198 2.91903 0)
(-0.00482919 3.06998 0)
(-0.0123338 3.08923 0)
(-0.0188886 2.98615 0)
(-0.0260852 2.64617 0)
(-0.0294486 2.054 0)
(-0.0159116 0.943444 0)
(0.0110246 -0.433557 0)
(0.0159873 -0.550245 0)
(-0.0173164 -0.227349 0)
(-0.068958 0.25111 0)
(-0.142157 0.833161 0)
(-0.150996 1.3859 0)
(-0.138223 1.63289 0)
(-0.0949297 1.69116 0)
(-0.0534692 1.67449 0)
(-0.0398487 1.63858 0)
(-7.15113e-05 1.67602 0)
(-0.0188818 1.84688 0)
(-0.00551754 2.45509 0)
(-0.0132851 2.92551 0)
(-0.02252 3.08148 0)
(-0.0290053 3.10331 0)
(-0.0334204 2.9957 0)
(-0.0378672 2.64413 0)
(-0.0335034 2.02482 0)
(-0.0151046 0.854083 0)
(-0.00270089 -0.417155 0)
(-0.0389934 -0.420612 0)
(-0.0978038 -0.0959222 0)
(-0.150296 0.384193 0)
(-0.211633 0.938283 0)
(-0.214204 1.37855 0)
(-0.192415 1.5849 0)
(-0.14136 1.65063 0)
(-0.0892342 1.64599 0)
(-0.0671942 1.61985 0)
(-0.0204146 1.66801 0)
(-0.0321302 1.8489 0)
(-0.0205377 2.45844 0)
(-0.0297538 2.93081 0)
(-0.0361608 3.08869 0)
(-0.0402053 3.10968 0)
(-0.04185 2.99681 0)
(-0.0422079 2.63049 0)
(-0.034252 1.97157 0)
(-0.011915 0.765049 0)
(-0.013389 -0.304386 0)
(-0.0583658 -0.25456 0)
(-0.123092 0.0659556 0)
(-0.181131 0.505384 0)
(-0.232738 0.993183 0)
(-0.230891 1.3394 0)
(-0.207886 1.51693 0)
(-0.159408 1.59021 0)
(-0.109065 1.60217 0)
(-0.0833599 1.59109 0)
(-0.0336028 1.65342 0)
(-0.0420157 1.84625 0)
(-0.0315556 2.46097 0)
(-0.0412576 2.93536 0)
(-0.0440949 3.09217 0)
(-0.0465074 3.11389 0)
(-0.0463608 2.99264 0)
(-0.0434641 2.61482 0)
(-0.0318716 1.916 0)
(-0.00805189 0.687413 0)
(-0.0139857 -0.172809 0)
(-0.0576917 -0.0709809 0)
(-0.121677 0.228141 0)
(-0.17897 0.618598 0)
(-0.220649 1.0276 0)
(-0.215312 1.30338 0)
(-0.195168 1.45695 0)
(-0.155126 1.5316 0)
(-0.112646 1.55532 0)
(-0.088389 1.55936 0)
(-0.0398808 1.63586 0)
(-0.0486737 1.84483 0)
(-0.0394503 2.46688 0)
(-0.0477298 2.93903 0)
(-0.0491021 3.09455 0)
(-0.0496914 3.11287 0)
(-0.0471201 2.9821 0)
(-0.0420811 2.58341 0)
(-0.0278259 1.84958 0)
(-0.00468543 0.622111 0)
(-0.0108079 -0.049121 0)
(-0.047615 0.0978205 0)
(-0.102917 0.370664 0)
(-0.152389 0.713639 0)
(-0.187228 1.05617 0)
(-0.182802 1.2823 0)
(-0.168764 1.4147 0)
(-0.137774 1.48514 0)
(-0.103535 1.51387 0)
(-0.0847659 1.52879 0)
(-0.0402641 1.61614 0)
(-0.0508659 1.84102 0)
(-0.0427991 2.47108 0)
(-0.052047 2.94162 0)
(-0.0507031 3.09324 0)
(-0.0497306 3.11028 0)
(-0.0460639 2.97303 0)
(-0.0393605 2.55846 0)
(-0.0232688 1.78979 0)
(-0.00226513 0.572722 0)
(-0.00768343 0.0465936 0)
(-0.0351987 0.236633 0)
(-0.078035 0.494616 0)
(-0.117501 0.800025 0)
(-0.146811 1.09105 0)
(-0.145945 1.28045 0)
(-0.139298 1.394 0)
(-0.116863 1.45679 0)
(-0.0898443 1.48495 0)
(-0.0766979 1.50441 0)
(-0.0373757 1.5997 0)
(-0.0497548 1.83821 0)
(-0.0436557 2.47777 0)
(-0.0518395 2.94251 0)
(-0.0500722 3.09068 0)
(-0.0481714 3.10452 0)
(-0.0434522 2.95467 0)
(-0.0358178 2.51973 0)
(-0.018872 1.72349 0)
(-0.000691741 0.532857 0)
(-0.00419562 0.109851 0)
(-0.022523 0.337134 0)
(-0.0540043 0.58742 0)
(-0.0839077 0.865638 0)
(-0.108136 1.12101 0)
(-0.110782 1.2841 0)
(-0.110593 1.38386 0)
(-0.096127 1.44014 0)
(-0.0756834 1.4668 0)
(-0.0676596 1.4874 0)
(-0.0332941 1.58718 0)
(-0.0454518 1.83629 0)
(-0.0419466 2.48103 0)
(-0.0507566 2.94243 0)
(-0.0474985 3.08765 0)
(-0.0452944 3.09945 0)
(-0.0403292 2.94186 0)
(-0.0321614 2.49137 0)
(-0.0149221 1.66943 0)
(0.000219404 0.505178 0)
(-0.00194499 0.148507 0)
(-0.0130158 0.408159 0)
(-0.0351364 0.659622 0)
(-0.0572341 0.920518 0)
(-0.0763808 1.15111 0)
(-0.0807184 1.29469 0)
(-0.0846271 1.38245 0)
(-0.0767435 1.43203 0)
(-0.0624934 1.4564 0)
(-0.0593232 1.47737 0)
(-0.0294025 1.58048 0)
(-0.0426235 1.83908 0)
(-0.0393637 2.48737 0)
(-0.0482869 2.94261 0)
(-0.0437509 3.08261 0)
(-0.0415347 3.09027 0)
(-0.0364231 2.92082 0)
(-0.0282698 2.45136 0)
(-0.0115274 1.61056 0)
(0.000719273 0.482251 0)
(-0.000669926 0.168635 0)
(-0.00662186 0.452335 0)
(-0.0213665 0.708443 0)
(-0.0375485 0.958054 0)
(-0.0524764 1.17242 0)
(-0.0571023 1.30337 0)
(-0.062596 1.38233 0)
(-0.0593112 1.42663 0)
(-0.0498086 1.44909 0)
(-0.0512018 1.47046 0)
(-0.0252489 1.57636 0)
(-0.0386916 1.84103 0)
(-0.0361424 2.49202 0)
(-0.0449802 2.94232 0)
(-0.0403764 3.07891 0)
(-0.0383345 3.08418 0)
(-0.0331974 2.90766 0)
(-0.0250971 2.42542 0)
(-0.00899594 1.56825 0)
(0.00088814 0.468438 0)
(-6.32102e-05 0.178079 0)
(-0.0027532 0.48002 0)
(-0.0121427 0.745309 0)
(-0.0240059 0.990324 0)
(-0.0357683 1.19363 0)
(-0.0402623 1.31548 0)
(-0.0460763 1.38679 0)
(-0.0454278 1.42528 0)
(-0.0388827 1.44422 0)
(-0.0435588 1.46524 0)
(-0.0220672 1.57435 0)
(-0.0357562 1.84691 0)
(-0.0331146 2.49814 0)
(-0.0413465 2.94191 0)
(-0.0367645 3.07359 0)
(-0.0349417 3.0747 0)
(-0.029887 2.88717 0)
(-0.0222395 2.38797 0)
(-0.00713453 1.51915 0)
(0.000866186 0.454648 0)
(0.000169266 0.18058 0)
(-0.000565857 0.493641 0)
(-0.00600198 0.767316 0)
(-0.0145528 1.01019 0)
(-0.0237784 1.20662 0)
(-0.0280195 1.32322 0)
(-0.0338433 1.38982 0)
(-0.0352087 1.42453 0)
(-0.0297821 1.44069 0)
(-0.0369739 1.46106 0)
(-0.0181954 1.572 0)
(-0.0329399 1.84944 0)
(-0.0307166 2.50199 0)
(-0.0385556 2.94118 0)
(-0.0339974 3.07004 0)
(-0.0323557 3.06901 0)
(-0.0274195 2.87539 0)
(-0.0199816 2.36613 0)
(-0.0057268 1.48822 0)
(0.000718585 0.447757 0)
(0.000231433 0.180378 0)
(0.000401408 0.501084 0)
(-0.00261901 0.784657 0)
(-0.0088489 1.02932 0)
(-0.0160683 1.22129 0)
(-0.0198281 1.33407 0)
(-0.0252794 1.39649 0)
(-0.0279595 1.42724 0)
(-0.0236589 1.44055 0)
(-0.0317249 1.45917 0)
(-0.0155007 1.57089 0)
(-0.0303453 1.85433 0)
(-0.0283371 2.5066 0)
(-0.0355035 2.94046 0)
(-0.0313414 3.06513 0)
(-0.0297514 3.0601 0)
(-0.024932 2.85625 0)
(-0.0180096 2.33187 0)
(-0.00492998 1.44722 0)
(0.000560054 0.43771 0)
(0.000237685 0.17871 0)
(0.000926589 0.502804 0)
(-0.000494684 0.793076 0)
(-0.00504148 1.03917 0)
(-0.0108806 1.22864 0)
(-0.0142856 1.33966 0)
(-0.0191693 1.40002 0)
(-0.023061 1.4287 0)
(-0.0191306 1.44027 0)
(-0.0283222 1.45796 0)
(-0.013472 1.57034 0)
(-0.0286829 1.85709 0)
(-0.0266276 2.50929 0)
(-0.0334954 2.93967 0)
(-0.029437 3.06253 0)
(-0.0280883 3.05546 0)
(-0.0235412 2.84635 0)
(-0.0166704 2.31391 0)
(-0.00414678 1.42507 0)
(0.000362869 0.433583 0)
(0.000237601 0.176558 0)
(0.000982861 0.502639 0)
(0.000357179 0.801226 0)
(-0.00309578 1.05159 0)
(-0.00787558 1.23951 0)
(-0.0110179 1.34879 0)
(-0.0151662 1.40657 0)
(-0.0193728 1.43247 0)
(-0.0158042 1.44201 0)
(-0.02499 1.45856 0)
(-0.0121493 1.57178 0)
(-0.0272908 1.86317 0)
(-0.0252866 2.51377 0)
(-0.0312592 2.93941 0)
(-0.0278111 3.0586 0)
(-0.0264721 3.04753 0)
(-0.0220708 2.82856 0)
(-0.0154979 2.28203 0)
(-0.00405814 1.3895 0)
(0.000244856 0.424949 0)
(0.000256707 0.174156 0)
(0.000933156 0.501271 0)
(0.000839549 0.803731 0)
(-0.00174295 1.05628 0)
(-0.00573679 1.24384 0)
(-0.00881 1.35263 0)
(-0.0124257 1.40923 0)
(-0.0171685 1.4339 0)
(-0.0136832 1.4425 0)
(-0.0236131 1.45892 0)
(-0.0117782 1.57302 0)
(-0.0266724 1.86655 0)
(-0.0245092 2.51605 0)
(-0.0303691 2.93912 0)
(-0.0268769 3.05717 0)
(-0.0257069 3.04403 0)
(-0.0216242 2.82015 0)
(-0.014946 2.26692 0)
(-0.00357104 1.37344 0)
(0.000142565 0.422064 0)
(3.58169e-05 0.172937 0)
(0.000317269 0.500921 0)
(9.28529e-05 0.809367 0)
(-0.0019938 1.06698 0)
(-0.00521604 1.25428 0)
(-0.00834245 1.36201 0)
(-0.0113342 1.41641 0)
(-0.0162655 1.43791 0)
(-0.0128141 1.44494 0)
(-0.02274 1.46069 0)
(-0.011972 1.57629 0)
(-0.0261913 1.87508 0)
(-0.0242459 2.52142 0)
(-0.0290869 2.93937 0)
(-0.026149 3.05346 0)
(-0.0249197 3.03521 0)
(-0.0209283 2.79905 0)
(-0.014678 2.22904 0)
(-0.0046122 1.33315 0)
(-0.000765674 0.409443 0)
(-0.232264 1.55341 1.26743e-22)
(0.391881 3.22592 1.37952e-20)
(0.089285 3.45913 6.51317e-20)
(0.195006 3.42977 0)
(0.152266 3.38552 0)
(0.145903 3.33974 -3.69135e-19)
(0.147746 3.31296 3.7453e-19)
(0.120831 3.27311 -4.00211e-19)
(0.1107 3.18297 7.41389e-21)
(0.0915195 2.56957 5.51113e-19)
(-0.105079 2.31082 1.12851e-23)
(0.128117 3.28185 1.64588e-19)
(0.00816866 3.43343 0)
(0.0941014 3.3874 0)
(0.0691261 3.34263 1.09392e-20)
(0.07405 3.30626 7.6517e-19)
(0.0707303 3.27737 -4.26726e-19)
(0.047759 3.24272 -7.16342e-21)
(0.0489936 3.08612 6.83031e-21)
(0.00063693 2.08868 0)
(-0.0281197 2.06514 1.73625e-19)
(0.0833497 3.13598 -1.84623e-19)
(0.0207744 3.34247 0)
(0.0691296 3.32293 3.52208e-19)
(0.048686 3.30233 -1.31978e-21)
(0.0495333 3.28148 -3.97961e-19)
(0.0444553 3.26616 -4.95195e-19)
(0.0290419 3.2466 -2.05942e-22)
(0.0402126 3.12042 7.04127e-21)
(-0.0169014 2.21266 0)
(-0.0412425 2.01161 -4.30677e-20)
(0.026487 3.11426 0)
(-0.0152907 3.30703 -1.86471e-19)
(0.0191607 3.30631 -1.52785e-19)
(0.0146203 3.28267 1.39503e-20)
(0.0205631 3.26121 -2.5843e-19)
(0.025801 3.24702 2.29659e-19)
(0.0207985 3.23392 -8.27857e-21)
(0.0415187 3.12622 1.08893e-20)
(0.00708772 2.25122 2.8463e-19)
(-0.0532202 2.02245 -1.43882e-19)
(0.0118008 3.08801 0)
(-0.00871291 3.2658 4.02879e-19)
(0.00941293 3.26166 -2.22615e-19)
(0.0131156 3.24804 -6.89763e-22)
(0.0158197 3.23802 -2.46788e-21)
(0.0210959 3.23315 -1.55829e-20)
(0.0215062 3.2247 -2.94383e-19)
(0.042707 3.12819 8.08194e-21)
(-0.00313591 2.31261 -5.96683e-19)
(-0.0500068 2.08189 0)
(-0.010944 3.08491 -2.22371e-19)
(-0.0290451 3.242 1.88735e-20)
(-0.0159573 3.2465 -1.54792e-20)
(-0.00639763 3.23201 1.58456e-20)
(0.00288343 3.21951 2.63024e-19)
(0.0150804 3.21179 2.7523e-19)
(0.0207578 3.2055 5.79672e-19)
(0.0426374 3.12416 3.21554e-19)
(0.0105295 2.35449 -1.67418e-20)
(-0.0513731 2.14063 0)
(-0.0203245 3.08141 2.30038e-19)
(-0.0195019 3.21354 -2.41583e-19)
(-0.0119904 3.21265 -1.67353e-20)
(-0.000706454 3.2025 3.46115e-20)
(0.00720424 3.19625 3.61929e-22)
(0.0166702 3.19519 -1.86236e-20)
(0.0217228 3.19131 -3.03308e-19)
(0.0422476 3.12186 -3.1252e-19)
(0.00383447 2.41996 -1.7321e-20)
(-0.04764 2.2273 2.66067e-19)
(-0.0288369 3.08513 -1.23615e-20)
(-0.0322999 3.1937 8.52856e-21)
(-0.023901 3.1952 0)
(-0.0136475 3.18542 0)
(-0.00136979 3.17758 0)
(0.0128913 3.17222 0)
(0.0205965 3.16931 3.39218e-19)
(0.0412153 3.1127 -3.49377e-19)
(0.0152754 2.46399 3.45325e-19)
(-0.0464639 2.30653 2.61959e-20)
(-0.0330664 3.08457 2.83969e-19)
(-0.0212182 3.16951 0)
(-0.0146668 3.16538 -1.91236e-20)
(-0.00403616 3.15772 1.9557e-20)
(0.00516097 3.15354 0)
(0.0151071 3.15384 -1.06107e-20)
(0.0206852 3.15297 -3.29225e-19)
(0.0401213 3.10936 3.51015e-19)
(0.0104179 2.53312 0)
(-0.0436855 2.40311 1.60524e-20)
(-0.0359143 3.0861 -4.35681e-19)
(-0.0300751 3.14968 0)
(-0.022544 3.14679 0)
(-0.0137278 3.13904 2.10087e-20)
(-0.00205461 3.13332 -1.7741e-19)
(0.0113447 3.12937 -2.21732e-20)
(0.0191431 3.12926 1.89176e-19)
(0.0386078 3.09616 0)
(0.019178 2.58108 0)
(-0.0400966 2.49076 -4.60901e-19)
(-0.0385684 3.08228 1.56187e-19)
(-0.0206225 3.12431 0)
(-0.0128394 3.1163 0)
(-0.00334243 3.10964 0)
(0.00549952 3.10687 3.65629e-19)
(0.0146028 3.10849 0)
(0.0201352 3.11075 -2.01835e-19)
(0.0378469 3.09051 1.24793e-20)
(0.0149544 2.65385 2.11536e-19)
(-0.0376807 2.58936 1.64547e-19)
(-0.0398379 3.07574 -1.60084e-20)
(-0.0296248 3.10129 1.91966e-19)
(-0.0210807 3.09498 1.86629e-19)
(-0.0124831 3.08833 0)
(-0.000735821 3.08392 -1.87993e-19)
(0.0122668 3.0816 0)
(0.0209748 3.08442 0)
(0.0385617 3.07214 0)
(0.022267 2.70642 -2.12518e-19)
(-0.0351461 2.67854 -1.74577e-19)
(-0.0429726 3.06241 1.80289e-19)
(-0.0235569 3.07218 -1.80962e-19)
(-0.013061 3.06222 -2.85447e-19)
(-0.00278887 3.05706 0)
(0.00706835 3.05573 2.55446e-20)
(0.0169477 3.05853 -1.30388e-20)
(0.0247667 3.06323 9.72961e-20)
(0.0417237 3.06163 1.20803e-19)
(0.0208636 2.78046 -1.24297e-19)
(-0.034343 2.77288 1.79122e-19)
(-0.0461126 3.04523 -1.7275e-19)
(-0.0329046 3.04585 1.23215e-20)
(-0.020927 3.04029 7.27344e-20)
(-0.0112331 3.03616 -1.04514e-19)
(0.000323452 3.03353 0)
(0.0136827 3.03223 1.1233e-19)
(0.0256223 3.03555 4.94985e-21)
(0.0446209 3.03658 -2.33891e-19)
(0.0286835 2.83262 -6.55242e-21)
(-0.0296106 2.85528 -5.12752e-20)
(-0.0442444 3.02155 1.25296e-20)
(-0.0231802 3.01779 -6.5041e-20)
(-0.0111633 3.01445 2.66222e-20)
(-0.0021973 3.01414 1.27347e-19)
(0.00627427 3.01343 -5.42103e-20)
(0.0146196 3.01412 -5.39205e-20)
(0.0233345 3.01712 -5.59474e-20)
(0.0418054 3.02184 1.20183e-19)
(0.0248534 2.90034 5.87111e-20)
(-0.0176186 2.94044 4.12175e-20)
(-0.0260009 3.0008 1.82231e-20)
(-0.0161364 3.00082 3.58389e-20)
(-0.00939858 3.00162 -7.34445e-20)
(-0.0041732 3.00264 2.48228e-20)
(0.000697312 3.00214 5.0462e-20)
(0.0053262 3.00067 -5.27097e-20)
(0.0107495 2.99901 -5.5018e-20)
(0.0217853 2.99713 7.4574e-21)
(0.0165197 2.94913 5.28877e-20)
)
;

boundaryField
{
    wall-4
    {
        type            noSlip;
    }
    pressure-outlet-7
    {
        type            zeroGradient;
    }
    velocity-inlet-6
    {
        type            fixedValue;
        value           uniform (0 3 0);
    }
    velocity-inlet-5
    {
        type            fixedValue;
        value           uniform (1 0 0);
    }
    frontAndBackPlanes
    {
        type            empty;
    }
}


// ************************************************************************* //
