/*--------------------------------*- C++ -*----------------------------------*\
| =========                 |                                                 |
| \\      /  F ield         | OpenFOAM: The Open Source CFD Toolbox           |
|  \\    /   O peration     | Version:  4.0                                   |
|   \\  /    A nd           | Web:      www.OpenFOAM.org                      |
|    \\/     M anipulation  |                                                 |
\*---------------------------------------------------------------------------*/
FoamFile
{
    version     2.0;
    format      ascii;
    class       volVectorField;
    location    "35";
    object      U;
}
// * * * * * * * * * * * * * * * * * * * * * * * * * * * * * * * * * * * * * //

dimensions      [0 1 -1 0 0 0 0];

internalField   nonuniform List<vector> 
2200
(
(0.878827 -0.0304145 0)
(1.00577 -0.0512833 0)
(1.00324 -0.0354103 0)
(1.00019 -0.0244558 0)
(0.999806 -0.0167004 0)
(1.00004 -0.0107956 0)
(1.00004 -0.00686529 0)
(1.00002 -0.00419938 0)
(0.999988 -0.00222574 0)
(1.00016 -0.000730423 0)
(1.00004 0.000940924 0)
(0.999924 0.00242013 0)
(0.999977 0.00440765 0)
(1.00011 0.00705496 0)
(1.00008 0.01088 0)
(0.999774 0.0166861 0)
(1.00016 0.0244379 0)
(1.00344 0.0351007 0)
(1.0059 0.0513451 0)
(0.878956 0.0303517 0)
(0.712019 -0.0327645 0)
(0.996633 -0.0630223 0)
(1.03334 -0.0561477 0)
(1.02492 -0.046386 0)
(1.01586 -0.036043 0)
(1.00964 -0.0263033 0)
(1.00597 -0.0181511 0)
(1.00377 -0.0115117 0)
(1.00257 -0.00611385 0)
(1.00202 -0.00159317 0)
(1.00204 0.00255354 0)
(1.00259 0.00709303 0)
(1.00377 0.0123479 0)
(1.00575 0.0188512 0)
(1.00941 0.0269038 0)
(1.01575 0.0367177 0)
(1.02486 0.0470999 0)
(1.03312 0.0573549 0)
(0.996634 0.0631528 0)
(0.711823 0.032953 0)
(0.535459 -0.0239032 0)
(0.969862 -0.0569798 0)
(1.05643 -0.0547895 0)
(1.05229 -0.0489032 0)
(1.03629 -0.0405686 0)
(1.02437 -0.0323249 0)
(1.01578 -0.0241037 0)
(1.01033 -0.0162632 0)
(1.00718 -0.00906328 0)
(1.00569 -0.00245572 0)
(1.00564 0.00386983 0)
(1.00705 0.010368 0)
(1.01008 0.0174059 0)
(1.01543 0.0250884 0)
(1.0241 0.0332908 0)
(1.03603 0.0412773 0)
(1.052 0.0494006 0)
(1.05635 0.0538741 0)
(0.96925 0.057543 0)
(0.534459 0.0239293 0)
(0.392128 -0.0136623 0)
(0.911624 -0.0464032 0)
(1.0574 -0.0470106 0)
(1.06943 -0.0443079 0)
(1.05492 -0.0382766 0)
(1.03935 -0.0316967 0)
(1.02743 -0.024833 0)
(1.01898 -0.0175722 0)
(1.0136 -0.0100883 0)
(1.0109 -0.00257036 0)
(1.01074 0.00484352 0)
(1.01325 0.0121756 0)
(1.01849 0.0193543 0)
(1.02697 0.0263823 0)
(1.03871 0.0328577 0)
(1.05424 0.0392452 0)
(1.06866 0.0453195 0)
(1.05589 0.0479773 0)
(0.910282 0.0468116 0)
(0.390346 0.0137356 0)
(0.307539 -0.00449795 0)
(0.846665 -0.0323782 0)
(1.04939 -0.0399153 0)
(1.07935 -0.0382441 0)
(1.068 -0.0336392 0)
(1.0516 -0.0281459 0)
(1.03835 -0.0228403 0)
(1.02817 -0.0168298 0)
(1.02117 -0.00998809 0)
(1.01744 -0.00242939 0)
(1.01725 0.00537237 0)
(1.02068 0.0127771 0)
(1.02747 0.0194549 0)
(1.03732 0.0251539 0)
(1.05044 0.030131 0)
(1.06675 0.0354129 0)
(1.07772 0.0397063 0)
(1.04735 0.0413564 0)
(0.843513 0.03284 0)
(0.304515 0.00467629 0)
(0.263997 8.37715e-05 0)
(0.788464 -0.0201392 0)
(1.03281 -0.0316272 0)
(1.08315 -0.0322767 0)
(1.07693 -0.0289872 0)
(1.0605 -0.0240836 0)
(1.04707 -0.0196344 0)
(1.03624 -0.0145655 0)
(1.02837 -0.00861462 0)
(1.02385 -0.00165764 0)
(1.02356 0.00567165 0)
(1.02759 0.0123375 0)
(1.03503 0.0178511 0)
(1.04557 0.0224334 0)
(1.05874 0.0265536 0)
(1.07508 0.03098 0)
(1.08098 0.0338144 0)
(1.03002 0.0329777 0)
(0.783834 0.0206217 0)
(0.259915 7.86504e-05 0)
(0.240018 0.00105393 0)
(0.737996 -0.0123261 0)
(1.0135 -0.025031 0)
(1.08395 -0.0268512 0)
(1.08279 -0.0245404 0)
(1.06755 -0.0203809 0)
(1.05402 -0.0164696 0)
(1.04323 -0.0121345 0)
(1.03517 -0.00699211 0)
(1.03034 -0.000883328 0)
(1.02991 0.0057018 0)
(1.03401 0.0115243 0)
(1.04142 0.0161968 0)
(1.05195 0.020151 0)
(1.06521 0.0235202 0)
(1.08 0.0272081 0)
(1.08046 0.0290447 0)
(1.00844 0.0266503 0)
(0.730675 0.012946 0)
(0.234555 -0.000888337 0)
(0.225604 0.000971964 0)
(0.694888 -0.00801643 0)
(0.992413 -0.0207285 0)
(1.08176 -0.0231856 0)
(1.08657 -0.0213982 0)
(1.07307 -0.0178945 0)
(1.05953 -0.0140848 0)
(1.04896 -0.0099126 0)
(1.04112 -0.00516654 0)
(1.03636 0.000299061 0)
(1.0358 0.00618656 0)
(1.03953 0.0112511 0)
(1.04666 0.0153782 0)
(1.05644 0.0188472 0)
(1.0697 0.0219508 0)
(1.08274 0.0248219 0)
(1.07702 0.0258768 0)
(0.985336 0.0227426 0)
(0.684934 0.00885546 0)
(0.218687 -0.000776202 0)
(0.216045 0.000609694 0)
(0.659481 -0.00569497 0)
(0.971909 -0.017689 0)
(1.07885 -0.020343 0)
(1.08959 -0.0189612 0)
(1.07761 -0.0160075 0)
(1.06412 -0.0125265 0)
(1.05367 -0.00852671 0)
(1.04598 -0.00390918 0)
(1.04133 0.00118616 0)
(1.04054 0.00648145 0)
(1.04379 0.0110715 0)
(1.05047 0.0149835 0)
(1.06034 0.0181544 0)
(1.07345 0.0211768 0)
(1.08447 0.0233421 0)
(1.07218 0.023972 0)
(0.961724 0.0201873 0)
(0.645684 0.00671845 0)
(0.207081 -0.0003921 0)
(0.208775 0.000279199 0)
(0.630828 -0.00419598 0)
(0.952858 -0.0150268 0)
(1.07542 -0.0180757 0)
(1.09244 -0.0169067 0)
(1.08201 -0.0142352 0)
(1.06847 -0.0108508 0)
(1.05786 -0.0069185 0)
(1.05006 -0.00235986 0)
(1.0453 0.00256706 0)
(1.04427 0.00740642 0)
(1.04721 0.0117751 0)
(1.05361 0.0153064 0)
(1.06324 0.01833 0)
(1.07603 0.0204374 0)
(1.0853 0.0222174 0)
(1.0659 0.0222176 0)
(0.938566 0.0179552 0)
(0.612742 0.00543277 0)
(0.197536 -2.00419e-05 0)
(0.203097 0.000101327 0)
(0.607916 -0.00296222 0)
(0.934841 -0.012254 0)
(1.07205 -0.0152921 0)
(1.09518 -0.0144073 0)
(1.0861 -0.0119767 0)
(1.07261 -0.00883725 0)
(1.06198 -0.00511369 0)
(1.05402 -0.000820305 0)
(1.04889 0.00379617 0)
(1.04755 0.0081667 0)
(1.05033 0.0121218 0)
(1.05662 0.0153563 0)
(1.06595 0.017798 0)
(1.07869 0.0199884 0)
(1.08605 0.0211394 0)
(1.0599 0.0208582 0)
(0.91641 0.0159127 0)
(0.584652 0.00453486 0)
(0.188935 0.000226161 0)
(0.198917 5.47248e-05 0)
(0.590515 -0.00197223 0)
(0.919748 -0.0095184 0)
(1.0687 -0.0127364 0)
(1.09796 -0.0118473 0)
(1.09022 -0.00952809 0)
(1.0767 -0.00647135 0)
(1.06585 -0.00299432 0)
(1.05764 0.00103751 0)
(1.05224 0.00539614 0)
(1.0506 0.00956006 0)
(1.05299 0.0129778 0)
(1.05891 0.0156899 0)
(1.06816 0.0177798 0)
(1.08035 0.0192215 0)
(1.08603 0.0201686 0)
(1.0519 0.0192586 0)
(0.894413 0.0139709 0)
(0.56068 0.00387551 0)
(0.181217 0.000366664 0)
(0.195974 1.5505e-05 0)
(0.577361 -0.00119531 0)
(0.906093 -0.00739173 0)
(1.06604 -0.010175 0)
(1.10109 -0.00917484 0)
(1.09465 -0.00675754 0)
(1.08096 -0.00380621 0)
(1.06957 -0.000575311 0)
(1.06066 0.00307507 0)
(1.05447 0.00717797 0)
(1.05215 0.0112696 0)
(1.05444 0.0143283 0)
(1.06054 0.0162451 0)
(1.06989 0.0176009 0)
(1.08226 0.0187629 0)
(1.08573 0.0194095 0)
(1.04467 0.0183206 0)
(0.874323 0.0126283 0)
(0.539895 0.00353358 0)
(0.173984 0.000474973 0)
(0.194188 1.07643e-05 0)
(0.567915 -0.000541056 0)
(0.8951 -0.00493542 0)
(1.06368 -0.0075506 0)
(1.10458 -0.00652928 0)
(1.09938 -0.003931 0)
(1.08548 -0.00065379 0)
(1.07363 0.00253852 0)
(1.06421 0.00604357 0)
(1.05764 0.0097942 0)
(1.05508 0.0133001 0)
(1.057 0.0155785 0)
(1.06272 0.0169734 0)
(1.07207 0.0178767 0)
(1.08372 0.0189423 0)
(1.08467 0.0191069 0)
(1.0351 0.0174029 0)
(0.853615 0.0114799 0)
(0.521124 0.00334834 0)
(0.166962 0.000558945 0)
(0.194037 -0.000125426 0)
(0.562682 0.000479377 0)
(0.887631 -0.00243186 0)
(1.06226 -0.00437164 0)
(1.10784 -0.00328851 0)
(1.10424 -0.000799454 0)
(1.09042 0.00226901 0)
(1.07839 0.00556632 0)
(1.06872 0.00905443 0)
(1.06149 0.0125205 0)
(1.05784 0.0153718 0)
(1.05885 0.0172694 0)
(1.06422 0.0182973 0)
(1.07343 0.0188555 0)
(1.08366 0.019268 0)
(1.08291 0.0187026 0)
(1.02684 0.016636 0)
(0.835681 0.0104588 0)
(0.505106 0.00311153 0)
(0.160323 0.0005769 0)
(0.195194 7.15622e-05 0)
(0.562444 0.00133928 0)
(0.881433 5.68857e-05 0)
(1.06151 -0.0013048 0)
(1.11149 -2.74165e-05 0)
(1.10873 0.00241318 0)
(1.09484 0.0055658 0)
(1.08259 0.00896009 0)
(1.0727 0.0126198 0)
(1.06517 0.0161838 0)
(1.06111 0.0187358 0)
(1.06099 0.0201277 0)
(1.0649 0.0205429 0)
(1.07331 0.0206473 0)
(1.0829 0.0199423 0)
(1.07913 0.0188682 0)
(1.01467 0.0159365 0)
(0.815527 0.00947037 0)
(0.489524 0.00296373 0)
(0.15376 0.000579664 0)
(0.19864 0.000549052 0)
(0.564481 0.00196287 0)
(0.880596 0.00285066 0)
(1.06204 0.00236475 0)
(1.11445 0.00400754 0)
(1.11276 0.00639973 0)
(1.09886 0.00935111 0)
(1.086 0.0128912 0)
(1.07525 0.0166897 0)
(1.06642 0.0202641 0)
(1.0608 0.0225443 0)
(1.05994 0.0235542 0)
(1.06417 0.0233535 0)
(1.07235 0.0223341 0)
(1.0811 0.0209383 0)
(1.07484 0.0192796 0)
(1.00468 0.0157538 0)
(0.799469 0.00908349 0)
(0.476453 0.00302448 0)
(0.147683 0.000590113 0)
(0.203772 0.000686799 0)
(0.570075 0.00309114 0)
(0.883256 0.00546595 0)
(1.06406 0.0061245 0)
(1.11864 0.00843599 0)
(1.11739 0.0111372 0)
(1.10306 0.0145179 0)
(1.08952 0.0183043 0)
(1.0777 0.0220067 0)
(1.06769 0.0254242 0)
(1.06145 0.0272814 0)
(1.05969 0.0275346 0)
(1.06225 0.0263908 0)
(1.06961 0.0249336 0)
(1.07734 0.0228671 0)
(1.06767 0.0203721 0)
(0.990109 0.0158945 0)
(0.779355 0.00901611 0)
(0.461421 0.00327157 0)
(0.140825 0.000628607 0)
(0.212207 0.000854964 0)
(0.582852 0.00446154 0)
(0.890968 0.00851446 0)
(1.06879 0.0108751 0)
(1.12307 0.0135117 0)
(1.12268 0.0166787 0)
(1.10841 0.0206604 0)
(1.09441 0.0247106 0)
(1.08159 0.0287959 0)
(1.06985 0.0320152 0)
(1.06136 0.0331909 0)
(1.05809 0.032304 0)
(1.06043 0.0303602 0)
(1.06712 0.0277351 0)
(1.07308 0.0249599 0)
(1.06102 0.0214042 0)
(0.978609 0.0165592 0)
(0.764499 0.00961957 0)
(0.448645 0.00368255 0)
(0.13416 0.000652794 0)
(0.221646 0.00110167 0)
(0.597276 0.00534052 0)
(0.902158 0.0110975 0)
(1.07633 0.0149166 0)
(1.12988 0.0186275 0)
(1.12965 0.0228842 0)
(1.11481 0.027405 0)
(1.09998 0.0322882 0)
(1.08605 0.0366438 0)
(1.07279 0.0396503 0)
(1.06261 0.040273 0)
(1.05753 0.0387637 0)
(1.0573 0.0357042 0)
(1.06247 0.0321642 0)
(1.06705 0.0287076 0)
(1.05117 0.0242755 0)
(0.961447 0.0184044 0)
(0.74256 0.010894 0)
(0.430697 0.00433065 0)
(0.12558 0.000723601 0)
(0.235262 0.00149742 0)
(0.619073 0.00710984 0)
(0.920011 0.0148159 0)
(1.08735 0.0204491 0)
(1.13808 0.0251669 0)
(1.13749 0.0300457 0)
(1.12162 0.0358103 0)
(1.1053 0.041199 0)
(1.08936 0.0462179 0)
(1.07377 0.049594 0)
(1.06114 0.0498967 0)
(1.05436 0.0467815 0)
(1.05388 0.0425686 0)
(1.05823 0.0378288 0)
(1.06057 0.0331069 0)
(1.04154 0.0277292 0)
(0.947156 0.0211295 0)
(0.725456 0.0129985 0)
(0.414132 0.00519042 0)
(0.116799 0.000814136 0)
(0.251499 0.00204351 0)
(0.64418 0.00873297 0)
(0.941581 0.0185554 0)
(1.10165 0.0261234 0)
(1.14865 0.032287 0)
(1.14707 0.0394865 0)
(1.12937 0.0460014 0)
(1.111 0.0525836 0)
(1.09261 0.0580149 0)
(1.07436 0.0609533 0)
(1.0588 0.0599977 0)
(1.04971 0.0562314 0)
(1.04671 0.0509773 0)
(1.04974 0.0450565 0)
(1.05128 0.0400006 0)
(1.02831 0.0333538 0)
(0.925482 0.025203 0)
(0.696997 0.0155 0)
(0.388782 0.00612788 0)
(0.104823 0.00093888 0)
(0.274167 0.00284692 0)
(0.678556 0.012458 0)
(0.969963 0.0247728 0)
(1.12041 0.0346171 0)
(1.16253 0.0427143 0)
(1.15868 0.0507164 0)
(1.13867 0.059071 0)
(1.11758 0.0665841 0)
(1.09602 0.0724964 0)
(1.07442 0.0755216 0)
(1.05615 0.0740562 0)
(1.04523 0.0687533 0)
(1.04163 0.0617109 0)
(1.04336 0.0540804 0)
(1.04148 0.0473094 0)
(1.01386 0.038949 0)
(0.904788 0.0295296 0)
(0.672815 0.0182548 0)
(0.365258 0.00715801 0)
(0.0928666 0.000994198 0)
(0.305239 0.00373328 0)
(0.723503 0.0152787 0)
(1.00713 0.0320805 0)
(1.14465 0.0450038 0)
(1.17973 0.0546513 0)
(1.17305 0.0661212 0)
(1.1495 0.0756525 0)
(1.12518 0.0842682 0)
(1.10025 0.0903624 0)
(1.07497 0.0925091 0)
(1.05247 0.0890211 0)
(1.03752 0.0817994 0)
(1.03076 0.0737874 0)
(1.03075 0.0651199 0)
(1.02827 0.057055 0)
(0.994907 0.0471448 0)
(0.875125 0.0350356 0)
(0.633726 0.0213999 0)
(0.329719 0.0080111 0)
(0.0770132 0.00103065 0)
(0.341143 0.00725243 0)
(0.779728 0.0245142 0)
(1.05199 0.0445294 0)
(1.17403 0.0607855 0)
(1.20117 0.0737897 0)
(1.18918 0.0865327 0)
(1.16141 0.0974005 0)
(1.1329 0.106341 0)
(1.10351 0.11204 0)
(1.07383 0.113239 0)
(1.04815 0.108606 0)
(1.03199 0.100376 0)
(1.02445 0.0900495 0)
(1.02222 0.0789748 0)
(1.01329 0.0680981 0)
(0.971765 0.0553613 0)
(0.843302 0.0409971 0)
(0.59838 0.0248336 0)
(0.297851 0.00927958 0)
(0.0624205 0.000960599 0)
(0.422234 0.0109853 0)
(0.86407 0.0353084 0)
(1.11222 0.0648739 0)
(1.21027 0.0857779 0)
(1.22553 0.0992881 9.76655e-34)
(1.20698 0.115224 -4.28331e-34)
(1.17344 0.126081 0)
(1.14009 0.13436 0)
(1.10605 0.138574 0)
(1.07186 0.13744 0)
(1.04168 0.129637 0)
(1.02033 0.117654 0)
(1.00822 0.105242 0)
(1.0029 0.0929435 0)
(0.993146 0.0805829 0)
(0.944106 0.0658531 0)
(0.802235 0.0478422 0)
(0.544699 0.028789 0)
(0.248667 0.00938867 0)
(0.0423809 0.0007386 0)
(0.491909 0.0261413 7.99633e-20)
(0.961611 0.0590409 -6.01189e-20)
(1.1765 0.0980054 0)
(1.24703 0.12183 4.39372e-20)
(1.25166 0.138047 -3.56078e-20)
(1.22376 0.154089 4.51918e-34)
(1.1844 0.163298 0)
(1.14581 0.169702 2.27077e-20)
(1.10633 0.171811 -7.36876e-20)
(1.06656 0.168125 1.485e-20)
(1.03204 0.158001 0)
(1.00951 0.144675 -3.59985e-20)
(0.997275 0.130649 -4.26501e-20)
(0.98891 0.115195 7.44396e-20)
(0.96568 0.0982521 -5.86019e-20)
(0.899902 0.078627 0)
(0.741932 0.0567937 -2.10258e-20)
(0.475225 0.0321612 0)
(0.19481 0.0110769 -1.15822e-19)
(0.0244979 0.000993045 1.36774e-19)
(0.525421 0.0539229 -1.01047e-20)
(1.02003 0.102512 1.98695e-19)
(1.22213 0.148043 -1.67372e-20)
(1.27838 0.169246 -1.20871e-19)
(1.27426 0.186332 -7.56348e-20)
(1.23836 0.20035 1.22466e-19)
(1.19362 0.207366 0)
(1.14966 0.211666 0)
(1.10467 0.211404 1.17728e-19)
(1.05973 0.2049 0)
(1.02006 0.191321 1.31736e-19)
(0.989997 0.174439 3.86236e-20)
(0.967341 0.15603 3.5599e-22)
(0.948024 0.138142 -8.11784e-20)
(0.925058 0.121184 0)
(0.857353 0.101494 0)
(0.694203 0.0736342 -3.43675e-19)
(0.433735 0.0441086 8.60557e-19)
(0.178555 0.0151365 -5.10487e-19)
(0.0190111 0.00243057 -6.02782e-19)
(0.531632 0.0766586 -1.4558e-19)
(1.05469 0.159009 5.16105e-20)
(1.2564 0.20926 2.42779e-20)
(1.30326 0.228587 2.13217e-19)
(1.29165 0.243356 1.41336e-20)
(1.24956 0.252921 -3.22451e-19)
(1.19999 0.256305 1.07239e-19)
(1.15069 0.257639 0)
(1.10014 0.25435 -2.50088e-19)
(1.04896 0.24461 2.14465e-19)
(1.00327 0.22863 -3.54936e-19)
(0.968991 0.208857 1.65138e-19)
(0.94618 0.190299 -1.04274e-19)
(0.929471 0.173349 2.36138e-19)
(0.895399 0.153263 0)
(0.82031 0.128262 -8.53721e-20)
(0.663216 0.0960437 0)
(0.422802 0.0563144 4.73193e-19)
(0.179811 0.0243308 -1.12384e-18)
(0.0244516 0.00284202 7.03886e-19)
(0.522913 0.108329 5.01603e-19)
(1.06931 0.215401 -2.11249e-19)
(1.27542 0.273938 -4.08469e-20)
(1.31937 0.292379 0)
(1.30274 0.304776 -1.53166e-19)
(1.25621 0.309572 1.87063e-19)
(1.20247 0.308661 -1.14737e-19)
(1.1484 0.306237 0)
(1.09301 0.298913 1.7796e-19)
(1.03747 0.285107 -1.51311e-19)
(0.987552 0.264621 3.0703e-19)
(0.948137 0.242253 0)
(0.918012 0.222278 -2.21939e-19)
(0.888971 0.200798 1.25805e-19)
(0.859036 0.180332 3.127e-19)
(0.792226 0.157857 -2.75042e-19)
(0.648337 0.122394 4.39274e-19)
(0.424123 0.0771457 -9.7215e-19)
(0.195355 0.0356982 6.13981e-19)
(0.0350315 0.0064085 -7.68348e-19)
(0.510317 0.13262 -2.36635e-19)
(1.07627 0.270412 1.72413e-19)
(1.28551 0.340554 -1.33034e-19)
(1.3275 0.357885 2.35464e-19)
(1.3073 0.367728 -2.04647e-19)
(1.25795 0.367878 6.22766e-20)
(1.20122 0.36285 3.65103e-21)
(1.14332 0.356454 -2.1337e-19)
(1.08391 0.345233 -1.87768e-19)
(1.02303 0.32738 -3.24878e-19)
(0.966549 0.30388 -6.59411e-19)
(0.923782 0.279369 -1.99322e-19)
(0.893071 0.256272 2.45516e-21)
(0.870268 0.236541 -4.2502e-19)
(0.833026 0.21635 -6.33569e-21)
(0.763723 0.187919 3.98497e-19)
(0.628059 0.148714 -1.20033e-19)
(0.422557 0.0977772 -7.00572e-20)
(0.208057 0.0488374 0)
(0.0443557 0.0106357 1.62489e-18)
(0.491918 0.153117 0)
(1.06807 0.319441 -3.86697e-20)
(1.28651 0.403498 -3.76526e-20)
(1.32904 0.421616 -1.25333e-20)
(1.30647 0.430041 2.08771e-19)
(1.25522 0.426161 -1.39837e-19)
(1.19612 0.417217 1.27443e-19)
(1.13523 0.406861 3.47686e-19)
(1.07209 0.391109 -1.03322e-19)
(1.00735 0.368939 1.64282e-19)
(0.948818 0.341463 3.5405e-19)
(0.902849 0.313505 4.32565e-19)
(0.866834 0.28971 -2.57518e-19)
(0.832691 0.266062 4.58429e-19)
(0.802942 0.245045 -3.61636e-19)
(0.744351 0.220009 0)
(0.621522 0.177194 -9.08123e-19)
(0.42875 0.121274 1.22271e-18)
(0.220783 0.0634905 9.11549e-20)
(0.0522491 0.015343 -1.70766e-18)
(0.478003 0.17369 -5.16757e-21)
(1.06012 0.368224 2.27074e-19)
(1.28319 0.464495 2.80287e-19)
(1.32579 0.483127 -2.86599e-19)
(1.30121 0.490264 1.59642e-19)
(1.24865 0.48294 -1.41644e-19)
(1.18798 0.47075 2.5997e-19)
(1.12474 0.456776 -1.107e-19)
(1.0588 0.437378 -4.23538e-19)
(0.990832 0.411893 1.79218e-22)
(0.92797 0.379595 -3.82697e-19)
(0.878364 0.349006 -4.63715e-19)
(0.842902 0.322013 2.81935e-19)
(0.818381 0.301154 -1.6439e-19)
(0.781766 0.278812 3.90814e-19)
(0.720014 0.247302 0)
(0.604425 0.203606 -5.60506e-19)
(0.427236 0.142708 8.27594e-19)
(0.228405 0.0772362 1.5698e-18)
(0.0575416 0.0197476 -1.84723e-18)
(0.46328 0.191098 3.30467e-19)
(1.04645 0.412313 -1.77196e-19)
(1.27571 0.521826 -2.40933e-19)
(1.31907 0.541904 3.03329e-19)
(1.29286 0.548291 1.15231e-20)
(1.23927 0.537885 -2.8858e-19)
(1.17728 0.522642 -1.45958e-19)
(1.11221 0.505247 -1.32742e-19)
(1.04399 0.482017 -2.34739e-19)
(0.972617 0.451189 3.75826e-19)
(0.907226 0.415652 3.9239e-19)
(0.857444 0.382784 7.37616e-19)
(0.820058 0.354937 0)
(0.784063 0.328066 5.93173e-21)
(0.754534 0.303776 -1.0656e-18)
(0.703153 0.278775 2.48045e-19)
(0.595959 0.230471 1.20566e-18)
(0.425819 0.164923 -3.55375e-19)
(0.23102 0.0899723 7.42194e-19)
(0.0600962 0.0233366 -6.20458e-20)
(0.454372 0.209981 5.94736e-21)
(1.03539 0.455845 -1.27211e-19)
(1.26628 0.576721 -1.59065e-19)
(1.30974 0.597889 4.40929e-19)
(1.28203 0.603389 -4.3446e-19)
(1.22768 0.590304 2.96798e-19)
(1.16461 0.572588 1.5281e-19)
(1.09798 0.552287 4.06217e-19)
(1.02728 0.525897 4.80872e-19)
(0.953382 0.493104 -4.23789e-19)
(0.886241 0.455467 0)
(0.83348 0.41644 -2.74484e-19)
(0.79405 0.385787 3.15132e-19)
(0.769946 0.360349 3.89935e-19)
(0.734408 0.336584 -2.25709e-19)
(0.67806 0.302061 -5.472e-19)
(0.575359 0.254702 -1.632e-19)
(0.415466 0.18229 -1.36872e-21)
(0.225518 0.100099 0)
(0.059319 0.0252839 0)
(0.446071 0.225723 9.65693e-20)
(1.02267 0.495806 0)
(1.25507 0.628061 -1.54373e-19)
(1.29855 0.65103 5.00061e-20)
(1.2696 0.655931 4.74085e-19)
(1.21465 0.640382 -1.24579e-19)
(1.15089 0.620321 1.57724e-19)
(1.08325 0.597312 -2.79814e-19)
(1.01163 0.567839 3.69839e-19)
(0.937063 0.530681 -1.3167e-19)
(0.866667 0.485559 2.23877e-19)
(0.812275 0.446678 8.71775e-19)
(0.773712 0.413603 1.37312e-20)
(0.73515 0.385042 -4.08537e-19)
(0.707872 0.357752 7.47686e-19)
(0.660873 0.329705 4.40509e-21)
(0.564063 0.275343 1.74602e-19)
(0.406379 0.198839 -8.32674e-19)
(0.217913 0.106695 8.51166e-19)
(0.0562947 0.0268402 -1.00972e-18)
(0.44002 0.244727 3.7423e-23)
(1.01153 0.534637 0)
(1.24306 0.676826 0)
(1.28605 0.701297 -6.82781e-20)
(1.25603 0.705335 -1.58405e-19)
(1.20065 0.687579 1.53745e-19)
(1.13625 0.665613 -3.11723e-19)
(1.06753 0.640233 0)
(0.993591 0.608154 -5.39952e-19)
(0.913879 0.568513 6.10976e-19)
(0.840569 0.523522 6.26674e-19)
(0.786029 0.47966 -3.18107e-19)
(0.746256 0.442215 -3.79742e-19)
(0.722434 0.413603 8.87767e-19)
(0.68788 0.386349 -2.65643e-19)
(0.635963 0.346704 -3.16405e-19)
(0.541571 0.293797 -1.89215e-19)
(0.39139 0.210073 -8.96353e-19)
(0.207936 0.110984 1.29636e-19)
(0.0520332 0.0273203 1.08806e-18)
(0.436488 0.263182 2.71707e-20)
(1.00065 0.570922 5.8955e-20)
(1.23028 0.722485 2.33909e-20)
(1.27278 0.748862 -8.63842e-23)
(1.24191 0.75224 -1.09661e-19)
(1.18615 0.732412 2.92383e-19)
(1.1212 0.708614 0)
(1.05145 0.681211 1.65262e-19)
(0.976286 0.647001 -1.30312e-19)
(0.897524 0.604441 1.02327e-18)
(0.82547 0.554305 -1.41531e-19)
(0.766699 0.507305 1.60013e-19)
(0.723563 0.469456 0)
(0.687109 0.434011 -4.79289e-19)
(0.660378 0.402123 5.75997e-19)
(0.617439 0.37055 0)
(0.526666 0.307803 -4.08172e-19)
(0.375214 0.220099 1.19973e-18)
(0.196074 0.113148 1.41153e-19)
(0.0469183 0.0269214 -1.33782e-18)
(0.434567 0.28001 4.16949e-20)
(0.990959 0.605728 -5.27654e-20)
(1.21742 0.765469 0)
(1.25915 0.793417 -1.36184e-19)
(1.22746 0.796101 0)
(1.17132 0.774527 -3.37635e-19)
(1.10582 0.749224 0)
(1.03539 0.719987 0)
(0.959066 0.683806 -1.60959e-19)
(0.876717 0.639314 -9.68802e-19)
(0.796696 0.587751 -1.15476e-18)
(0.736448 0.536433 1.83304e-19)
(0.697465 0.491564 6.54386e-19)
(0.671973 0.458084 5.24584e-19)
(0.640424 0.426663 -1.84832e-18)
(0.591139 0.380777 -7.40128e-19)
(0.501347 0.320953 4.33223e-19)
(0.35615 0.224689 0)
(0.183268 0.113457 1.2148e-18)
(0.0416511 0.025571 -1.44003e-18)
(0.433264 0.295718 -3.07918e-20)
(0.981434 0.63833 4.49023e-20)
(1.20454 0.805704 0)
(1.24535 0.835499 -1.05884e-20)
(1.21295 0.837664 6.46662e-20)
(1.15654 0.814411 0)
(1.09072 0.787633 9.51011e-20)
(1.01959 0.756803 1.07369e-19)
(0.941905 0.71905 -3.14631e-19)
(0.857912 0.67264 1.33376e-19)
(0.779252 0.616413 0)
(0.719226 0.562334 7.63626e-19)
(0.672599 0.517818 4.55871e-21)
(0.636038 0.47554 2.82557e-19)
(0.611174 0.436664 3.34478e-19)
(0.570929 0.400196 0)
(0.484154 0.327862 -7.09062e-19)
(0.337631 0.228657 1.39204e-18)
(0.16993 0.111975 -1.47368e-18)
(0.0365692 0.0238255 3.09949e-18)
(0.432239 0.310793 0)
(0.972754 0.669707 0)
(1.19202 0.843416 3.88563e-20)
(1.23173 0.874698 0)
(1.19866 0.876356 0)
(1.14199 0.851793 -3.37564e-19)
(1.07578 0.823837 9.90392e-20)
(1.00393 0.791602 1.74109e-20)
(0.924825 0.752305 -7.5737e-20)
(0.838347 0.704311 0)
(0.754922 0.648114 -1.72843e-19)
(0.687845 0.591296 -6.20739e-19)
(0.644369 0.538598 -7.39891e-19)
(0.619418 0.496215 -2.94949e-19)
(0.589389 0.458215 3.62236e-19)
(0.543376 0.402923 -8.53798e-19)
(0.456941 0.335581 1.52487e-18)
(0.316299 0.227333 4.15394e-21)
(0.156632 0.108952 -1.41427e-18)
(0.0320051 0.0218382 -2.0899e-19)
(0.431264 0.325524 0)
(0.964401 0.699375 2.62052e-20)
(1.17979 0.87884 -3.11289e-20)
(1.2183 0.911759 0)
(1.18461 0.913011 0)
(1.12774 0.887126 7.0489e-19)
(1.06128 0.858007 0)
(0.988769 0.824512 0)
(0.908577 0.784287 -6.97247e-19)
(0.820825 0.735314 1.74596e-19)
(0.735559 0.675239 -1.55897e-18)
(0.668529 0.614721 0)
(0.62004 0.562719 -7.98715e-19)
(0.580413 0.511807 1.10489e-20)
(0.556426 0.46131 -1.16207e-18)
(0.520444 0.416718 4.59304e-19)
(0.439238 0.333427 2.527e-21)
(0.299771 0.225417 -1.60741e-18)
(0.145315 0.104933 7.61977e-19)
(0.0279789 0.0199557 2.23748e-19)
(0.430373 0.339868 0)
(0.956773 0.727821 -8.1612e-21)
(1.16801 0.912014 -3.40141e-20)
(1.20526 0.946119 -1.78476e-19)
(1.17101 0.946957 -8.83203e-20)
(1.11399 0.920149 8.48471e-20)
(1.04728 0.890213 -8.24539e-20)
(0.974257 0.855698 7.58036e-19)
(0.89292 0.814399 7.45857e-19)
(0.802845 0.764255 1.36908e-18)
(0.714408 0.704959 1.29577e-18)
(0.641462 0.644677 2.23294e-19)
(0.589129 0.583345 1.1475e-18)
(0.561022 0.529582 6.99773e-19)
(0.532018 0.480003 8.33481e-19)
(0.49069 0.409545 -5.01851e-19)
(0.410859 0.332093 -5.87872e-19)
(0.280169 0.214234 6.88257e-19)
(0.135413 0.0998253 -4.07712e-19)
(0.0278824 0.023004 7.23596e-19)
(0.429514 0.35375 3.66101e-20)
(0.949423 0.754595 7.25042e-21)
(1.15655 0.94325 -1.38162e-20)
(1.19256 0.978664 1.63036e-20)
(1.15782 0.979121 2.51384e-19)
(1.10068 0.951296 -1.99637e-19)
(1.03387 0.920488 8.44214e-20)
(0.960403 0.885111 -2.09685e-20)
(0.878176 0.843224 -8.74944e-19)
(0.786452 0.792822 -1.4798e-18)
(0.694325 0.731806 9.19336e-20)
(0.618682 0.665923 0)
(0.564485 0.606871 0)
(0.51832 0.545835 -3.65994e-19)
(0.492309 0.477151 -1.35693e-18)
(0.461302 0.415601 1.08029e-18)
(0.395381 0.309716 6.42295e-19)
(0.282547 0.195659 0)
(0.145336 0.0770706 1.30046e-18)
(0.0217032 -0.000705901 -7.74311e-19)
(0.428728 0.366984 -1.8131e-20)
(0.942584 0.780043 1.89455e-20)
(1.14554 0.972415 1.6059e-20)
(1.18033 1.00868 6.83966e-20)
(1.14514 1.00873 7.37107e-20)
(1.08798 0.980257 -5.752e-20)
(1.0211 0.948984 0)
(0.947293 0.91289 -9.60214e-19)
(0.864082 0.870389 1.07251e-19)
(0.770795 0.819426 0)
(0.677811 0.759269 0)
(0.597525 0.696535 1.38641e-19)
(0.532323 0.62977 1.81095e-19)
(0.495719 0.562398 -3.9386e-19)
(0.461873 0.496758 9.73273e-19)
(0.421929 0.396915 -1.17335e-18)
(0.356687 0.292404 -1.3733e-18)
(0.275005 0.17129 1.21357e-18)
(0.188634 0.107846 -4.64452e-19)
(0.11478 0.0839751 2.71472e-19)
(0.427811 0.379422 4.07369e-20)
(0.935875 0.803843 0)
(1.13486 0.999865 0)
(1.16851 1.03717 3.16514e-20)
(1.13295 1.03683 -2.56237e-20)
(1.07577 1.00753 -2.09728e-20)
(1.00892 0.975613 3.49831e-19)
(0.93491 0.939071 1.02046e-18)
(0.851132 0.896192 1.60872e-18)
(0.756348 0.845361 -1.09307e-19)
(0.657382 0.78474 2.2031e-19)
(0.570712 0.717766 -1.25505e-18)
(0.508543 0.653807 -1.2213e-18)
(0.448685 0.583889 -2.10654e-19)
(0.408628 0.491195 0)
(0.37544 0.404487 -1.02458e-20)
(0.323907 0.231552 7.48946e-19)
(0.281821 0.0710258 -1.27539e-18)
(0.241713 -0.0645774 9.74609e-19)
(0.080577 -0.0951089 8.18058e-19)
(0.426859 0.391349 -9.63544e-20)
(0.929487 0.826414 -5.07277e-20)
(1.12454 1.02553 6.78043e-21)
(1.15707 1.06351 -5.20597e-21)
(1.12114 1.06283 0)
(1.064 1.03313 -3.74646e-19)
(0.997192 1.00109 -4.7893e-19)
(0.922956 0.964195 2.05922e-20)
(0.838353 0.921297 -8.49778e-19)
(0.741996 0.870512 -1.07579e-19)
(0.643803 0.81071 9.99209e-20)
(0.557527 0.7496 1.10075e-18)
(0.475713 0.681562 1.19241e-18)
(0.423102 0.603052 2.0449e-19)
(0.37286 0.523198 1.03001e-18)
(0.304652 0.382385 0)
(0.192191 0.219727 0)
(0.0211984 0.236628 8.728e-19)
(-0.0745673 0.628805 -3.21522e-20)
(0.00395335 1.52391 -1.04826e-18)
(0.425712 0.402626 5.65372e-20)
(0.923229 0.847673 1.05618e-19)
(1.11449 1.04996 -7.10692e-20)
(1.14595 1.08899 -4.53456e-20)
(1.10967 1.08813 4.33738e-20)
(1.05251 1.05794 -3.81459e-19)
(0.985691 1.02561 0)
(0.9113 0.988825 -8.73248e-19)
(0.82628 0.946134 0)
(0.728499 0.895851 1.57826e-18)
(0.623634 0.837228 -1.16018e-19)
(0.524706 0.773973 1.30087e-19)
(0.452172 0.710636 1.35983e-18)
(0.369735 0.641936 -4.37155e-19)
(0.281571 0.529693 -5.23218e-19)
(0.207085 0.441994 0)
(0.0987416 0.542095 0)
(0.0303923 1.29467 0)
(0.0747769 2.44771 -4.98026e-19)
(0.10376 2.90318 -3.03752e-19)
(0.424415 0.413349 0)
(0.917256 0.867744 0)
(1.10483 1.0728 3.16564e-20)
(1.13524 1.1125 4.70341e-20)
(1.0986 1.11154 -1.14671e-19)
(1.04147 1.0813 3.62868e-19)
(0.974709 1.0493 5.9252e-20)
(0.900107 1.01261 -4.6133e-20)
(0.814304 0.970634 1.16924e-19)
(0.71496 0.921692 -1.81245e-18)
(0.610831 0.865153 2.16006e-19)
(0.518396 0.808525 1.09949e-18)
(0.419872 0.748168 -1.35858e-18)
(0.343695 0.665375 -1.4579e-18)
(0.271036 0.593711 4.88917e-19)
(0.200955 0.718358 0)
(0.132376 1.52553 6.82127e-19)
(0.131507 2.68257 7.65241e-19)
(0.139072 3.08419 -8.56181e-19)
(0.130044 3.22039 9.30407e-19)
(0.422935 0.423587 0)
(0.911403 0.886524 1.33757e-19)
(1.09544 1.09448 -5.72285e-21)
(1.12491 1.1353 -5.84874e-21)
(1.08796 1.13438 1.20366e-19)
(1.03082 1.10394 0)
(0.964029 1.07194 0)
(0.889318 1.03578 0)
(0.803146 0.994443 7.17903e-19)
(0.702988 0.946515 8.91627e-20)
(0.594316 0.891992 0)
(0.484783 0.835733 -1.09797e-18)
(0.40313 0.780159 0)
(0.294201 0.719359 1.0456e-18)
(0.212144 0.791886 -7.03185e-19)
(0.163766 1.45419 -5.63339e-19)
(0.166662 2.6715 -1.32891e-18)
(0.187137 3.12634 -7.10622e-19)
(0.177672 3.26924 -1.00815e-18)
(0.162983 3.30983 7.90594e-19)
(0.42142 0.433015 -5.21909e-20)
(0.905832 0.904197 1.54071e-20)
(1.08647 1.11473 -9.16339e-21)
(1.11504 1.15623 1.82312e-20)
(1.07774 1.15541 0)
(1.02064 1.12522 0)
(0.953918 1.09385 0)
(0.879036 1.05816 6.03388e-20)
(0.792405 1.01812 -9.0221e-19)
(0.69111 0.972627 0)
(0.581405 0.921713 0)
(0.484758 0.872623 0)
(0.371474 0.822558 0)
(0.308244 0.808485 7.72915e-19)
(0.277258 1.17962 1.88249e-18)
(0.261635 2.36139 5.56546e-19)
(0.272511 3.08246 1.152e-18)
(0.266226 3.28706 -9.07353e-19)
(0.216488 3.35382 3.39262e-19)
(0.183084 3.36638 0)
(0.419765 0.442065 5.6476e-20)
(0.900153 0.921109 -3.26291e-19)
(1.07753 1.13449 -7.29209e-20)
(1.1053 1.17723 -9.68721e-21)
(1.06773 1.17663 -3.34379e-20)
(1.01066 1.14644 3.64337e-19)
(0.943911 1.11526 -3.7463e-20)
(0.869049 1.08036 -7.9971e-19)
(0.782212 1.04133 0)
(0.680385 0.997199 -1.05012e-19)
(0.569393 0.948201 9.5528e-20)
(0.453946 0.90038 0)
(0.369928 0.863238 0)
(0.321548 0.988857 -9.66896e-19)
(0.284824 1.84818 1.36501e-19)
(0.279958 2.93754 -4.38552e-19)
(0.299739 3.29189 9.37114e-19)
(0.273071 3.39185 7.19921e-19)
(0.20604 3.41681 -1.05621e-18)
(0.18064 3.42578 5.27612e-19)
(0.417771 0.451264 1.19105e-19)
(0.894185 0.938482 3.36121e-19)
(1.06823 1.15456 8.00703e-20)
(1.09523 1.1979 0)
(1.05738 1.19745 0)
(1.00044 1.16756 -2.77074e-19)
(0.933902 1.13713 3.31715e-19)
(0.859071 1.10282 7.19445e-19)
(0.772283 1.06532 4.14507e-20)
(0.670193 1.02433 1.42981e-18)
(0.557744 0.980909 -1.55737e-18)
(0.454319 0.938374 0)
(0.376486 0.945578 0)
(0.342811 1.34879 -6.78695e-19)
(0.34488 2.4691 -8.05692e-19)
(0.387541 3.19923 0)
(0.412829 3.37621 -1.04926e-18)
(0.342804 3.44009 -1.29688e-20)
(0.270948 3.48433 6.68184e-19)
(0.247462 3.50994 -2.67647e-19)
(0.415326 0.460858 -2.32101e-19)
(0.887353 0.95654 -1.65645e-19)
(1.05795 1.17579 0)
(1.08429 1.22038 0)
(1.04633 1.22009 0)
(0.989583 1.19002 0)
(0.923207 1.15958 -3.65535e-19)
(0.848751 1.12595 7.14183e-19)
(0.762001 1.08938 0)
(0.659833 1.04962 -1.30544e-18)
(0.549147 1.00705 2.81343e-18)
(0.437808 0.974141 1.11826e-19)
(0.382678 1.05861 1.41937e-19)
(0.391405 1.73687 1.12215e-18)
(0.412657 2.89127 -6.27557e-19)
(0.449707 3.32536 0)
(0.431548 3.45236 3.10944e-19)
(0.344676 3.54011 9.4785e-20)
(0.265312 3.60602 8.50593e-20)
(0.189878 3.58562 1.03166e-19)
(0.412368 0.470775 1.13006e-19)
(0.879899 0.975767 -1.86597e-19)
(1.04694 1.19796 0)
(1.0726 1.2428 -6.01785e-21)
(1.03447 1.24246 -1.44091e-20)
(0.978038 1.21251 0)
(0.91221 1.18271 0)
(0.838124 1.14955 -1.27389e-18)
(0.752126 1.11438 -9.25364e-20)
(0.650961 1.07797 1.33231e-18)
(0.536401 1.04255 -1.3473e-18)
(0.451176 1.02755 7.5988e-19)
(0.416284 1.24274 0)
(0.43702 2.17456 -6.02719e-19)
(0.477905 3.14473 3.83322e-19)
(0.538523 3.43131 2.80277e-19)
(0.532228 3.52981 0)
(0.467051 3.61588 1.58592e-20)
(0.39423 3.65893 -3.06374e-19)
(0.312151 3.62982 -6.31243e-20)
(0.408703 0.480977 -2.40698e-19)
(0.871206 0.995614 2.71438e-19)
(1.03466 1.22129 1.55231e-19)
(1.05983 1.26734 -3.3756e-20)
(1.02175 1.26698 1.9922e-20)
(0.965774 1.23657 0)
(0.900387 1.20645 -1.93732e-19)
(0.827104 1.17369 4.84373e-19)
(0.741488 1.13928 6.56386e-20)
(0.640708 1.10378 -1.15047e-18)
(0.529518 1.06936 -7.64556e-20)
(0.448834 1.08087 -8.59032e-19)
(0.444659 1.45857 9.41359e-19)
(0.502491 2.53123 2.19274e-19)
(0.571442 3.30651 -4.1642e-19)
(0.625987 3.48488 3.06485e-19)
(0.585895 3.54086 0)
(0.525397 3.54699 0)
(0.427861 3.51399 -6.38138e-19)
(0.193409 3.30695 1.13546e-18)
(0.404445 0.490961 1.17774e-19)
(0.861737 1.01689 2.80047e-19)
(1.0216 1.2458 -1.75333e-19)
(1.04628 1.29159 1.14428e-19)
(1.00817 1.29084 1.36737e-20)
(0.952803 1.2603 0)
(0.888377 1.23062 2.24478e-19)
(0.815916 1.19816 5.10648e-19)
(0.731921 1.16483 0)
(0.633598 1.13226 0)
(0.525693 1.10821 0)
(0.465286 1.165 0)
(0.496855 1.69757 -1.0662e-18)
(0.5711 2.84306 -3.0237e-19)
(0.644173 3.40445 0)
(0.686171 3.50259 -1.01388e-19)
(0.684445 3.50848 0)
(0.760137 3.35282 9.40157e-20)
(0.855732 2.9874 -1.65714e-18)
(0.453987 2.61431 1.77012e-18)
(0.398853 0.500951 -2.55321e-19)
(0.850492 1.03844 -1.84198e-19)
(1.00681 1.27131 -1.25281e-19)
(1.03133 1.31835 -1.0702e-19)
(0.99352 1.31734 -1.42231e-20)
(0.938986 1.28601 0)
(0.87539 1.25563 5.67363e-20)
(0.80422 1.22316 -8.37626e-20)
(0.720997 1.19035 -4.86705e-19)
(0.623052 1.15816 0)
(0.5231 1.13802 7.37086e-20)
(0.479 1.24897 -8.38164e-20)
(0.53995 1.93636 0)
(0.638837 3.06511 3.88799e-19)
(0.731621 3.44349 0)
(0.768351 3.48488 -3.17092e-20)
(0.77247 3.40062 1.13315e-19)
(0.764913 3.02432 -9.27527e-20)
(0.519882 2.02043 2.27923e-19)
(-0.348502 0.51401 -5.64508e-19)
(0.392101 0.511251 -1.33253e-20)
(0.838148 1.06176 -1.01326e-19)
(0.990961 1.29861 1.69272e-19)
(1.01529 1.34499 -1.92113e-20)
(0.977629 1.34331 -1.86711e-20)
(0.924026 1.31169 0)
(0.861835 1.28173 -1.3181e-19)
(0.792009 1.24961 -3.51822e-19)
(0.71127 1.21772 8.92546e-19)
(0.614946 1.18848 -8.99657e-19)
(0.526009 1.18428 -9.4587e-19)
(0.507145 1.37137 0)
(0.602564 2.22978 6.11017e-19)
(0.714245 3.21748 -1.08932e-19)
(0.788763 3.43447 -2.96013e-20)
(0.7923 3.42756 0)
(0.721925 3.19482 -7.04571e-20)
(0.553189 2.42507 6.87908e-20)
(0.114419 0.677626 -8.17011e-20)
(-0.254699 -0.41309 -8.31082e-20)
(0.383584 0.520494 2.48581e-19)
(0.823291 1.08458 -1.0268e-19)
(0.972653 1.32642 1.34512e-19)
(0.997343 1.37456 9.90769e-20)
(0.960279 1.37269 4.31474e-20)
(0.907974 1.34023 -1.14296e-20)
(0.84709 1.30935 2.23219e-19)
(0.779081 1.27707 3.06676e-19)
(0.699712 1.24581 -7.5298e-19)
(0.604434 1.21813 1.08915e-20)
(0.529572 1.22249 1.16385e-19)
(0.536513 1.49994 -6.20982e-19)
(0.654967 2.494 2.04283e-19)
(0.768137 3.28543 -3.68976e-19)
(0.831351 3.39833 1.47591e-19)
(0.815242 3.3245 1.78684e-20)
(0.692542 2.89653 -6.54865e-20)
(0.430733 1.69419 5.23076e-20)
(0.0666706 0.0630468 0)
(-0.0791477 -0.171385 -1.52316e-19)
(0.373802 0.529422 0)
(0.806881 1.10905 -3.93068e-19)
(0.953173 1.35656 2.37974e-20)
(0.978183 1.40383 -1.426e-19)
(0.941472 1.40104 0)
(0.890577 1.36816 -3.59389e-22)
(0.831634 1.33784 -1.54517e-19)
(0.765728 1.306 -2.86889e-19)
(0.689873 1.27561 6.36407e-19)
(0.598659 1.25195 6.88159e-19)
(0.536962 1.28101 7.66684e-19)
(0.572645 1.66197 4.68203e-20)
(0.715477 2.73339 -4.75621e-19)
(0.830526 3.3275 -3.20754e-20)
(0.870507 3.36708 1.10251e-19)
(0.793351 3.16812 -4.19508e-20)
(0.551933 2.37481 2.15833e-20)
(0.123891 0.47707 -2.55798e-20)
(-0.133241 -0.244978 0)
(-0.113954 -0.207952 0)
(0.361265 0.536393 -2.54742e-19)
(0.786888 1.13141 4.0495e-19)
(0.930533 1.38577 0)
(0.956585 1.4358 0)
(0.920825 1.43299 0)
(0.871953 1.39932 0)
(0.814988 1.36778 4.31123e-20)
(0.7515 1.33565 -1.55355e-20)
(0.677937 1.30596 -8.97522e-21)
(0.592732 1.28472 7.58123e-20)
(0.54296 1.3344 -7.39762e-19)
(0.611483 1.82275 4.79425e-19)
(0.771472 2.92498 0)
(0.86639 3.3231 3.73006e-20)
(0.883239 3.29697 -8.89173e-20)
(0.749693 2.89333 3.61811e-20)
(0.420831 1.7502 4.41443e-20)
(0.0156986 -0.0182529 2.12859e-20)
(-0.163244 -0.205804 -7.20163e-20)
(-0.060126 -0.138644 -8.11704e-20)
(0.346158 0.541962 1.34677e-19)
(0.764124 1.15419 1.89089e-19)
(0.90682 1.41794 -9.2347e-21)
(0.933546 1.46735 9.10348e-20)
(0.89836 1.46323 0)
(0.851658 1.42894 7.17621e-20)
(0.797225 1.39815 1.21305e-20)
(0.736851 1.36626 -1.19406e-20)
(0.666726 1.33719 -3.46755e-20)
(0.589443 1.32144 6.29485e-20)
(0.556747 1.40696 4.91733e-19)
(0.654339 2.02194 -2.77404e-19)
(0.822468 3.05492 -2.29284e-19)
(0.908321 3.3177 -3.97677e-20)
(0.900791 3.20879 6.22677e-20)
(0.673825 2.58188 -1.09926e-20)
(0.22261 0.864359 9.35855e-21)
(-0.0739588 -0.27284 1.55097e-20)
(-0.142202 -0.230244 -5.77242e-20)
(-0.0612574 -0.136909 3.41214e-20)
(0.327427 0.544037 -1.25976e-19)
(0.737227 1.17298 0)
(0.879188 1.44667 -1.35552e-19)
(0.907282 1.50071 -1.79787e-19)
(0.873556 1.49688 0)
(0.830012 1.46198 -6.37377e-20)
(0.778294 1.42951 0)
(0.721031 1.39721 5.32853e-20)
(0.652717 1.3687 -1.51389e-19)
(0.585627 1.35767 3.39556e-19)
(0.568635 1.47703 -3.4601e-19)
(0.700523 2.21139 1.41562e-19)
(0.870013 3.12852 4.28683e-19)
(0.938233 3.29021 -6.524e-20)
(0.875943 3.07252 5.60593e-20)
(0.559032 2.14077 -1.62622e-22)
(0.0935684 0.178388 6.88578e-21)
(-0.166516 -0.29138 -1.98864e-21)
(-0.109483 -0.217549 6.19192e-22)
(-0.0408871 -0.0769184 -3.62931e-21)
(0.305923 0.543174 2.58111e-19)
(0.707966 1.19216 -1.90688e-19)
(0.850288 1.47855 1.55484e-19)
(0.878949 1.5335 8.85051e-20)
(0.846585 1.52814 2.73572e-20)
(0.806246 1.49223 6.83294e-20)
(0.757588 1.46071 0)
(0.704559 1.42808 -3.59672e-20)
(0.640422 1.40044 0)
(0.583384 1.39684 -3.17585e-19)
(0.587549 1.56056 3.30806e-19)
(0.74378 2.38561 -3.56822e-20)
(0.907868 3.17613 -2.65564e-19)
(0.961248 3.25764 -2.93828e-20)
(0.856872 2.89333 2.95905e-20)
(0.444124 1.67932 1.225e-20)
(-0.0466695 -0.100515 -2.88174e-20)
(-0.230046 -0.268406 -1.67013e-20)
(-0.125988 -0.24195 -7.55341e-21)
(-0.0583062 -0.0718517 3.15313e-20)
(0.280596 0.535846 4.26082e-21)
(0.673667 1.20401 1.02394e-19)
(0.815919 1.50313 0)
(0.846526 1.566 1.66714e-19)
(0.816998 1.56207 -2.14765e-19)
(0.780963 1.52579 7.50812e-20)
(0.73564 1.49211 -3.93059e-20)
(0.686902 1.45888 -5.13371e-20)
(0.626468 1.43224 7.04408e-20)
(0.57915 1.43454 -3.17311e-20)
(0.602378 1.63926 2.20644e-19)
(0.790253 2.53566 2.80806e-19)
(0.946023 3.19162 3.74865e-20)
(0.980041 3.20621 7.73622e-20)
(0.803814 2.69773 4.20447e-21)
(0.305904 1.15381 2.63719e-21)
(-0.0890458 -0.234661 -3.06009e-20)
(-0.256061 -0.311248 2.47801e-20)
(-0.138794 -0.29444 4.24924e-22)
(-0.0773206 -0.0997889 -2.70488e-20)
(0.252104 0.522006 4.93566e-19)
(0.635649 1.21336 -1.04865e-19)
(0.779718 1.53095 -2.62454e-19)
(0.811662 1.59725 2.13051e-19)
(0.785243 1.5928 -8.79329e-20)
(0.752759 1.55512 1.48836e-19)
(0.711199 1.52243 4.20163e-20)
(0.667869 1.48832 0)
(0.613926 1.46206 -8.42901e-20)
(0.575228 1.47433 1.43131e-20)
(0.62237 1.71713 -6.68286e-20)
(0.829326 2.64962 -2.22052e-19)
(0.96849 3.19537 2.32589e-20)
(0.979101 3.15647 8.76275e-21)
(0.754401 2.46919 3.54943e-22)
(0.246042 0.727282 -1.26167e-20)
(-0.0784738 -0.282831 3.29433e-20)
(-0.198245 -0.354021 2.97366e-21)
(-0.127644 -0.320359 2.86766e-21)
(-0.0694497 -0.124622 1.33656e-20)
(0.219205 0.496926 0)
(0.591149 1.21044 9.74816e-20)
(0.736465 1.54679 -1.16978e-19)
(0.772462 1.62542 2.10468e-19)
(0.75068 1.62467 -2.19039e-19)
(0.722615 1.58711 9.27972e-20)
(0.685201 1.55207 0)
(0.6475 1.51666 0)
(0.600915 1.49079 0)
(0.568505 1.50927 -3.30281e-20)
(0.63574 1.7829 3.09594e-20)
(0.868521 2.73805 -3.59968e-20)
(0.995266 3.2014 -3.93801e-20)
(0.993454 3.09411 -7.96238e-21)
(0.720007 2.32185 1.91049e-20)
(0.236857 0.442914 -5.36433e-21)
(-0.0492223 -0.227601 9.60433e-21)
(-0.138579 -0.34848 1.65435e-20)
(-0.107718 -0.309075 -1.1507e-21)
(-0.0180885 -0.0997695 0)
(0.183027 0.460001 4.61765e-19)
(0.541633 1.19913 -9.11576e-20)
(0.691384 1.56468 4.55121e-21)
(0.730651 1.65168 0)
(0.713493 1.65159 -1.06633e-19)
(0.688702 1.61352 1.80427e-20)
(0.656273 1.57899 0)
(0.624851 1.54275 6.6505e-21)
(0.586895 1.5153 -5.24757e-21)
(0.561757 1.54323 0)
(0.650834 1.83467 0)
(0.89641 2.78352 5.84011e-20)
(1.01052 3.20524 -4.65825e-21)
(0.960343 3.05856 -4.03926e-20)
(0.606919 2.08465 4.69902e-21)
(-0.0211797 0.275284 -1.87766e-20)
(-0.253731 -0.106794 0)
(-0.23451 -0.279679 3.15533e-20)
(-0.153178 -0.266374 5.63001e-21)
(0.0190487 0.0296278 -2.67468e-20)
(0.143124 0.405916 3.82691e-19)
(0.485006 1.16844 -8.82541e-20)
(0.637786 1.56364 1.16051e-19)
(0.68416 1.67126 -2.91255e-19)
(0.672045 1.67745 0)
(0.652924 1.64142 0)
(0.625199 1.6046 0)
(0.600706 1.56621 1.0998e-20)
(0.571075 1.5365 -8.67461e-21)
(0.551326 1.56555 0)
(0.657069 1.86461 0)
(0.932157 2.8143 -1.72108e-20)
(1.03496 3.21798 -2.91965e-20)
(0.952781 3.07328 1.80706e-20)
(0.556817 2.07615 1.41217e-19)
(-0.136096 0.474449 0)
(-0.423614 -0.149981 -7.43875e-20)
(-0.490246 -0.602435 -9.54088e-21)
(-0.432957 -0.659759 2.86356e-19)
(-0.089224 -0.192655 -3.21045e-19)
(0.101719 0.334321 -3.55024e-19)
(0.422076 1.11843 9.76151e-20)
(0.582351 1.56049 2.5967e-19)
(0.634192 1.6867 1.59488e-19)
(0.627467 1.69567 -1.29419e-19)
(0.613171 1.66238 -7.30662e-20)
(0.59053 1.62496 4.15509e-20)
(0.5728 1.58612 0)
(0.553887 1.55301 0)
(0.539193 1.57974 0)
(0.657072 1.86954 1.56628e-20)
(0.957095 2.78849 4.12442e-21)
(1.08854 3.21764 5.79398e-20)
(1.02739 3.10929 -2.0073e-20)
(0.647665 2.10217 7.69276e-20)
(0.0275882 0.556893 0)
(-0.407363 -0.206545 2.09625e-19)
(-0.562575 -0.920086 -1.01038e-18)
(-0.578116 -1.21297 2.20413e-18)
(-0.32963 -0.927212 -1.22078e-18)
(0.0576059 0.242126 3.74451e-19)
(0.350428 1.03851 -3.07645e-19)
(0.515585 1.52648 0)
(0.578198 1.69016 8.18222e-20)
(0.578333 1.71147 5.45674e-20)
(0.570672 1.68308 1.02834e-19)
(0.553063 1.64341 -3.88411e-20)
(0.541419 1.60133 0)
(0.531962 1.56318 0)
(0.525527 1.58323 1.82066e-21)
(0.645565 1.84625 2.05349e-21)
(0.981925 2.74862 -1.55211e-20)
(1.19245 3.18236 -2.56946e-20)
(1.24742 3.11726 2.63343e-19)
(1.04976 2.4457 -7.3187e-19)
(0.606382 1.1002 1.03899e-18)
(0.052156 0.0956583 -7.72298e-19)
(-0.270776 -0.934421 0)
(-0.500189 -1.46659 -2.5362e-20)
(-0.366097 -1.38938 1.45764e-18)
(0.0203953 0.155592 3.80289e-19)
(0.269476 0.923371 0)
(0.447522 1.48183 0)
(0.518478 1.68308 0)
(0.526368 1.7164 4.08985e-20)
(0.52357 1.69443 -1.06251e-19)
(0.510531 1.65458 -3.69155e-20)
(0.505206 1.6116 0)
(0.504653 1.56712 0)
(0.506124 1.57371 -7.74314e-23)
(0.618034 1.78793 -8.65559e-21)
(0.971938 2.59854 8.97964e-21)
(1.26868 3.07608 1.38557e-21)
(1.36176 2.96668 2.56664e-20)
(1.28196 2.55251 -1.39867e-19)
(1.04513 1.63672 4.77973e-20)
(0.595262 0.628452 -1.279e-19)
(0.209981 -0.313665 0)
(-0.0869566 -1.10741 2.44543e-20)
(-0.275324 -1.45712 5.88863e-20)
(-0.000504834 0.0859716 -3.4856e-19)
(0.179678 0.760486 1.19948e-19)
(0.366517 1.38278 1.77298e-19)
(0.452944 1.65482 -1.80364e-20)
(0.469201 1.71653 -1.01002e-19)
(0.472833 1.70461 -5.09268e-20)
(0.464343 1.66332 1.03014e-19)
(0.461144 1.61644 -7.27875e-21)
(0.467763 1.56281 0)
(0.479061 1.55229 2.28237e-21)
(0.560928 1.69241 1.89094e-20)
(0.869653 2.40933 -2.77718e-20)
(1.19933 2.89799 0)
(1.27834 2.8391 1.92856e-20)
(1.21942 2.55912 0)
(1.10018 1.96137 1.80815e-20)
(0.746105 1.04084 7.68197e-20)
(0.425384 0.200353 0)
(0.121443 -0.607456 0)
(-0.0354896 -0.829439 -8.16059e-19)
(-0.00383031 0.0293174 2.69186e-19)
(0.0953902 0.520831 -1.0072e-19)
(0.295002 1.25674 7.72496e-20)
(0.385237 1.602 -1.18212e-19)
(0.409853 1.70083 4.48718e-20)
(0.41559 1.69986 -1.23795e-20)
(0.411401 1.66601 4.63906e-21)
(0.409168 1.61654 -1.56931e-20)
(0.416277 1.55239 -6.2001e-21)
(0.43172 1.52028 1.12984e-20)
(0.472297 1.59076 6.63115e-21)
(0.650666 2.07731 0)
(0.996941 2.74537 3.34421e-20)
(1.03728 2.72527 0)
(1.02905 2.57198 0)
(0.954102 2.22049 0)
(0.73771 1.59611 7.56437e-19)
(0.481796 0.930097 -1.8904e-18)
(0.230433 0.320876 1.39761e-20)
(0.0327797 -0.118662 1.3397e-18)
(0.00427056 -0.0259874 4.55676e-20)
(0.0306294 0.229 4.27531e-20)
(0.207129 1.02085 -3.48324e-20)
(0.313344 1.5089 -2.42698e-20)
(0.344946 1.67638 1.96221e-20)
(0.354609 1.69238 1.15562e-20)
(0.352639 1.66855 6.36232e-21)
(0.347838 1.61266 0)
(0.347719 1.54212 -1.42869e-21)
(0.35663 1.48751 1.5055e-21)
(0.369217 1.51555 -1.61224e-20)
(0.413945 1.84142 0)
(0.709178 2.56053 1.3699e-20)
(0.72432 2.68416 -5.18407e-20)
(0.703685 2.63622 0)
(0.653731 2.45926 0)
(0.539866 2.08828 -4.56375e-20)
(0.350256 1.52109 0)
(0.183267 1.01646 -3.51302e-20)
(0.0519275 0.526047 0)
(0.00925409 -0.0727149 0)
(0.00986703 0.0565021 0)
(0.106727 0.696813 0)
(0.228304 1.34511 0)
(0.271754 1.61791 -4.53109e-34)
(0.284313 1.67271 2.87959e-34)
(0.287111 1.66137 0)
(0.28295 1.61086 0)
(0.2776 1.53631 0)
(0.282216 1.46944 0)
(0.291389 1.48506 0)
(0.26167 1.73254 0)
(0.485003 2.4216 0)
(0.512337 2.69896 0)
(0.473566 2.72312 0)
(0.437794 2.65805 0)
(0.373073 2.44323 0)
(0.245029 2.01475 0)
(0.115007 1.55167 0)
(0.023833 0.962325 0)
(0.00439712 -0.10784 0)
(0.0134971 -0.043375 0)
(0.0443933 0.425841 0)
(0.152843 1.17023 0)
(0.19463 1.54722 0)
(0.211043 1.65013 0)
(0.217261 1.64884 0)
(0.218119 1.60921 0)
(0.216253 1.53469 0)
(0.216807 1.46851 0)
(0.233871 1.48238 0)
(0.169817 1.69078 0)
(0.331912 2.34807 0)
(0.37306 2.72042 0)
(0.329151 2.80418 0)
(0.298199 2.78593 0)
(0.25105 2.64819 0)
(0.166589 2.30599 0)
(0.0689243 1.86649 0)
(0.0106256 1.19007 0)
(0.00330828 -0.146514 0)
(0.0205052 -0.0960471 0)
(0.0135143 0.301365 0)
(0.0792157 1.05187 0)
(0.114492 1.4813 0)
(0.136503 1.62192 0)
(0.148334 1.63481 0)
(0.156954 1.60357 0)
(0.157777 1.53568 0)
(0.156632 1.47626 0)
(0.182145 1.49051 0)
(0.109675 1.66771 0)
(0.219804 2.29756 0)
(0.2622 2.73946 0)
(0.22499 2.86965 0)
(0.190717 2.88043 0)
(0.159131 2.7957 0)
(0.100654 2.51776 0)
(0.0340484 2.09717 0)
(-0.00350508 1.33068 0)
(0.00271079 -0.179992 0)
(0.0127621 -0.115402 0)
(-0.00695117 0.305945 0)
(0.00862908 0.990735 0)
(0.0369641 1.43871 0)
(0.0622535 1.59573 0)
(0.0824957 1.61784 0)
(0.0992992 1.59535 0)
(0.105489 1.53516 0)
(0.107169 1.48131 0)
(0.137574 1.49911 0)
(0.0708875 1.65402 0)
(0.141406 2.26504 0)
(0.174398 2.75778 0)
(0.141876 2.92308 0)
(0.110836 2.95562 0)
(0.0873164 2.89554 0)
(0.0476668 2.64864 0)
(0.00387347 2.21837 0)
(-0.011456 1.33289 0)
(0.00126702 -0.188689 0)
(-0.00793006 -0.0815824 0)
(-0.0365369 0.344821 0)
(-0.0426872 0.980229 0)
(-0.0276974 1.39965 0)
(-0.00258402 1.56118 0)
(0.0238453 1.59334 0)
(0.0478421 1.58138 0)
(0.0658704 1.5292 0)
(0.0670023 1.48119 0)
(0.0985875 1.50756 0)
(0.0431431 1.64722 0)
(0.0885668 2.2392 0)
(0.109802 2.77038 0)
(0.0810782 2.96283 0)
(0.0566551 3.01129 0)
(0.0419874 2.96383 0)
(0.0141811 2.73711 0)
(-0.0106063 2.30197 0)
(-0.0161937 1.30665 0)
(-0.00385271 -0.156483 0)
(-0.0231165 -0.00843195 0)
(-0.0595536 0.419188 0)
(-0.0763677 0.997807 0)
(-0.0686105 1.36388 0)
(-0.0447862 1.51727 0)
(-0.0184769 1.56001 0)
(0.00790909 1.55766 0)
(0.034579 1.51575 0)
(0.0325443 1.47498 0)
(0.0634577 1.5117 0)
(0.0244459 1.64505 0)
(0.052658 2.22321 0)
(0.0618113 2.77693 0)
(0.0374531 2.9899 0)
(0.0194312 3.04972 0)
(0.00668243 3.01293 0)
(-0.0125073 2.78761 0)
(-0.0310514 2.31237 0)
(-0.017667 1.23697 0)
(-0.00638631 -0.0966761 0)
(-0.0313963 0.0904457 0)
(-0.0707436 0.503928 0)
(-0.0902215 1.01935 0)
(-0.0863798 1.33107 0)
(-0.0664889 1.47198 0)
(-0.0453912 1.52116 0)
(-0.0190434 1.52662 0)
(0.00549358 1.49786 0)
(0.00479513 1.46587 0)
(0.0358358 1.50905 0)
(0.00827246 1.64485 0)
(0.024428 2.21378 0)
(0.0260236 2.78272 0)
(0.00483629 3.0104 0)
(-0.0102286 3.08033 0)
(-0.0204234 3.04046 0)
(-0.0328477 2.8107 0)
(-0.0379201 2.29964 0)
(-0.0215533 1.12732 0)
(-0.00697356 -0.025927 0)
(-0.032454 0.194451 0)
(-0.0711241 0.58354 0)
(-0.0897605 1.03681 0)
(-0.087856 1.3059 0)
(-0.0705909 1.43553 0)
(-0.0550454 1.48675 0)
(-0.0350371 1.49785 0)
(-0.0151498 1.47958 0)
(-0.0126352 1.45357 0)
(0.0143646 1.50693 0)
(-0.00681605 1.64573 0)
(0.00016544 2.21574 0)
(-0.00237562 2.79177 0)
(-0.0175539 3.02478 0)
(-0.0284277 3.09705 0)
(-0.0358002 3.05761 0)
(-0.0442872 2.81741 0)
(-0.0442392 2.26616 0)
(-0.0222556 1.00096 0)
(-0.00615774 0.0426725 0)
(-0.0282418 0.293617 0)
(-0.0624695 0.656683 0)
(-0.0804056 1.05548 0)
(-0.0812476 1.28991 0)
(-0.0675959 1.40778 0)
(-0.0556568 1.45902 0)
(-0.0401933 1.47541 0)
(-0.0218561 1.46487 0)
(-0.0192262 1.44289 0)
(-0.000441639 1.50675 0)
(-0.0154956 1.64766 0)
(-0.0176378 2.21803 0)
(-0.0189578 2.79901 0)
(-0.0325914 3.035 0)
(-0.0385744 3.10641 0)
(-0.0468712 3.06438 0)
(-0.0508114 2.81167 0)
(-0.0453669 2.20757 0)
(-0.0176599 0.877136 0)
(-0.0043415 0.0988805 0)
(-0.021519 0.378017 0)
(-0.0495409 0.719066 0)
(-0.0650507 1.07717 0)
(-0.0687916 1.28723 0)
(-0.0591623 1.39463 0)
(-0.0513585 1.4429 0)
(-0.0389803 1.45972 0)
(-0.0214885 1.45416 0)
(-0.0215648 1.4356 0)
(-0.0079431 1.50721 0)
(-0.0216903 1.65809 0)
(-0.0285548 2.22549 0)
(-0.0311131 2.80996 0)
(-0.043499 3.04803 0)
(-0.0470591 3.11999 0)
(-0.0503708 3.07123 0)
(-0.0533838 2.80016 0)
(-0.0424303 2.13843 0)
(-0.0123904 0.769239 0)
(-0.00275929 0.13998 0)
(-0.0152168 0.445688 0)
(-0.0375784 0.772444 0)
(-0.0501236 1.0999 0)
(-0.0555423 1.28953 0)
(-0.0508391 1.38632 0)
(-0.0469328 1.43059 0)
(-0.0368549 1.44779 0)
(-0.021947 1.44562 0)
(-0.0241873 1.43157 0)
(-0.00970755 1.50431 0)
(-0.0233192 1.66456 0)
(-0.0313856 2.23171 0)
(-0.0351072 2.82099 0)
(-0.0469051 3.06027 0)
(-0.0496814 3.12892 0)
(-0.0534842 3.07496 0)
(-0.0501764 2.78506 0)
(-0.0390775 2.07278 0)
(-0.00712346 0.679987 0)
(-0.00163885 0.167518 0)
(-0.0100376 0.495647 0)
(-0.0275923 0.812852 0)
(-0.0363372 1.118 0)
(-0.0409705 1.29679 0)
(-0.0387119 1.38652 0)
(-0.0390424 1.42616 0)
(-0.033772 1.4393 0)
(-0.0232388 1.4392 0)
(-0.0279664 1.42875 0)
(-0.0145631 1.50296 0)
(-0.0231778 1.67437 0)
(-0.0332347 2.24456 0)
(-0.03686 2.83206 0)
(-0.0479603 3.06991 0)
(-0.0504732 3.1347 0)
(-0.0548674 3.07344 0)
(-0.0512009 2.75663 0)
(-0.035 1.99178 0)
(-0.00312709 0.606529 0)
(-0.00106122 0.185994 0)
(-0.00674225 0.533645 0)
(-0.0208614 0.846804 0)
(-0.0281113 1.13066 0)
(-0.0300051 1.30159 0)
(-0.0302772 1.38627 0)
(-0.0314846 1.42264 0)
(-0.0296724 1.43457 0)
(-0.023162 1.4364 0)
(-0.0297222 1.42817 0)
(-0.0195278 1.4995 0)
(-0.0229038 1.68007 0)
(-0.0363863 2.25621 0)
(-0.0408749 2.84474 0)
(-0.0540983 3.07951 0)
(-0.055527 3.14105 0)
(-0.0569913 3.06851 0)
(-0.0539617 2.72618 0)
(-0.0301798 1.9 0)
(-0.00113723 0.547578 0)
(-0.000734181 0.198099 0)
(-0.0044765 0.560605 0)
(-0.0154286 0.872989 0)
(-0.0216206 1.13744 0)
(-0.0217667 1.30578 0)
(-0.0224155 1.38989 0)
(-0.0235341 1.42483 0)
(-0.0253853 1.43414 0)
(-0.0226451 1.43641 0)
(-0.0293526 1.42876 0)
(-0.0252421 1.4969 0)
(-0.0238548 1.68982 0)
(-0.0423774 2.26938 0)
(-0.0481504 2.85788 0)
(-0.0603119 3.08806 0)
(-0.0607322 3.14232 0)
(-0.0583778 3.05994 0)
(-0.0483108 2.68496 0)
(-0.0261535 1.81564 0)
(0.00168503 0.501252 0)
(-0.000656781 0.207176 0)
(-0.00342586 0.58191 0)
(-0.0118092 0.89693 0)
(-0.0192708 1.14507 0)
(-0.0185504 1.30738 0)
(-0.019502 1.39098 0)
(-0.0198182 1.42572 0)
(-0.0243509 1.43606 0)
(-0.0228014 1.43731 0)
(-0.0302689 1.43224 0)
(-0.0311503 1.49494 0)
(-0.0243294 1.69733 0)
(-0.0453366 2.28723 0)
(-0.0507343 2.86841 0)
(-0.0635883 3.0918 0)
(-0.0617188 3.13995 0)
(-0.0577308 3.04674 0)
(-0.0455759 2.63309 0)
(-0.0218012 1.72739 0)
(0.00413112 0.467651 0)
(-0.000636634 0.213868 0)
(-0.00275357 0.596652 0)
(-0.00878997 0.915237 0)
(-0.0152008 1.15264 0)
(-0.0163346 1.30953 0)
(-0.0161479 1.3929 0)
(-0.0156672 1.42992 0)
(-0.0225398 1.4411 0)
(-0.0215467 1.43893 0)
(-0.0321177 1.43706 0)
(-0.0376393 1.48949 0)
(-0.0272877 1.70116 0)
(-0.0462983 2.30377 0)
(-0.0561326 2.88023 0)
(-0.0680082 3.09419 0)
(-0.0651037 3.13486 0)
(-0.0608207 3.02099 0)
(-0.0527478 2.57978 0)
(-0.0173153 1.62335 0)
(0.00271475 0.442195 0)
(-0.000752426 0.220679 0)
(-0.00272329 0.609741 0)
(-0.00720436 0.93235 0)
(-0.0144734 1.16312 0)
(-0.015646 1.31073 0)
(-0.0154561 1.39208 0)
(-0.0140581 1.43118 0)
(-0.0207614 1.44568 0)
(-0.0230673 1.44454 0)
(-0.0373219 1.44899 0)
(-0.0471216 1.48934 0)
(-0.0400818 1.70709 0)
(-0.0581003 2.33356 0)
(-0.073069 2.89467 0)
(-0.0801845 3.09673 0)
(-0.0775472 3.12784 0)
(-0.0735104 2.99462 0)
(-0.0563019 2.51232 0)
(-0.0185144 1.52559 0)
(0.00215621 0.416948 0)
(-0.000843389 0.226525 0)
(-0.00256733 0.618169 0)
(-0.00563257 0.943806 0)
(-0.00977508 1.17222 0)
(-0.0122619 1.31278 0)
(-0.0111806 1.39289 0)
(-0.00889523 1.434 0)
(-0.0131714 1.4555 0)
(-0.0196583 1.44956 0)
(-0.0367935 1.45744 0)
(-0.0487964 1.48932 0)
(-0.0527959 1.70732 0)
(-0.0625273 2.35296 0)
(-0.0840227 2.90907 0)
(-0.0875021 3.09598 0)
(-0.0793144 3.12211 0)
(-0.073439 2.96841 0)
(-0.0480647 2.43824 0)
(-0.0205077 1.43868 0)
(0.00570078 0.392626 0)
(-0.000935011 0.233695 0)
(-0.00246747 0.626422 0)
(-0.00471963 0.953133 0)
(-0.00756583 1.17973 0)
(-0.0101043 1.31298 0)
(-0.00809952 1.38791 0)
(-0.00673292 1.43094 0)
(-0.00342147 1.45499 0)
(-0.014533 1.46186 0)
(-0.0295844 1.47131 0)
(-0.05145 1.49692 0)
(-0.0701806 1.7175 0)
(-0.0741227 2.37631 0)
(-0.0864292 2.91803 0)
(-0.0869229 3.09102 0)
(-0.0748793 3.1082 0)
(-0.0611162 2.93675 0)
(-0.0442141 2.38108 0)
(-0.0124776 1.35133 0)
(0.0101929 0.385336 0)
(-0.000914774 0.238757 0)
(-0.00190391 0.629581 0)
(-0.00273826 0.95622 0)
(-0.00186773 1.18144 0)
(-0.00238463 1.31251 0)
(0.00624399 1.38542 0)
(0.00674516 1.43071 0)
(0.0227046 1.4643 0)
(0.00782148 1.48176 0)
(-0.00216892 1.49466 0)
(-0.0437832 1.51792 0)
(-0.0765273 1.7274 0)
(-0.0799111 2.38954 0)
(-0.0932361 2.92059 0)
(-0.0959095 3.07851 0)
(-0.0915126 3.08509 0)
(-0.0756703 2.88284 0)
(-0.0580606 2.2803 0)
(-0.00730212 1.22384 0)
(0.00881556 0.389219 0)
(-0.00106761 0.245786 0)
(-0.00224213 0.633577 0)
(-0.00294717 0.957421 0)
(-0.0019744 1.18002 0)
(-0.0014756 1.30445 0)
(0.00903044 1.36979 0)
(0.0149803 1.41033 0)
(0.0398595 1.44232 0)
(0.0484394 1.47115 0)
(0.0640757 1.50101 0)
(0.018549 1.54817 0)
(-0.0653188 1.73915 0)
(-0.082103 2.39912 0)
(-0.101834 2.92985 0)
(-0.105835 3.0808 0)
(-0.105791 3.07125 0)
(-0.105688 2.824 0)
(-0.0718786 2.15858 0)
(-0.0163127 1.09565 0)
(-0.000918582 0.379982 0)
(-0.000798715 0.249895 0)
(-0.0014657 0.632585 0)
(-0.000162749 0.953578 0)
(0.00503567 1.17244 0)
(0.0157484 1.29159 0)
(0.0345495 1.35428 0)
(0.05507 1.39408 0)
(0.0889917 1.43307 0)
(0.109287 1.4709 0)
(0.137182 1.53653 0)
(0.0343498 1.63468 0)
(-0.0741015 1.80029 0)
(-0.0848509 2.4237 0)
(-0.100517 2.94928 0)
(-0.102686 3.08466 0)
(-0.101117 3.07309 0)
(-0.0997879 2.7964 0)
(-0.0717761 2.06571 0)
(-0.0161215 0.977577 0)
(-0.00955349 0.330607 0)
(-0.000831891 0.255797 0)
(-0.00162802 0.633356 0)
(-0.00148134 0.944401 0)
(0.00515229 1.14485 0)
(0.0205838 1.24899 0)
(0.0498551 1.29879 0)
(0.0852362 1.32707 0)
(0.138215 1.36525 0)
(0.187507 1.41641 0)
(0.208982 1.54503 0)
(0.145842 1.69721 0)
(0.00199342 1.84203 0)
(-0.0595055 2.43509 0)
(-0.0728821 2.96201 0)
(-0.0888592 3.09527 0)
(-0.0910429 3.06748 0)
(-0.0630294 2.76104 0)
(-0.0465468 2.00848 0)
(0.00931972 0.933149 0)
(-0.0110472 0.307913 0)
(0.000345029 0.257213 0)
(-0.000622857 0.62808 0)
(0.00252553 0.933018 0)
(0.0119268 1.12281 0)
(0.0301215 1.21553 0)
(0.0621726 1.25424 0)
(0.10778 1.27913 0)
(0.179724 1.3219 0)
(0.24427 1.39147 0)
(0.284427 1.5836 0)
(0.16853 1.80628 0)
(0.0366727 1.97312 0)
(-0.0537409 2.47582 0)
(-0.0619142 3.00114 0)
(-0.0893527 3.10455 0)
(-0.095295 3.04684 0)
(-0.0692245 2.68011 0)
(-0.0337563 1.85323 0)
(0.0294882 0.880986 0)
(-0.00461186 0.320481 0)
(-6.67469e-05 0.254308 0)
(-0.00221045 0.628527 0)
(-0.00526844 0.910296 0)
(0.0136386 1.07378 0)
(0.0477574 1.14562 0)
(0.104839 1.16646 0)
(0.161005 1.17706 0)
(0.239945 1.21563 0)
(0.28523 1.32643 0)
(0.32146 1.62098 0)
(0.237366 1.87465 0)
(0.0813579 2.04478 0)
(-0.0472315 2.52159 0)
(-0.076288 3.02824 0)
(-0.109824 3.11326 0)
(-0.127477 3.04414 0)
(-0.127513 2.61316 0)
(-0.0178617 1.66343 0)
(0.0132741 0.874903 0)
(0.00387977 0.355984 0)
(-0.00151016 0.273274 0)
(-0.0056947 0.652295 0)
(-0.0108199 0.911013 0)
(-0.00727572 1.02401 0)
(0.00830142 1.05661 0)
(0.0432347 1.05775 0)
(0.0910908 1.06942 0)
(0.167483 1.12844 0)
(0.236833 1.287 0)
(0.299238 1.63835 0)
(0.226947 2.04113 0)
(0.0699048 2.25329 0)
(-0.0677777 2.6725 0)
(-0.107541 3.11696 0)
(-0.142561 3.17442 0)
(-0.147652 3.0179 0)
(-0.132537 2.43361 0)
(-0.0301741 1.37498 0)
(-0.0135263 0.818671 0)
(0.00158186 0.346138 0)
(-0.246622 1.59853 1.07758e-22)
(0.401941 3.24613 1.05046e-19)
(0.0936517 3.474 -1.97342e-20)
(0.202361 3.44045 0)
(0.163621 3.39247 0)
(0.158214 3.34429 -4.86322e-19)
(0.160701 3.31819 5.05558e-19)
(0.133091 3.27221 -5.1706e-19)
(0.116692 3.17549 9.296e-21)
(0.102814 2.56655 6.82414e-19)
(-0.104923 2.34455 -8.85574e-24)
(0.135463 3.30065 1.69841e-19)
(0.0120385 3.44273 0)
(0.100128 3.39433 0)
(0.0763129 3.34741 1.4474e-20)
(0.0818108 3.30889 9.97155e-19)
(0.0775032 3.27564 -5.4848e-19)
(0.0530804 3.23937 -9.01437e-21)
(0.0521081 3.08059 8.60348e-21)
(0.00103464 2.08386 0)
(-0.0276853 2.08422 2.65486e-19)
(0.088133 3.14723 -2.78467e-19)
(0.0275046 3.3493 0)
(0.0749591 3.32691 4.61213e-19)
(0.0546329 3.30377 -1.41045e-21)
(0.0557115 3.28162 -5.13323e-19)
(0.0474344 3.26665 -6.20707e-19)
(0.032131 3.24501 -2.225e-22)
(0.0416615 3.11797 8.89669e-21)
(-0.016522 2.21019 0)
(-0.0402744 2.02663 -8.793e-20)
(0.0289875 3.12268 0)
(-0.0121399 3.31134 -2.41506e-19)
(0.023125 3.30855 -2.0703e-19)
(0.0177533 3.28504 1.7566e-20)
(0.0241224 3.26182 -3.22963e-19)
(0.0285387 3.24568 2.91634e-19)
(0.0223362 3.23319 -1.02307e-20)
(0.0425887 3.12458 1.35767e-20)
(0.00747286 2.24952 3.48954e-19)
(-0.0502727 2.02705 -1.94742e-19)
(0.0146824 3.09242 0)
(-0.00632324 3.26819 5.14334e-19)
(0.0132188 3.26266 -2.82511e-19)
(0.014986 3.24861 -7.13057e-22)
(0.0180754 3.23745 1.29922e-21)
(0.0216888 3.23339 -1.54609e-20)
(0.0224543 3.22376 -3.59848e-19)
(0.043325 3.12705 9.92479e-21)
(-0.00309719 2.31167 -7.27719e-19)
(-0.0512601 2.08759 0)
(-0.00930246 3.08716 -2.75799e-19)
(-0.0278873 3.2439 1.77046e-20)
(-0.0139991 3.24746 -1.90544e-20)
(-0.0047526 3.23262 1.95507e-20)
(0.0037771 3.21999 3.24101e-19)
(0.016437 3.21084 3.3765e-19)
(0.0213028 3.20537 7.04788e-19)
(0.0427998 3.12387 3.88312e-19)
(0.010709 2.35396 -1.65711e-20)
(-0.0492577 2.1424 0)
(-0.0191801 3.08321 2.85879e-19)
(-0.0184993 3.21433 -2.9805e-19)
(-0.0111306 3.21294 -2.03658e-20)
(8.51627e-05 3.20254 4.20429e-20)
(0.00796344 3.1958 3.71284e-22)
(0.0164945 3.19562 -2.25158e-20)
(0.0220233 3.19082 -3.66935e-19)
(0.0424817 3.12126 -3.78208e-19)
(0.00383914 2.4196 -1.7208e-20)
(-0.0494235 2.22847 3.21716e-19)
(-0.0285457 3.08521 -1.49926e-20)
(-0.0317442 3.19429 1.03161e-20)
(-0.0234053 3.19571 0)
(-0.0130899 3.18574 0)
(-0.0012354 3.17805 0)
(0.0136386 3.17156 0)
(0.0207519 3.16938 4.02854e-19)
(0.0411312 3.11259 -4.15136e-19)
(0.0154476 2.46384 4.11496e-19)
(-0.04498 2.30806 2.72813e-20)
(-0.0326129 3.08616 3.42147e-19)
(-0.0206087 3.16982 0)
(-0.0146103 3.16547 -2.27664e-20)
(-0.00401101 3.15766 2.32853e-20)
(0.00537504 3.15314 0)
(0.0146644 3.15431 -1.25618e-20)
(0.020768 3.15265 -3.91027e-19)
(0.0402238 3.10923 4.1625e-19)
(0.0103848 2.533 0)
(-0.0447894 2.40243 1.53545e-20)
(-0.0364951 3.08561 -5.23247e-19)
(-0.0303282 3.14976 0)
(-0.0226223 3.14697 0)
(-0.0136471 3.13924 2.47465e-20)
(-0.00217148 3.13373 -2.07976e-19)
(0.0118484 3.12883 -2.60787e-20)
(0.0192108 3.12938 2.21121e-19)
(0.0384919 3.09614 0)
(0.0192992 2.58106 0)
(-0.038905 2.49217 -5.42528e-19)
(-0.0380564 3.08324 1.84079e-19)
(-0.0202561 3.12439 0)
(-0.0130065 3.1162 0)
(-0.00352498 3.10948 0)
(0.00555595 3.10649 4.26784e-19)
(0.0141452 3.10893 0)
(0.020171 3.11052 -2.3586e-19)
(0.03791 3.0905 1.4528e-20)
(0.0149049 2.65379 2.45008e-19)
(-0.0385029 2.58784 1.92471e-19)
(-0.0405257 3.07441 -1.86217e-20)
(-0.0300045 3.10102 2.22215e-19)
(-0.0213459 3.09497 2.15741e-19)
(-0.0124835 3.08845 0)
(-0.000828975 3.08429 -2.1858e-19)
(0.0127301 3.08114 0)
(0.0210585 3.08455 0)
(0.0384381 3.07218 0)
(0.0223526 2.70643 -2.46145e-19)
(-0.0343973 2.67975 -2.00779e-19)
(-0.0427444 3.06335 2.07225e-19)
(-0.0230968 3.0721 -2.09434e-19)
(-0.0130707 3.06204 -3.29166e-19)
(-0.00284934 3.05689 0)
(0.00718012 3.0554 2.93678e-20)
(0.0165771 3.05891 -1.49988e-20)
(0.0248137 3.06302 1.11323e-19)
(0.0417361 3.06163 1.38271e-19)
(0.0207868 2.78041 -1.42243e-19)
(-0.035105 2.77113 2.06031e-19)
(-0.0469253 3.04362 -1.99156e-19)
(-0.0330127 3.04548 1.41251e-20)
(-0.0209003 3.0403 8.35227e-20)
(-0.0110813 3.03632 -1.19183e-19)
(0.000314416 3.03389 0)
(0.014068 3.03183 1.28035e-19)
(0.0256637 3.03563 4.95063e-21)
(0.0445902 3.03661 -2.66978e-19)
(0.0287114 2.83263 -6.55143e-21)
(-0.0291128 2.85637 -5.79802e-20)
(-0.0436226 3.02287 1.42434e-20)
(-0.0228334 3.01806 -7.38365e-20)
(-0.0109871 3.01455 3.01425e-20)
(-0.00216664 3.01412 1.45214e-19)
(0.00628896 3.01346 -6.15286e-20)
(0.0142135 3.01443 -6.16024e-20)
(0.0233604 3.01693 -6.40513e-20)
(0.0418573 3.02183 1.36789e-19)
(0.0247758 2.9003 6.72361e-20)
(-0.0178146 2.93914 4.66222e-20)
(-0.0262351 2.99946 2.0598e-20)
(-0.0162729 3.00052 4.07113e-20)
(-0.00943883 3.00172 -8.32989e-20)
(-0.0041402 3.00265 2.81719e-20)
(0.000650421 3.00217 5.73363e-20)
(0.00562634 3.00061 -5.97735e-20)
(0.0107156 2.99898 -6.24533e-20)
(0.0218025 2.99716 8.40916e-21)
(0.0165453 2.94915 5.97118e-20)
)
;

boundaryField
{
    wall-4
    {
        type            noSlip;
    }
    pressure-outlet-7
    {
        type            zeroGradient;
    }
    velocity-inlet-6
    {
        type            fixedValue;
        value           uniform (0 3 0);
    }
    velocity-inlet-5
    {
        type            fixedValue;
        value           uniform (1 0 0);
    }
    frontAndBackPlanes
    {
        type            empty;
    }
}


// ************************************************************************* //
