/*--------------------------------*- C++ -*----------------------------------*\
| =========                 |                                                 |
| \\      /  F ield         | OpenFOAM: The Open Source CFD Toolbox           |
|  \\    /   O peration     | Version:  4.0                                   |
|   \\  /    A nd           | Web:      www.OpenFOAM.org                      |
|    \\/     M anipulation  |                                                 |
\*---------------------------------------------------------------------------*/
FoamFile
{
    version     2.0;
    format      ascii;
    class       volScalarField;
    location    "52";
    object      p;
}
// * * * * * * * * * * * * * * * * * * * * * * * * * * * * * * * * * * * * * //

dimensions      [0 2 -2 0 0 0 0];

internalField   nonuniform List<scalar> 
8800
(
0.784429
0.736641
0.697951
0.668955
0.64809
0.633257
0.622659
0.615176
0.610353
0.608292
0.609557
0.613744
0.620386
0.6297
0.642478
0.66021
0.684986
0.718926
0.761475
0.820177
0.615681
0.62336
0.630834
0.634141
0.632636
0.627557
0.621068
0.614987
0.610261
0.607414
0.607131
0.609633
0.614118
0.62006
0.626827
0.633105
0.636744
0.636007
0.630586
0.621894
0.59409
0.600249
0.604375
0.607317
0.609364
0.609965
0.608856
0.606747
0.604727
0.603816
0.604774
0.607151
0.609946
0.612123
0.612727
0.611525
0.609181
0.605786
0.601227
0.597466
0.588291
0.590941
0.59369
0.59609
0.597722
0.598879
0.599616
0.599729
0.599429
0.599374
0.600121
0.601285
0.602119
0.602179
0.601565
0.60047
0.598651
0.596078
0.593674
0.59217
0.582924
0.584348
0.586124
0.588153
0.589932
0.591268
0.592251
0.593042
0.593651
0.594209
0.594853
0.595341
0.595433
0.595138
0.594434
0.593181
0.591481
0.589629
0.58832
0.587488
0.577866
0.578786
0.580024
0.581586
0.583212
0.584731
0.586008
0.587067
0.588023
0.588908
0.589588
0.589905
0.589852
0.589402
0.588513
0.587306
0.585972
0.584708
0.583883
0.583332
0.572983
0.573652
0.574611
0.575907
0.577309
0.578758
0.580188
0.5815
0.582687
0.583783
0.584591
0.584943
0.584844
0.584322
0.583504
0.582546
0.581525
0.580596
0.580008
0.579603
0.568228
0.568745
0.569524
0.570647
0.571915
0.573279
0.574713
0.576171
0.577585
0.578904
0.579892
0.580342
0.580296
0.579892
0.579272
0.578534
0.577748
0.577056
0.57662
0.576303
0.563533
0.563943
0.564594
0.565592
0.566787
0.568101
0.569531
0.571069
0.572671
0.574246
0.575465
0.576094
0.57623
0.576035
0.575629
0.575095
0.574509
0.574006
0.57368
0.573423
0.558811
0.559145
0.559707
0.560625
0.561769
0.563066
0.564527
0.566157
0.567937
0.569789
0.57131
0.572216
0.572614
0.572659
0.572473
0.572153
0.571754
0.571407
0.571164
0.570949
0.553977
0.554254
0.554755
0.555625
0.55675
0.558067
0.559597
0.561359
0.563357
0.565526
0.567429
0.568696
0.569409
0.569727
0.56978
0.569672
0.569457
0.569246
0.56907
0.568885
0.548946
0.549179
0.54964
0.550493
0.551636
0.553018
0.554657
0.556604
0.558882
0.561448
0.56382
0.56552
0.5666
0.567231
0.567547
0.567659
0.567625
0.567538
0.567417
0.567253
0.543628
0.543826
0.544267
0.545132
0.546337
0.547827
0.549631
0.55183
0.554468
0.557535
0.560474
0.562688
0.564195
0.565179
0.565788
0.566127
0.566291
0.566319
0.566244
0.566095
0.537927
0.538096
0.538535
0.539442
0.540749
0.542398
0.544434
0.546963
0.550061
0.55375
0.55738
0.560205
0.562214
0.563603
0.564546
0.56516
0.565514
0.56565
0.565614
0.565475
0.53173
0.531875
0.532326
0.533304
0.53476
0.536626
0.53897
0.541923
0.545602
0.550058
0.554525
0.558083
0.560687
0.562551
0.563869
0.564779
0.565349
0.565599
0.565601
0.565467
0.524905
0.525024
0.525502
0.526584
0.528239
0.530394
0.533132
0.536622
0.541022
0.546416
0.551899
0.556339
0.559651
0.562075
0.563834
0.565081
0.565894
0.566262
0.566298
0.566166
0.517282
0.517377
0.517897
0.519116
0.521029
0.523551
0.526794
0.530968
0.536268
0.542815
0.549526
0.555017
0.559163
0.562246
0.564533
0.566175
0.567255
0.567746
0.567815
0.567681
0.508633
0.508732
0.509305
0.510682
0.512923
0.51592
0.519809
0.524841
0.531264
0.539226
0.547417
0.554157
0.559287
0.563145
0.56606
0.56816
0.569544
0.570168
0.570267
0.570129
0.498666
0.498746
0.499407
0.501006
0.503678
0.507289
0.511997
0.518112
0.525933
0.535628
0.545597
0.553815
0.560106
0.564877
0.568515
0.571159
0.572886
0.573652
0.573781
0.573634
0.487016
0.487079
0.487839
0.48975
0.492974
0.49737
0.503124
0.510611
0.520171
0.531981
0.544083
0.554049
0.561702
0.567545
0.572018
0.575298
0.577409
0.578323
0.578479
0.57832
0.473148
0.473199
0.474101
0.476423
0.480376
0.485809
0.492932
0.502188
0.513942
0.528335
0.542965
0.554963
0.564179
0.571254
0.576705
0.580703
0.583231
0.584295
0.584471
0.584296
0.456303
0.456341
0.457458
0.46036
0.465314
0.472149
0.481098
0.492659
0.507182
0.524721
0.542316
0.556645
0.567637
0.576119
0.582665
0.587477
0.590444
0.591649
0.591836
0.591641
0.435367
0.435404
0.436859
0.440627
0.447021
0.455831
0.467283
0.481888
0.499896
0.521213
0.542241
0.559202
0.572185
0.58223
0.589979
0.59568
0.599086
0.600409
0.600592
0.600375
0.408599
0.408655
0.410691
0.415864
0.424481
0.436193
0.451171
0.469823
0.492203
0.518005
0.542922
0.562763
0.577905
0.589652
0.598706
0.605326
0.609127
0.610518
0.610677
0.610436
0.372997
0.373149
0.376378
0.384146
0.396534
0.412683
0.432697
0.456676
0.484415
0.515394
0.544586
0.567493
0.584891
0.59842
0.608858
0.616347
0.620435
0.621813
0.621918
0.621654
0.322823
0.323779
0.330205
0.343296
0.36223
0.385231
0.412174
0.442866
0.476911
0.513653
0.547392
0.573469
0.593163
0.608478
0.620299
0.628526
0.632732
0.63399
0.634016
0.633733
0.249196
0.256367
0.271257
0.294319
0.323032
0.355214
0.390645
0.429103
0.470189
0.513228
0.551869
0.58138
0.6036
0.620911
0.634205
0.643129
0.6474
0.648542
0.648517
0.64827
0.169877
0.1869
0.211058
0.244754
0.283638
0.325157
0.369167
0.415605
0.464162
0.514245
0.55881
0.59271
0.618184
0.637994
0.653182
0.66276
0.666857
0.667777
0.667775
0.667629
0.103801
0.123883
0.155724
0.198417
0.246293
0.296612
0.348944
0.40322
0.459117
0.516052
0.566272
0.604272
0.632777
0.654808
0.671277
0.681101
0.685015
0.685869
0.685949
0.685869
0.049681
0.0714167
0.108758
0.15785
0.212827
0.270565
0.330269
0.391738
0.454526
0.51798
0.573564
0.615402
0.646628
0.670566
0.688226
0.69856
0.702831
0.703774
0.703857
0.703821
0.00456706
0.027498
0.0686273
0.122801
0.183489
0.247349
0.313375
0.381232
0.450326
0.519865
0.580503
0.62595
0.659759
0.685586
0.704489
0.715688
0.720292
0.721204
0.721333
0.721328
-0.0337946
-0.0101773
0.0338064
0.0920277
0.157511
0.226582
0.2981
0.371636
0.446466
0.521647
0.587024
0.635871
0.672114
0.699767
0.71989
0.731881
0.736869
0.737916
0.738076
0.738095
-0.0674129
-0.0433291
0.00293291
0.0644704
0.134009
0.207607
0.28399
0.36264
0.442728
0.523163
0.592993
0.645024
0.683536
0.7128
0.733992
0.746686
0.752084
0.753368
0.753579
0.753604
-0.097762
-0.0732648
-0.0251356
0.0392365
0.112272
0.18983
0.270569
0.35388
0.438839
0.524217
0.598257
0.653278
0.69386
0.724497
0.746667
0.759922
0.76565
0.767168
0.76741
0.767439
-0.125783
-0.100904
-0.0511612
0.0156351
0.0917495
0.172814
0.257469
0.345046
0.434554
0.524619
0.602702
0.66058
0.703075
0.734988
0.757892
0.771559
0.777532
0.779216
0.77948
0.779491
-0.152257
-0.126952
-0.0757068
-0.00681567
0.0720335
0.156224
0.244416
0.335913
0.42968
0.524239
0.606282
0.666962
0.711287
0.744374
0.767853
0.781805
0.787954
0.789736
0.789991
0.789976
-0.177532
-0.151788
-0.0993709
-0.0284343
0.0528341
0.139829
0.231223
0.326328
0.424098
0.523003
0.608977
0.672468
0.71862
0.752813
0.77684
0.790914
0.797104
0.798932
0.799151
0.799103
-0.202012
-0.1757
-0.122225
-0.0494652
0.0339593
0.123471
0.21777
0.316192
0.417719
0.520833
0.610758
0.677144
0.725188
0.760498
0.784947
0.79906
0.805242
0.80703
0.807252
0.807184
-0.225822
-0.199072
-0.144414
-0.0700564
0.0152974
0.107064
0.203989
0.305453
0.410494
0.517681
0.6116
0.681033
0.731122
0.767586
0.792381
0.806457
0.812569
0.814285
0.81445
0.814352
-0.249078
-0.221783
-0.166088
-0.0902843
-0.00319821
0.0905789
0.189861
0.29409
0.4024
0.513504
0.611456
0.684156
0.736514
0.774198
0.799288
0.813255
0.819188
0.820777
0.820869
0.820731
-0.271902
-0.244012
-0.18731
-0.110176
-0.0215512
0.0740196
0.175407
0.282129
0.393441
0.508267
0.610273
0.686499
0.741432
0.780464
0.805807
0.819537
0.825152
0.826535
0.826547
0.826383
-0.2943
-0.265732
-0.208087
-0.129726
-0.0397265
0.0574196
0.160674
0.269614
0.383647
0.501951
0.607995
0.688017
0.745892
0.786515
0.812127
0.82543
0.83053
0.831628
0.831561
0.831382
-0.316115
-0.286906
-0.228359
-0.148907
-0.0576872
0.0408459
0.145723
0.256622
0.373078
0.49458
0.604562
0.688622
0.749845
0.792487
0.818547
0.831207
0.835449
0.836109
0.835952
0.835777
-0.337322
-0.307505
-0.248108
-0.167668
-0.0753744
0.0243586
0.130648
0.243232
0.361814
0.486188
0.599933
0.688179
0.753184
0.798445
0.825447
0.83737
0.840235
0.840068
0.839757
0.839627
-0.357988
-0.327491
-0.267306
-0.185971
-0.0927247
0.00804149
0.115536
0.229548
0.34995
0.476841
0.594069
0.686543
0.755706
0.80428
0.833137
0.844782
0.845819
0.843938
0.843106
0.843235
-0.377937
-0.346839
-0.285895
-0.203755
-0.109679
-0.00802168
0.100483
0.215683
0.337601
0.46664
0.586964
0.683544
0.757132
0.809628
0.841529
0.854394
0.854256
0.849841
0.846957
0.846393
-0.397264
-0.36554
-0.303893
-0.221047
-0.126268
-0.0238741
0.0854332
0.20158
0.324703
0.455514
0.578483
0.678907
0.757147
0.813941
0.849888
0.866369
0.867848
0.861961
0.853427
0.839027
-0.415893
-0.383578
-0.321416
-0.238044
-0.142779
-0.039847
0.0699742
0.186759
0.31072
0.442829
0.567978
0.671839
0.75515
0.816418
0.856338
0.87816
0.882108
0.870145
0.850736
0.838431
-0.433645
-0.401085
-0.338269
-0.254533
-0.158874
-0.0555956
0.0543321
0.171544
0.29596
0.428847
0.555529
0.661893
0.750391
0.815941
0.856494
0.878052
0.885148
0.86272
0.794828
0.764229
-0.449852
-0.419297
-0.354116
-0.269979
-0.17379
-0.0706172
0.0388165
0.156165
0.280641
0.413695
0.541079
0.648783
0.741549
0.811892
0.845572
0.861043
0.852739
0.799654
0.730682
0.688191
-0.506003
-0.435351
-0.368559
-0.28547
-0.189113
-0.0863586
0.0233646
0.140342
0.264399
0.396927
0.524033
0.631914
0.724898
0.801855
0.807932
0.812565
0.765194
0.696231
0.620078
0.577662
-0.467057
-0.450888
-0.390086
-0.306403
-0.211621
-0.108986
-0.000288441
0.115996
0.238988
0.369988
0.49495
0.6008
0.685681
0.766375
0.755362
0.644396
0.540503
0.468211
0.395317
0.42652
-0.498365
-0.468748
-0.406949
-0.324038
-0.229249
-0.126812
-0.0178654
0.0977586
0.219651
0.348815
0.470929
0.572415
0.648652
0.691091
0.643735
0.497096
0.370599
0.280059
0.181767
0.232434
-0.522475
-0.489904
-0.426804
-0.343679
-0.2488
-0.146466
-0.0376075
0.0771683
0.19764
0.32439
0.442758
0.538119
0.60523
0.614166
0.509003
0.337616
0.186065
0.0680924
-0.062501
-0.0293834
-0.546093
-0.511944
-0.447629
-0.363584
-0.268566
-0.166365
-0.0580234
0.0557794
0.174643
0.298617
0.412352
0.500294
0.55202
0.530138
0.373151
0.178113
-0.011249
-0.178398
-0.36652
-0.384507
-0.569096
-0.534478
-0.469244
-0.384412
-0.289197
-0.187194
-0.0794904
0.0332234
0.150232
0.271057
0.379478
0.459846
0.492749
0.434985
0.243912
0.0346772
-0.181647
-0.370213
-0.611753
-0.910535
-0.592384
-0.557751
-0.491946
-0.406594
-0.311156
-0.209297
-0.102157
0.00943977
0.124497
0.241932
0.344769
0.416938
0.429525
0.320902
0.131532
-0.0770609
-0.280334
-0.451854
-0.520412
-0.599724
-0.61691
-0.582209
-0.516084
-0.430467
-0.334943
-0.233317
-0.126828
-0.016517
0.0962806
0.209817
0.306701
0.36802
0.356183
0.214007
0.0318024
-0.157819
-0.31948
-0.411584
-0.435482
-0.451459
-0.642987
-0.608161
-0.541826
-0.456111
-0.360686
-0.259457
-0.153857
-0.0451301
0.0649945
0.173999
0.264435
0.312036
0.28282
0.114838
-0.0585834
-0.223159
-0.348545
-0.387229
-0.400157
-0.401486
-0.670814
-0.635781
-0.569233
-0.483513
-0.388326
-0.287718
-0.183257
-0.0764454
0.0305722
0.134473
0.217567
0.251211
0.202892
0.023183
-0.141312
-0.288678
-0.363776
-0.380904
-0.382305
-0.382132
-0.70045
-0.665119
-0.598321
-0.512664
-0.417869
-0.318077
-0.215022
-0.110471
-0.00697751
0.0912922
0.166149
0.188323
0.104443
-0.0606361
-0.217151
-0.338563
-0.374865
-0.373018
-0.371956
-0.37135
-0.731601
-0.695999
-0.628975
-0.543463
-0.449215
-0.350469
-0.24911
-0.147173
-0.0476224
0.0445378
0.110941
0.116532
0.0144913
-0.138966
-0.277324
-0.351894
-0.362275
-0.365069
-0.365817
-0.365463
-0.763697
-0.727944
-0.66093
-0.575671
-0.482165
-0.384719
-0.285353
-0.186408
-0.091186
-0.00547422
0.0522683
0.0432027
-0.0664378
-0.205403
-0.321126
-0.352423
-0.360543
-0.3623
-0.362197
-0.361895
-0.796265
-0.760404
-0.693717
-0.608875
-0.516353
-0.420485
-0.323448
-0.227873
-0.137386
-0.0581112
-0.0109042
-0.027359
-0.14102
-0.259001
-0.352406
-0.366933
-0.360263
-0.359431
-0.359453
-0.359332
-0.828407
-0.79265
-0.726442
-0.642456
-0.551212
-0.457267
-0.362915
-0.271065
-0.185732
-0.112853
-0.075588
-0.0944835
-0.20705
-0.298818
-0.354939
-0.365718
-0.361479
-0.359186
-0.358384
-0.358175
-0.858491
-0.823472
-0.758128
-0.675469
-0.585944
-0.494327
-0.403055
-0.315246
-0.235392
-0.169188
-0.135496
-0.172617
-0.2647
-0.328816
-0.339935
-0.358908
-0.363484
-0.361741
-0.361075
-0.360547
-0.884945
-0.850998
-0.787624
-0.706704
-0.619473
-0.530679
-0.442943
-0.359466
-0.285169
-0.226162
-0.193764
-0.252917
-0.330131
-0.339689
-0.356791
-0.368834
-0.376119
-0.379039
-0.380287
-0.380073
-0.905615
-0.873421
-0.812827
-0.734716
-0.650474
-0.565109
-0.481398
-0.402563
-0.333734
-0.282199
-0.255473
-0.329286
-0.416514
-0.427959
-0.404385
-0.429336
-0.436804
-0.439982
-0.438092
-0.435789
-0.918248
-0.888773
-0.831843
-0.757609
-0.677396
-0.596205
-0.517068
-0.443136
-0.379609
-0.335051
-0.316687
-0.398343
-0.550303
-0.679041
-0.62323
-0.562374
-0.532971
-0.518777
-0.508621
-0.50573
-0.920186
-0.894786
-0.842703
-0.773532
-0.698502
-0.622546
-0.54846
-0.479587
-0.421163
-0.381537
-0.365069
-0.445503
-0.614996
-0.920061
-0.833521
-0.62298
-0.524834
-0.492569
-0.483737
-0.481138
-0.909363
-0.88884
-0.843234
-0.780863
-0.712275
-0.642507
-0.574133
-0.510341
-0.456274
-0.418406
-0.392901
-0.397306
-0.404996
-0.561064
-0.543567
-0.438098
-0.394823
-0.383876
-0.381311
-0.378925
-0.883626
-0.868048
-0.831649
-0.778393
-0.717749
-0.655087
-0.592854
-0.534048
-0.48284
-0.44632
-0.403406
-0.247518
0.0552389
0.366776
0.217272
-0.0581183
-0.212104
-0.266706
-0.283734
-0.285695
-0.845341
-0.835198
-0.808589
-0.766292
-0.714938
-0.660102
-0.604175
-0.549746
-0.500869
-0.463028
-0.410559
-0.238742
0.095851
0.353508
0.137497
-0.150552
-0.34322
-0.411539
-0.427079
-0.434986
-0.800992
-0.795209
-0.778855
-0.747304
-0.705814
-0.65845
-0.608493
-0.55791
-0.510764
-0.473655
-0.442504
-0.517109
-0.804703
-1.07272
-1.17536
-1.19201
-1.07518
-0.936938
-0.865797
-0.875663
-0.760188
-0.756719
-0.748622
-0.726942
-0.693412
-0.652352
-0.606883
-0.5588
-0.511189
-0.473975
-0.456982
-0.726509
-1.41384
-2.35395
-2.89014
-2.88025
-2.59544
-2.26776
-1.95022
-1.77793
-0.730315
-0.728109
-0.724115
-0.710075
-0.682354
-0.644794
-0.601343
-0.552347
-0.500573
-0.446172
-0.42213
-0.475785
-0.721087
-0.890988
-0.906358
-0.701617
-0.509609
-0.374225
-0.23439
-0.156727
-0.707728
-0.706934
-0.705755
-0.69838
-0.675656
-0.639438
-0.594291
-0.541986
-0.481243
-0.413347
-0.352952
-0.306533
-0.188998
0.134007
0.530995
0.887015
1.11251
1.21777
1.26757
1.28176
-0.69408
-0.693724
-0.693266
-0.689989
-0.672503
-0.636537
-0.588092
-0.530352
-0.462954
-0.383381
-0.289587
-0.185949
0.0660821
0.546295
1.03454
1.47219
1.74275
1.86818
1.90999
1.91772
-0.684959
-0.684716
-0.684163
-0.683362
-0.671145
-0.635841
-0.583793
-0.520349
-0.443978
-0.348188
-0.23829
-0.120204
0.143818
0.58866
1.0499
1.45471
1.72051
1.84596
1.88823
1.89757
-0.678961
-0.67903
-0.679015
-0.678846
-0.670188
-0.637717
-0.583858
-0.514471
-0.428882
-0.329012
-0.217748
-0.101214
0.102315
0.491051
0.868012
1.19025
1.41217
1.52248
1.56518
1.57658
-0.676521
-0.675554
-0.672471
-0.668932
-0.665952
-0.643448
-0.590636
-0.514749
-0.422886
-0.319787
-0.214938
-0.113409
0.0394261
0.355162
0.6512
0.888444
1.05871
1.14964
1.18987
1.20231
-0.695505
-0.690977
-0.678931
-0.66883
-0.672548
-0.664543
-0.607302
-0.52036
-0.420885
-0.316537
-0.221393
-0.1336
-0.0181529
0.217355
0.452017
0.6343
0.770153
0.847015
0.882201
0.892784
-0.758532
-0.756065
-0.755652
-0.761348
-0.764302
-0.731182
-0.637338
-0.526893
-0.416562
-0.311425
-0.227999
-0.16202
-0.0767881
0.12163
0.302965
0.443202
0.550602
0.612758
0.640592
0.647968
-0.849881
-0.862585
-0.88936
-0.904859
-0.889808
-0.80531
-0.661633
-0.523504
-0.405697
-0.303247
-0.228832
-0.177581
-0.122792
0.0283103
0.174156
0.287499
0.369314
0.416404
0.436651
0.441236
-0.85197
-0.869509
-0.899118
-0.915509
-0.891544
-0.786966
-0.631578
-0.492964
-0.379585
-0.285361
-0.216063
-0.168824
-0.12376
-0.00661269
0.0998312
0.177047
0.23556
0.270188
0.285826
0.289186
-0.669373
-0.686244
-0.711167
-0.726667
-0.704915
-0.623577
-0.519433
-0.419863
-0.332644
-0.255846
-0.193806
-0.144996
-0.0892571
-0.0139127
0.0582977
0.112271
0.150744
0.17375
0.183578
0.185142
-0.380026
-0.388713
-0.403912
-0.419803
-0.421949
-0.400085
-0.362814
-0.31776
-0.26932
-0.216439
-0.164435
-0.114761
-0.0655331
-0.0160585
0.0281886
0.0654025
0.095982
0.115506
0.123664
0.123848
-0.134947
-0.138581
-0.148819
-0.167772
-0.192055
-0.21253
-0.222569
-0.220253
-0.204816
-0.176316
-0.138483
-0.0959992
-0.0566475
-0.0268395
0.00627582
0.0355915
0.0606245
0.0763752
0.0827196
0.0816417
-0.000524229
-0.00250148
-0.0107437
-0.0305453
-0.0627945
-0.0985936
-0.128351
-0.147005
-0.152269
-0.142397
-0.118864
-0.0890255
-0.063403
-0.0523347
-0.0314754
-0.00595786
0.0175983
0.0295402
0.0320831
0.0305953
0.0470616
0.0455686
0.0388481
0.0218999
-0.00671532
-0.0408414
-0.0736045
-0.0997142
-0.115398
-0.118353
-0.108649
-0.0936358
-0.0806997
-0.0797388
-0.067695
-0.0487113
-0.0330706
-0.0244608
-0.0224375
-0.0242271
0.0505436
0.0493923
0.0443825
0.0317335
0.00999786
-0.0174569
-0.0463988
-0.072693
-0.0930406
-0.105123
-0.10723
-0.104209
-0.103376
-0.109576
-0.103427
-0.0917693
-0.0833979
-0.0809741
-0.080859
-0.0822612
0.0371407
0.0363105
0.0327849
0.0238856
0.00828805
-0.0124297
-0.0360729
-0.0598464
-0.0815031
-0.0996425
-0.112249
-0.121801
-0.131295
-0.140671
-0.138949
-0.13359
-0.130836
-0.131483
-0.132597
-0.133383
0.0198337
0.0192529
0.0168197
0.0106766
-0.000329055
-0.0156621
-0.0344143
-0.0550752
-0.0767148
-0.0994135
-0.121679
-0.143893
-0.160801
-0.168324
-0.167529
-0.165527
-0.166458
-0.168659
-0.170002
-0.170531
0.00402331
0.00361746
0.00193404
-0.00231256
-0.0100869
-0.0214303
-0.0361825
-0.0539621
-0.0749225
-0.100533
-0.131364
-0.165796
-0.190766
-0.193736
-0.189623
-0.188087
-0.189611
-0.192288
-0.193298
-0.193631
-0.00833003
-0.00863969
-0.00979259
-0.0127215
-0.0182154
-0.0266144
-0.0381895
-0.0532462
-0.0728597
-0.0995218
-0.135485
-0.177363
-0.210045
-0.206814
-0.199163
-0.197852
-0.200063
-0.202609
-0.20338
-0.20349
-0.0166035
-0.0168522
-0.017657
-0.0196701
-0.0235216
-0.0296757
-0.0386174
-0.0509955
-0.0680586
-0.0938212
-0.130863
-0.176159
-0.20393
-0.196808
-0.190314
-0.19006
-0.194136
-0.19736
-0.19803
-0.197938
-0.0210283
-0.0212079
-0.0217817
-0.0230895
-0.0256803
-0.0300531
-0.0367399
-0.0464814
-0.0606549
-0.0822008
-0.113985
-0.152538
-0.171453
-0.164113
-0.160432
-0.165215
-0.171101
-0.174738
-0.17539
-0.175231
-0.0220001
-0.0221433
-0.0225129
-0.0232984
-0.0249011
-0.0277955
-0.0324706
-0.0395108
-0.0498365
-0.0652938
-0.0867397
-0.111367
-0.121709
-0.11647
-0.118348
-0.126507
-0.133937
-0.137573
-0.138179
-0.13811
-0.0199568
-0.0200708
-0.0202908
-0.0206853
-0.0215464
-0.0232727
-0.02624
-0.0307872
-0.0372591
-0.0457625
-0.0543762
-0.0607843
-0.0582142
-0.0571407
-0.0683767
-0.0810376
-0.0893742
-0.0926941
-0.0933189
-0.0933188
-0.0155302
-0.0156184
-0.0157403
-0.0158858
-0.016196
-0.0170641
-0.0186967
-0.0212124
-0.0244752
-0.0272183
-0.0244761
-0.0128565
0.005059
-0.00375284
-0.0222558
-0.037146
-0.0446681
-0.0463378
-0.0472561
-0.0476369
-0.00929591
-0.00935984
-0.0094165
-0.00942321
-0.00948448
-0.00980287
-0.0105063
-0.011584
-0.0127767
-0.012458
-0.00521795
0.0138138
0.03369
0.0228923
0.0051762
-0.00737211
-0.0109026
-0.0111265
-0.0114623
-0.0124083
-0.00188637
-0.00189521
-0.00191082
-0.00193551
-0.00191934
-0.00187864
-0.00195572
-0.00211008
-0.00231268
-0.00228671
-0.00122808
0.0035863
0.0119937
0.0144141
0.00716741
0.00560603
0.00503708
0.00390661
0.000684969
-0.000231603
-0.136969
0.0301518
0.225382
0.395857
0.532272
0.639957
0.729149
0.805064
0.839596
0.81631
0.166679
0.28761
0.41779
0.530387
0.625394
0.704098
0.767845
0.813096
0.835749
0.84782
0.386207
0.469226
0.558242
0.63691
0.704612
0.761272
0.806335
0.839256
0.863039
0.881016
0.547472
0.606879
0.668758
0.726017
0.77584
0.818158
0.852915
0.88064
0.903466
0.921764
0.673247
0.716487
0.762566
0.806489
0.845291
0.879187
0.908198
0.932342
0.952749
0.970584
0.777777
0.810729
0.848922
0.884541
0.917236
0.946542
0.972152
0.993677
1.01154
1.02889
0.870456
0.899194
0.933219
0.965401
0.995392
1.0226
1.04638
1.06612
1.08164
1.09872
0.959125
0.988357
1.0224
1.05447
1.0841
1.11071
1.1336
1.1521
1.16548
1.18251
1.05449
1.08771
1.12438
1.15797
1.18804
1.21424
1.2362
1.25349
1.26536
1.28276
1.16951
1.20735
1.24601
1.28026
1.30962
1.33438
1.35476
1.37065
1.38212
1.40019
1.31447
1.35302
1.38917
1.41986
1.44555
1.46765
1.48671
1.50224
1.51467
1.53267
1.48956
1.52119
1.54737
1.56982
1.5898
1.60853
1.62625
1.64273
1.65808
1.67615
1.67818
1.69539
1.71042
1.72666
1.74256
1.7571
1.77031
1.78423
1.80178
1.82193
1.8599
1.86944
1.88099
1.8918
1.90108
1.91067
1.92145
1.93282
1.94418
1.95954
2.06714
2.07081
2.05586
2.04105
2.03478
2.04045
2.05893
2.08924
2.12142
2.14808
2.37346
2.2386
2.16196
2.11958
2.10216
2.10612
2.13352
2.18994
2.29256
2.51692
0.67503
0.6729
0.668416
0.659791
0.647564
0.635432
0.625199
0.617298
0.611674
0.60841
0.608044
0.61077
0.615865
0.623079
0.632461
0.643996
0.656644
0.667676
0.673787
0.67684
0.599486
0.605333
0.611665
0.616155
0.618623
0.618295
0.615553
0.611737
0.60822
0.60595
0.60579
0.607975
0.611626
0.615906
0.619706
0.621584
0.620644
0.61716
0.611995
0.605374
0.591066
0.593362
0.596765
0.599758
0.60183
0.603322
0.604072
0.603748
0.602715
0.601821
0.601981
0.603393
0.605195
0.60649
0.606662
0.605765
0.604211
0.601871
0.598605
0.595683
0.585563
0.586649
0.58848
0.590855
0.592875
0.594298
0.595311
0.596055
0.596446
0.596656
0.59713
0.597919
0.598501
0.598554
0.598131
0.597274
0.595798
0.593708
0.591619
0.590235
0.58037
0.581033
0.582139
0.58384
0.585617
0.587242
0.58853
0.589535
0.590406
0.59118
0.591889
0.592418
0.592592
0.592408
0.591828
0.590762
0.589325
0.587775
0.586452
0.585671
0.575408
0.575868
0.576652
0.577946
0.579427
0.580936
0.582391
0.583676
0.584797
0.585832
0.586722
0.587263
0.587383
0.587088
0.586373
0.585369
0.584232
0.58309
0.58217
0.581652
0.570595
0.57094
0.571549
0.572612
0.573898
0.575262
0.576689
0.57812
0.579474
0.58073
0.581808
0.582464
0.582609
0.582307
0.581685
0.58089
0.580023
0.579146
0.578468
0.578088
0.565881
0.566149
0.56664
0.567542
0.568703
0.569988
0.571368
0.572838
0.574355
0.575844
0.577153
0.577977
0.578238
0.578082
0.57766
0.577076
0.576408
0.575755
0.575256
0.574967
0.561183
0.561397
0.561804
0.562596
0.563674
0.564909
0.566276
0.567788
0.569431
0.571148
0.572731
0.573803
0.574289
0.574363
0.574161
0.573789
0.573321
0.572855
0.572494
0.572267
0.556417
0.556588
0.556937
0.557655
0.558686
0.559896
0.561287
0.562878
0.564669
0.56663
0.568539
0.56995
0.570742
0.571088
0.571126
0.570973
0.570707
0.570409
0.570161
0.569981
0.551495
0.551634
0.551941
0.552614
0.553626
0.554858
0.556311
0.558021
0.560012
0.562269
0.564578
0.566412
0.567573
0.568234
0.568542
0.56862
0.568554
0.568414
0.568263
0.568118
0.546332
0.546444
0.546724
0.547376
0.548404
0.549703
0.551262
0.553145
0.555402
0.558035
0.560839
0.563181
0.564775
0.565799
0.566412
0.566737
0.566874
0.566895
0.566827
0.566709
0.540836
0.540925
0.541187
0.541844
0.542926
0.544332
0.546052
0.548175
0.550778
0.553893
0.557305
0.560257
0.56236
0.563802
0.564755
0.56537
0.565731
0.565899
0.565904
0.565808
0.534902
0.53497
0.535226
0.53591
0.537082
0.538643
0.540587
0.54303
0.546072
0.54979
0.553948
0.557634
0.560344
0.562276
0.563618
0.564554
0.56516
0.565487
0.565561
0.565482
0.528407
0.528455
0.528712
0.529446
0.530748
0.532521
0.534763
0.537614
0.541215
0.545677
0.550745
0.555317
0.55875
0.561263
0.56306
0.564351
0.565239
0.565737
0.56588
0.565817
0.521204
0.521233
0.521495
0.522302
0.52378
0.525828
0.52845
0.531822
0.536124
0.541507
0.547683
0.553323
0.557618
0.560815
0.563151
0.564862
0.566072
0.566754
0.566964
0.566913
0.513108
0.513125
0.513387
0.514291
0.515998
0.518388
0.521501
0.525537
0.530721
0.537242
0.544767
0.551686
0.557004
0.561002
0.563974
0.566191
0.567764
0.568645
0.568926
0.568883
0.503811
0.503798
0.504122
0.505162
0.507155
0.509995
0.513737
0.518612
0.524901
0.532833
0.541999
0.55044
0.556964
0.561909
0.565627
0.56844
0.570431
0.571535
0.571887
0.571852
0.493044
0.493004
0.493373
0.494605
0.496965
0.500389
0.504931
0.51087
0.51854
0.528208
0.539357
0.54962
0.557567
0.563631
0.568227
0.571728
0.574201
0.575548
0.575974
0.575942
0.480332
0.480266
0.480711
0.482192
0.485032
0.489215
0.494794
0.502102
0.511527
0.523349
0.536893
0.549303
0.558903
0.566261
0.571885
0.576176
0.579199
0.580808
0.581304
0.581272
0.46504
0.464945
0.465512
0.467341
0.470827
0.476027
0.482984
0.492084
0.503752
0.518242
0.534655
0.549573
0.561077
0.569909
0.576724
0.58191
0.585539
0.587418
0.587977
0.587939
0.446248
0.446124
0.446887
0.449225
0.45362
0.460232
0.469073
0.480566
0.495125
0.51292
0.532737
0.550528
0.564188
0.574686
0.582813
0.589018
0.593296
0.59544
0.596045
0.595994
0.422561
0.42242
0.423511
0.426638
0.432399
0.441077
0.452585
0.467327
0.485614
0.507444
0.531241
0.552285
0.568332
0.58067
0.59023
0.597549
0.602489
0.604864
0.60549
0.605416
0.391678
0.391556
0.393253
0.397749
0.40579
0.417678
0.433105
0.452322
0.475407
0.502122
0.530463
0.555058
0.573645
0.58793
0.59904
0.60752
0.61306
0.615589
0.616192
0.616088
0.349495
0.349532
0.352563
0.35991
0.372171
0.38931
0.410536
0.435771
0.464811
0.497206
0.530578
0.558968
0.580211
0.596513
0.609201
0.618833
0.624824
0.627368
0.627892
0.627751
0.288329
0.289506
0.296929
0.310636
0.330597
0.356074
0.385454
0.418355
0.454458
0.493215
0.531924
0.564176
0.58806
0.606339
0.620543
0.631141
0.637397
0.639734
0.640083
0.639907
0.215578
0.217302
0.23153
0.255111
0.285899
0.321236
0.359548
0.400655
0.444366
0.490179
0.535136
0.572239
0.599635
0.620519
0.636628
0.648418
0.654908
0.657152
0.65748
0.657396
0.140401
0.146508
0.167543
0.20127
0.242383
0.287301
0.334505
0.383873
0.435287
0.488292
0.539711
0.581862
0.612902
0.636606
0.654898
0.667643
0.673993
0.675901
0.676138
0.676109
0.0789149
0.0873114
0.112913
0.153623
0.202795
0.255889
0.311121
0.368231
0.427004
0.486933
0.544536
0.591445
0.625841
0.651983
0.671901
0.6854
0.691782
0.693545
0.693929
0.693965
0.0288815
0.0378726
0.067017
0.112946
0.168233
0.227917
0.289935
0.353873
0.419352
0.485753
0.549198
0.600593
0.638112
0.666509
0.687967
0.702386
0.709067
0.711302
0.71179
0.711861
-0.013072
-0.00379274
0.0278095
0.077734
0.138029
0.203179
0.270948
0.340854
0.412363
0.48472
0.553633
0.609248
0.649713
0.680283
0.703347
0.718733
0.726146
0.72874
0.729304
0.729394
-0.0492915
-0.0398876
-0.00642606
0.0467024
0.111129
0.180942
0.253722
0.32891
0.405868
0.483708
0.557728
0.617306
0.660546
0.693139
0.717691
0.73405
0.742167
0.744992
0.745649
0.745742
-0.0814317
-0.0719746
-0.0370783
0.0187563
0.0866502
0.160478
0.237685
0.317621
0.399563
0.482495
0.561318
0.624626
0.670442
0.704839
0.730646
0.74786
0.756643
0.75974
0.760418
0.760503
-0.110749
-0.101235
-0.0651631
-0.00699082
0.0638894
0.141228
0.222366
0.306605
0.393141
0.480853
0.564236
0.631092
0.679305
0.715347
0.742195
0.760085
0.769341
0.772666
0.773395
0.773466
-0.138091
-0.128517
-0.0913865
-0.0312205
0.0423242
0.122767
0.207418
0.295568
0.38636
0.478585
0.56636
0.63666
0.687171
0.724721
0.752509
0.770907
0.780423
0.783926
0.784699
0.784755
-0.164009
-0.154353
-0.116231
-0.0543674
0.0215725
0.104777
0.192591
0.284305
0.379046
0.475561
0.567624
0.641342
0.694123
0.733119
0.761775
0.78053
0.790172
0.79376
0.794544
0.794574
-0.188984
-0.179141
-0.140166
-0.0766778
0.00137254
0.0870444
0.177714
0.272679
0.371093
0.471692
0.567973
0.645151
0.70024
0.740692
0.770123
0.789135
0.798806
0.802374
0.803141
0.803133
-0.21324
-0.203163
-0.163413
-0.0983557
-0.0184406
0.069436
0.162678
0.26061
0.362424
0.466914
0.567365
0.648087
0.70561
0.747598
0.777763
0.796923
0.806564
0.810073
0.810786
0.810749
-0.236874
-0.226576
-0.18598
-0.119554
-0.0379618
0.0518928
0.147437
0.248058
0.353007
0.461178
0.565747
0.65015
0.710306
0.753965
0.784839
0.80407
0.813616
0.817001
0.817632
0.817571
-0.260023
-0.249409
-0.208053
-0.140333
-0.05723
0.0343839
0.131985
0.235026
0.342842
0.45447
0.563067
0.65131
0.714378
0.759896
0.791491
0.810711
0.820048
0.823226
0.823738
0.823631
-0.28266
-0.271755
-0.229638
-0.160717
-0.0762474
0.016928
0.116358
0.221553
0.331957
0.446782
0.559284
0.651513
0.717835
0.765481
0.797868
0.81697
0.825909
0.828759
0.829124
0.828981
-0.30483
-0.293604
-0.250676
-0.180682
-0.0949886
-0.00043615
0.100602
0.207704
0.320411
0.438142
0.554364
0.65069
0.720619
0.770775
0.804181
0.823083
0.83135
0.833678
0.833861
0.833689
-0.326349
-0.314875
-0.271162
-0.200186
-0.113401
-0.017634
0.0847862
0.193551
0.308278
0.428611
0.548294
0.648759
0.722623
0.775781
0.810673
0.829441
0.836663
0.838099
0.837987
0.837797
-0.347359
-0.335527
-0.291077
-0.219203
-0.131449
-0.0346242
0.0690052
0.179179
0.295651
0.41827
0.541091
0.645617
0.723681
0.780386
0.817505
0.836612
0.842517
0.842384
0.841581
0.841365
-0.367689
-0.355532
-0.310384
-0.237682
-0.149051
-0.0513204
0.0533421
0.164712
0.282641
0.407192
0.532803
0.641168
0.723589
0.784336
0.824579
0.845168
0.850242
0.847834
0.8452
0.844145
-0.387399
-0.374931
-0.32903
-0.25557
-0.166169
-0.0676513
0.0378825
0.150229
0.269362
0.395515
0.523505
0.635321
0.72212
0.787234
0.831337
0.855059
0.861352
0.857688
0.8511
0.842417
-0.406404
-0.39368
-0.347108
-0.273021
-0.183011
-0.0838926
0.0222918
0.135333
0.255364
0.382736
0.512661
0.627501
0.718745
0.788649
0.836992
0.86536
0.875994
0.873134
0.863086
0.85723
-0.424654
-0.411699
-0.364605
-0.289999
-0.199576
-0.100041
0.00658661
0.120004
0.240605
0.368741
0.500082
0.617331
0.712712
0.787804
0.83948
0.871446
0.884601
0.886289
0.84876
0.796745
-0.441852
-0.428205
-0.381391
-0.306428
-0.215964
-0.116247
-0.00928205
0.10436
0.225143
0.353591
0.485701
0.60459
0.702962
0.784156
0.836614
0.863645
0.877026
0.860165
0.803812
0.74145
-0.458326
-0.443745
-0.39732
-0.3216
-0.231741
-0.132041
-0.0255406
0.0884571
0.209123
0.337458
0.46954
0.589056
0.688317
0.778454
0.82598
0.866063
0.832936
0.78598
0.715418
0.648541
-0.444242
-0.425922
-0.375653
-0.295482
-0.199902
-0.0971018
0.0146202
0.131379
0.255123
0.387232
0.513913
0.621569
0.712999
0.808162
0.846069
0.765556
0.71442
0.648452
0.575265
0.52729
-0.468625
-0.452307
-0.415974
-0.345553
-0.256065
-0.157264
-0.0505006
0.062924
0.182912
0.310142
0.440634
0.558683
0.655758
0.738174
0.811792
0.802704
0.679084
0.593661
0.529632
0.447169
-0.488794
-0.47305
-0.431065
-0.359297
-0.269348
-0.170928
-0.0653006
0.0472091
0.166241
0.292087
0.42098
0.536957
0.630817
0.701839
0.727685
0.649985
0.509597
0.413238
0.337616
0.250107
-0.50941
-0.496728
-0.450219
-0.377193
-0.287161
-0.188385
-0.0827873
0.0294224
0.147562
0.271924
0.398045
0.509451
0.594354
0.651146
0.627713
0.496298
0.344692
0.227409
0.129497
-0.00597977
-0.533228
-0.520123
-0.471444
-0.397193
-0.306917
-0.208054
-0.102568
0.00907617
0.126121
0.248609
0.371345
0.477276
0.553638
0.589012
0.530237
0.348066
0.167766
0.0158908
-0.123755
-0.319307
-0.55607
-0.543268
-0.493369
-0.417849
-0.327073
-0.228246
-0.123141
-0.0123344
0.103358
0.22358
0.342477
0.442215
0.510798
0.512097
0.403854
0.207571
-0.00380383
-0.202354
-0.376034
-0.766002
-0.578989
-0.566522
-0.51608
-0.43962
-0.348431
-0.249567
-0.144856
-0.0349095
0.0793039
0.197001
0.31167
0.404273
0.461415
0.430763
0.28091
0.0824623
-0.13286
-0.342555
-0.519978
-0.793566
-0.602851
-0.59052
-0.539825
-0.462769
-0.371294
-0.272387
-0.168028
-0.0589238
0.0537437
0.168725
0.27887
0.364024
0.406629
0.359283
0.170993
-0.0203514
-0.215689
-0.380737
-0.451689
-0.490166
-0.628151
-0.615943
-0.564988
-0.487603
-0.396045
-0.297271
-0.19342
-0.085392
0.0253961
0.137164
0.242101
0.319271
0.345644
0.26406
0.0732199
-0.10603
-0.268286
-0.373025
-0.410422
-0.419587
-0.655085
-0.642895
-0.591738
-0.514137
-0.422627
-0.324168
-0.221047
-0.114363
-0.00583175
0.102209
0.20121
0.270152
0.270417
0.159605
-0.0160492
-0.181671
-0.31893
-0.373319
-0.385355
-0.390283
-0.683861
-0.671589
-0.62015
-0.542382
-0.451029
-0.353074
-0.250907
-0.145874
-0.0399744
0.0638777
0.156254
0.216122
0.192153
0.0619124
-0.099072
-0.254946
-0.352308
-0.380405
-0.376722
-0.376802
-0.714172
-0.702106
-0.650185
-0.572294
-0.481208
-0.383935
-0.282978
-0.179903
-0.0770147
0.0221747
0.107454
0.156017
0.123588
-0.0279282
-0.174685
-0.311063
-0.350691
-0.363084
-0.367981
-0.368122
-0.745864
-0.733779
-0.681618
-0.603697
-0.513017
-0.416634
-0.317152
-0.216361
-0.116886
-0.0227482
0.055022
0.0928733
0.054538
-0.104755
-0.241253
-0.33507
-0.379403
-0.366853
-0.364063
-0.363798
-0.778396
-0.766291
-0.714135
-0.636247
-0.546154
-0.450903
-0.35318
-0.255023
-0.159367
-0.0705847
-0.00071992
0.0281615
-0.0300807
-0.171541
-0.29416
-0.34248
-0.358514
-0.360388
-0.361036
-0.36093
-0.811003
-0.798972
-0.746836
-0.669381
-0.580136
-0.486303
-0.390679
-0.295503
-0.204064
-0.120978
-0.058465
-0.0452776
-0.11152
-0.228033
-0.325649
-0.352031
-0.356226
-0.35907
-0.358919
-0.358907
-0.842443
-0.830853
-0.778881
-0.702325
-0.614242
-0.52219
-0.42904
-0.337206
-0.250316
-0.173381
-0.116689
-0.119011
-0.186089
-0.275602
-0.343774
-0.398352
-0.373205
-0.361847
-0.359009
-0.358552
-0.871219
-0.860128
-0.809168
-0.733738
-0.647487
-0.557672
-0.467445
-0.379323
-0.297216
-0.226691
-0.175479
-0.185129
-0.263111
-0.313344
-0.343695
-0.349034
-0.362383
-0.366822
-0.36771
-0.367776
-0.89562
-0.885233
-0.835749
-0.762402
-0.678596
-0.591587
-0.504813
-0.420822
-0.34363
-0.279451
-0.235478
-0.248971
-0.340988
-0.377161
-0.325175
-0.370308
-0.393652
-0.400486
-0.402794
-0.402739
-0.913274
-0.903815
-0.856634
-0.786368
-0.706017
-0.622623
-0.539859
-0.460417
-0.388258
-0.330149
-0.294555
-0.311125
-0.427961
-0.512291
-0.506802
-0.493235
-0.488312
-0.490062
-0.484695
-0.4784
-0.922099
-0.913477
-0.869721
-0.803692
-0.727929
-0.649203
-0.571169
-0.496595
-0.429584
-0.376894
-0.348254
-0.368543
-0.505076
-0.729131
-0.83132
-0.670931
-0.573242
-0.531844
-0.514629
-0.507615
-0.917845
-0.910747
-0.873332
-0.81247
-0.742581
-0.669702
-0.597224
-0.527917
-0.465796
-0.417588
-0.392756
-0.39573
-0.486663
-0.688802
-0.87052
-0.653064
-0.513626
-0.458688
-0.443662
-0.439164
-0.899041
-0.89419
-0.864643
-0.811349
-0.74864
-0.682814
-0.616693
-0.552928
-0.495115
-0.450018
-0.422658
-0.376958
-0.252615
-0.0916793
-0.143048
-0.201873
-0.268505
-0.30121
-0.313938
-0.317202
-0.866168
-0.862649
-0.842293
-0.799392
-0.745736
-0.687962
-0.628789
-0.570464
-0.51676
-0.472614
-0.440302
-0.338093
-0.0107698
0.422555
0.549733
0.157097
-0.134473
-0.269908
-0.305021
-0.31516
-0.823683
-0.821443
-0.809571
-0.778663
-0.73493
-0.685762
-0.63364
-0.580559
-0.529752
-0.486155
-0.450947
-0.390064
-0.322615
-0.28382
-0.276687
-0.421879
-0.557275
-0.594129
-0.589863
-0.599839
-0.779797
-0.778483
-0.772427
-0.753581
-0.719898
-0.678068
-0.632342
-0.583845
-0.535167
-0.492377
-0.463744
-0.532587
-0.94059
-1.63354
-2.13172
-2.20082
-2.02451
-1.78016
-1.50943
-1.37852
-0.743746
-0.74302
-0.740085
-0.728863
-0.704088
-0.668702
-0.627111
-0.580649
-0.531609
-0.482787
-0.460378
-0.476794
-0.878392
-1.52246
-2.17189
-2.31919
-2.10638
-1.86048
-1.54797
-1.4308
-0.718172
-0.717328
-0.715808
-0.711122
-0.69282
-0.661311
-0.620544
-0.573322
-0.519553
-0.461896
-0.40156
-0.358012
-0.392231
-0.333349
-0.126339
0.148081
0.40875
0.563889
0.652321
0.700756
-0.700257
-0.699938
-0.699352
-0.697502
-0.68622
-0.657318
-0.615219
-0.564406
-0.505809
-0.436808
-0.358624
-0.293239
-0.17706
0.16701
0.633774
1.08222
1.42506
1.59605
1.67141
1.69271
-0.68909
-0.688935
-0.688505
-0.687612
-0.681934
-0.655924
-0.611973
-0.55683
-0.490533
-0.411186
-0.316906
-0.202919
-0.0358558
0.353393
0.843404
1.31149
1.67355
1.86718
1.94363
1.96137
-0.681715
-0.681718
-0.681548
-0.681514
-0.678518
-0.656444
-0.611792
-0.551528
-0.477621
-0.388778
-0.283087
-0.164316
-0.0153494
0.330857
0.764438
1.16337
1.47786
1.65565
1.73057
1.75312
-0.676575
-0.676779
-0.676425
-0.675454
-0.673287
-0.657936
-0.616026
-0.551752
-0.471478
-0.375258
-0.269898
-0.157174
-0.0438543
0.243916
0.599514
0.906074
1.14646
1.29123
1.35758
1.38154
-0.681199
-0.680547
-0.675048
-0.665379
-0.660854
-0.662082
-0.628673
-0.559433
-0.470785
-0.369766
-0.270319
-0.169357
-0.0783629
0.138889
0.42093
0.65681
0.837509
0.952959
1.01067
1.03357
-0.722275
-0.719251
-0.711548
-0.703012
-0.703163
-0.706331
-0.661061
-0.573899
-0.471713
-0.366522
-0.268284
-0.183256
-0.115682
0.0533092
0.276591
0.456948
0.598657
0.69466
0.743094
0.761494
-0.808213
-0.806414
-0.815214
-0.83463
-0.837628
-0.812918
-0.716029
-0.589445
-0.467625
-0.358711
-0.265435
-0.197194
-0.150999
-0.0198832
0.158501
0.303205
0.414003
0.488241
0.525688
0.539109
-0.870725
-0.877199
-0.903509
-0.930016
-0.930187
-0.876777
-0.73505
-0.581238
-0.450587
-0.342881
-0.256798
-0.201339
-0.166808
-0.0638936
0.0696212
0.179973
0.261952
0.317553
0.345452
0.355162
-0.780555
-0.788237
-0.81531
-0.840119
-0.839134
-0.779824
-0.651459
-0.521287
-0.407397
-0.313677
-0.237862
-0.184385
-0.142956
-0.0639859
0.0384915
0.112649
0.168678
0.206753
0.226726
0.233698
-0.524892
-0.532947
-0.550523
-0.570083
-0.575881
-0.543774
-0.47832
-0.405816
-0.335546
-0.269209
-0.207589
-0.154098
-0.106547
-0.0519211
0.0139507
0.0642731
0.103363
0.130051
0.14395
0.14815
-0.243035
-0.247073
-0.255939
-0.271459
-0.28882
-0.296621
-0.294509
-0.27866
-0.25264
-0.217369
-0.173971
-0.127535
-0.0807363
-0.0389452
-0.000131322
0.035633
0.0654538
0.0893467
0.102527
0.105381
-0.0529123
-0.05484
-0.0599244
-0.0739864
-0.099825
-0.132519
-0.159684
-0.176734
-0.180258
-0.169444
-0.144213
-0.109202
-0.0726632
-0.0467608
-0.0264244
0.00341139
0.0284394
0.0478653
0.0560505
0.0571139
0.0319598
0.0306685
0.0268776
0.0143022
-0.011055
-0.0461146
-0.081388
-0.110268
-0.128072
-0.132477
-0.122095
-0.100984
-0.0789034
-0.0678952
-0.0585452
-0.0384438
-0.0176084
-0.00165645
0.00569424
0.00574973
0.0526677
0.0518096
0.0488461
0.0389844
0.0187285
-0.010269
-0.0419733
-0.0715457
-0.0946165
-0.108228
-0.109993
-0.102225
-0.0930155
-0.0914444
-0.0912542
-0.0772282
-0.0632623
-0.0542801
-0.0518902
-0.0526173
0.0451419
0.0446029
0.0424317
0.0353539
0.0206997
-0.00095252
-0.0265125
-0.0527437
-0.0763115
-0.095019
-0.106244
-0.110544
-0.113545
-0.12241
-0.125167
-0.11784
-0.110477
-0.107376
-0.107897
-0.108804
0.0286356
0.0283261
0.0267947
0.0218927
0.0116332
-0.00405031
-0.0237521
-0.0456594
-0.0678199
-0.0891112
-0.108307
-0.124445
-0.138668
-0.151235
-0.155389
-0.152361
-0.150154
-0.151226
-0.152875
-0.153496
0.0116059
0.0114374
0.010362
0.00699161
-0.000134557
-0.0114119
-0.0264009
-0.0444416
-0.0647525
-0.0875309
-0.113216
-0.141103
-0.167468
-0.180331
-0.181112
-0.178349
-0.178722
-0.180648
-0.182869
-0.183375
-0.00264165
-0.00273392
-0.0034905
-0.00580467
-0.0107767
-0.0189307
-0.0303557
-0.0451002
-0.0633045
-0.0863442
-0.116482
-0.15377
-0.192755
-0.204171
-0.199354
-0.195102
-0.195176
-0.198027
-0.199846
-0.200074
-0.0129727
-0.0130326
-0.0136133
-0.0152071
-0.018649
-0.024507
-0.0331534
-0.0450446
-0.0607984
-0.08285
-0.114471
-0.156797
-0.201233
-0.208961
-0.199929
-0.196001
-0.197279
-0.200811
-0.20275
-0.20276
-0.0192715
-0.0193132
-0.0197308
-0.0208236
-0.0231712
-0.0273143
-0.0337489
-0.0430686
-0.056318
-0.0753717
-0.104693
-0.145404
-0.184158
-0.187473
-0.179552
-0.177638
-0.182098
-0.1868
-0.188827
-0.188751
-0.021936
-0.0219797
-0.0222755
-0.022978
-0.0244581
-0.0272125
-0.0317562
-0.0386654
-0.0488185
-0.0637958
-0.0865285
-0.117285
-0.144645
-0.144619
-0.140314
-0.143658
-0.150712
-0.156159
-0.158101
-0.158137
-0.0213157
-0.0213607
-0.0215726
-0.0219667
-0.0228037
-0.0244818
-0.0274485
-0.032148
-0.0391331
-0.0491244
-0.0626844
-0.0783642
-0.0913749
-0.0888983
-0.0897943
-0.0985785
-0.108693
-0.114562
-0.11619
-0.116393
-0.0179956
-0.0180387
-0.0181827
-0.0183836
-0.0187459
-0.0196166
-0.0213401
-0.0241632
-0.0282701
-0.0334521
-0.0378179
-0.0372906
-0.0314022
-0.0279624
-0.0371442
-0.0514931
-0.062823
-0.0683192
-0.0696295
-0.0701177
-0.0125866
-0.012629
-0.0127257
-0.0127966
-0.0128671
-0.0131925
-0.0140195
-0.0154461
-0.0174231
-0.0191983
-0.0174492
-0.00536228
0.016182
0.0250893
0.00381942
-0.0142246
-0.0236142
-0.0253928
-0.0266141
-0.0277775
-0.00189201
-0.00190053
-0.001925
-0.00193495
-0.00189499
-0.00189723
-0.00202437
-0.00223551
-0.00233257
-0.00204827
0.000503406
0.00770917
0.0127857
0.00931693
0.00536675
0.00540445
0.00462445
0.00244167
0.000112087
-0.00237248
-1.17376
-0.494038
-0.0439507
0.215608
0.402629
0.546185
0.657889
0.748793
0.845943
0.937683
-0.122689
0.0726115
0.250788
0.400965
0.526643
0.629242
0.712917
0.781463
0.82402
0.827989
0.211173
0.326912
0.440272
0.541199
0.628069
0.701354
0.761408
0.807054
0.836445
0.854109
0.422312
0.501041
0.579139
0.650601
0.71295
0.766204
0.810043
0.844445
0.870617
0.889712
0.57704
0.630508
0.689492
0.742759
0.789366
0.82995
0.864405
0.893003
0.916411
0.93342
0.699419
0.74027
0.786071
0.826253
0.863529
0.896799
0.925939
0.950853
0.971685
0.985937
0.802147
0.836586
0.873625
0.90785
0.94006
0.969641
0.995951
1.01853
1.03718
1.04892
0.895335
0.926347
0.96028
0.992853
1.02356
1.05187
1.07697
1.09822
1.11515
1.12468
0.986273
1.01878
1.05406
1.08803
1.1193
1.14756
1.17209
1.19239
1.20783
1.21604
1.08817
1.12565
1.16391
1.20013
1.23216
1.26
1.28342
1.3024
1.31652
1.32501
1.21505
1.2574
1.29657
1.33241
1.36279
1.38845
1.40998
1.42759
1.44109
1.45125
1.37655
1.41799
1.45167
1.48121
1.50573
1.52724
1.54681
1.56423
1.57896
1.59166
1.56694
1.59773
1.61895
1.63807
1.65612
1.67334
1.68955
1.70536
1.72187
1.73879
1.76477
1.77616
1.7872
1.80129
1.81557
1.8284
1.83976
1.85061
1.86351
1.88039
1.95057
1.96047
1.96911
1.97155
1.97241
1.97667
1.98746
2.0034
2.02102
2.02562
2.2516
2.19619
2.14536
2.10512
2.08272
2.07867
2.09217
2.12597
2.1824
2.25796
0.817242
0.758548
0.716067
0.682206
0.657546
0.639989
0.627474
0.618538
0.612416
0.60892
0.608514
0.611358
0.616784
0.624712
0.635627
0.650675
0.671682
0.700775
0.739537
0.787362
0.618796
0.627553
0.633083
0.633904
0.630416
0.624365
0.617923
0.612439
0.608586
0.606916
0.60807
0.611648
0.616915
0.623381
0.630142
0.635409
0.637032
0.633796
0.626453
0.618784
0.595835
0.597865
0.602468
0.605976
0.608482
0.609903
0.609606
0.607857
0.605651
0.604062
0.604055
0.60586
0.608564
0.611176
0.612649
0.612306
0.610447
0.607645
0.603594
0.599211
0.588933
0.589799
0.592281
0.59499
0.596995
0.598347
0.599321
0.599757
0.599595
0.599319
0.599644
0.600704
0.60178
0.602246
0.601932
0.60108
0.599666
0.597425
0.594785
0.592818
0.583293
0.583755
0.585148
0.587164
0.589096
0.590662
0.591793
0.592672
0.59337
0.59392
0.594522
0.595136
0.595437
0.595327
0.594844
0.593873
0.592361
0.590531
0.588883
0.587866
0.578125
0.578412
0.579327
0.58079
0.582407
0.583999
0.585408
0.58656
0.587556
0.588478
0.58928
0.589792
0.589922
0.589678
0.589005
0.587933
0.586637
0.585316
0.584226
0.583601
0.573178
0.573379
0.574064
0.57523
0.576603
0.578033
0.579486
0.580866
0.582108
0.583251
0.584232
0.584823
0.584947
0.584627
0.583936
0.583033
0.582042
0.581038
0.58025
0.57981
0.568379
0.568531
0.569076
0.570051
0.571268
0.572589
0.573991
0.575447
0.576891
0.578263
0.57945
0.580183
0.580371
0.580126
0.5796
0.578911
0.578146
0.577382
0.576799
0.57647
0.563651
0.563771
0.564216
0.565057
0.566172
0.567433
0.568804
0.570291
0.57187
0.573474
0.574913
0.57585
0.576211
0.576163
0.575851
0.575372
0.574802
0.574241
0.573816
0.57356
0.558905
0.559002
0.559377
0.560127
0.561179
0.5624
0.563777
0.565323
0.567034
0.568869
0.570606
0.571836
0.572467
0.572671
0.572587
0.572323
0.571954
0.571569
0.571268
0.571067
0.554052
0.554132
0.554458
0.555148
0.556167
0.557385
0.558806
0.56045
0.562332
0.564432
0.56653
0.568142
0.56911
0.569607
0.569779
0.569737
0.56957
0.569348
0.56915
0.568988
0.549005
0.549071
0.549362
0.55002
0.551036
0.5523
0.553804
0.555592
0.557706
0.560139
0.562682
0.564758
0.566126
0.566961
0.567421
0.567619
0.567653
0.567586
0.567477
0.567347
0.543673
0.543728
0.543997
0.544647
0.545697
0.547049
0.548686
0.550679
0.553097
0.555956
0.559048
0.561681
0.563518
0.564741
0.565523
0.565984
0.56623
0.566319
0.566288
0.566183
0.537959
0.538006
0.538263
0.538928
0.540049
0.541534
0.543362
0.545634
0.548441
0.55184
0.555606
0.558907
0.5613
0.562974
0.564121
0.564893
0.565367
0.565606
0.565645
0.565558
0.53175
0.531789
0.532043
0.532745
0.533975
0.535643
0.537732
0.540365
0.543669
0.54774
0.55233
0.556437
0.559492
0.561698
0.563268
0.564375
0.565105
0.56551
0.56562
0.56555
0.524909
0.524939
0.525199
0.525961
0.527342
0.529255
0.531681
0.534775
0.538704
0.543601
0.549194
0.554277
0.558122
0.560959
0.563027
0.564517
0.565544
0.566128
0.566307
0.56625
0.517281
0.517296
0.517566
0.518409
0.519989
0.522213
0.525072
0.528754
0.533471
0.539391
0.546208
0.552458
0.557243
0.56082
0.563477
0.565427
0.566789
0.567566
0.567813
0.567767
0.508609
0.508635
0.508936
0.509874
0.511706
0.514325
0.517741
0.522169
0.527871
0.535059
0.543363
0.55101
0.556905
0.561355
0.564705
0.567201
0.568948
0.569938
0.570257
0.57022
0.498625
0.498639
0.498982
0.500064
0.502223
0.505365
0.50949
0.514862
0.5218
0.530554
0.540664
0.549975
0.55718
0.562657
0.566822
0.56995
0.572146
0.573371
0.573764
0.573732
0.486954
0.486964
0.487343
0.488621
0.491212
0.495025
0.500058
0.506632
0.515122
0.525807
0.538098
0.549393
0.558138
0.56482
0.56994
0.573796
0.576511
0.57799
0.578456
0.578426
0.47306
0.473065
0.473507
0.475049
0.478207
0.48291
0.489135
0.497273
0.507747
0.520828
0.535742
0.54936
0.559884
0.567949
0.574182
0.578872
0.582163
0.583911
0.584446
0.584413
0.456183
0.456182
0.45672
0.458643
0.462589
0.468504
0.476331
0.486532
0.49955
0.515607
0.533651
0.549957
0.56251
0.57215
0.57964
0.585278
0.589201
0.59122
0.591812
0.59177
0.435201
0.435195
0.435897
0.438402
0.4435
0.45114
0.461197
0.47418
0.490481
0.51019
0.531922
0.551296
0.56613
0.577522
0.586388
0.593089
0.597676
0.599947
0.600575
0.600516
0.408369
0.408363
0.409347
0.412826
0.419747
0.42998
0.44325
0.460044
0.480583
0.504747
0.530748
0.553534
0.570841
0.584141
0.594507
0.60234
0.607576
0.610045
0.610674
0.610588
0.37266
0.37267
0.374272
0.379647
0.38982
0.404163
0.422211
0.444225
0.470138
0.499594
0.530395
0.556863
0.576776
0.592071
0.60401
0.613005
0.618797
0.621362
0.621938
0.621815
0.322311
0.322546
0.326209
0.335951
0.352165
0.373267
0.39825
0.427114
0.459557
0.495061
0.531076
0.5614
0.583979
0.601296
0.614819
0.624904
0.631089
0.633605
0.634067
0.633899
0.24972
0.252012
0.26277
0.281904
0.308215
0.338759
0.372598
0.409585
0.449435
0.49161
0.533261
0.567737
0.593234
0.612786
0.628086
0.639253
0.645771
0.648213
0.648584
0.648408
0.172292
0.178569
0.197708
0.226928
0.263886
0.304158
0.346938
0.392185
0.439751
0.489169
0.537382
0.577048
0.606307
0.628693
0.646217
0.658699
0.665366
0.667527
0.667815
0.667716
0.105916
0.112566
0.13828
0.176061
0.222072
0.271289
0.322635
0.375964
0.431118
0.487626
0.54217
0.58673
0.619489
0.644501
0.663815
0.677012
0.683629
0.685628
0.68595
0.685939
0.0516723
0.0585899
0.088302
0.132226
0.184993
0.241546
0.300303
0.360935
0.423142
0.486363
0.54693
0.596111
0.632093
0.659396
0.680238
0.694279
0.701269
0.703543
0.703846
0.70387
0.00655435
0.0137911
0.0459844
0.0945915
0.152736
0.215254
0.280242
0.347253
0.415822
0.485259
0.551481
0.605017
0.644031
0.673547
0.695922
0.711011
0.71867
0.720946
0.721301
0.721343
-0.0318346
-0.0244205
0.00953495
0.0616848
0.124297
0.191857
0.262199
0.334815
0.409109
0.484257
0.555762
0.613388
0.655262
0.686878
0.710797
0.726892
0.735088
0.737615
0.738034
0.738089
-0.0654877
-0.057957
-0.0227138
0.0323692
0.0986961
0.170579
0.245628
0.323247
0.402743
0.483169
0.559622
0.621091
0.665644
0.69917
0.724421
0.741391
0.750103
0.75298
0.753539
0.75359
-0.0958684
-0.0882228
-0.0519285
0.0056652
0.0751455
0.150776
0.229996
0.312131
0.396412
0.481767
0.562894
0.627993
0.675024
0.710266
0.736687
0.754372
0.763512
0.766698
0.767361
0.767422
-0.123904
-0.116158
-0.0789207
-0.0192319
0.0530301
0.131959
0.214895
0.301131
0.389833
0.47983
0.565422
0.634008
0.683377
0.72019
0.747514
0.765827
0.775283
0.778682
0.779428
0.779486
-0.150336
-0.142459
-0.104332
-0.0428936
0.0319054
0.113762
0.200028
0.289998
0.382799
0.477193
0.567122
0.63913
0.690774
0.729053
0.757305
0.775976
0.785625
0.789178
0.78994
0.789985
-0.175604
-0.167559
-0.128541
-0.0655946
0.0114509
0.0959175
0.18519
0.278566
0.375174
0.473753
0.567932
0.64337
0.697297
0.737017
0.766079
0.785025
0.794773
0.798347
0.799124
0.799131
-0.200053
-0.191812
-0.152106
-0.0875674
-0.00854603
0.0782539
0.17024
0.266722
0.366867
0.469436
0.567807
0.646743
0.703028
0.744237
0.774047
0.793171
0.802908
0.806468
0.807218
0.80723
-0.223834
-0.215358
-0.174969
-0.108994
-0.0282092
0.0606815
0.155101
0.254412
0.357825
0.46418
0.566698
0.649244
0.708053
0.750858
0.781386
0.800607
0.810265
0.813753
0.814442
0.814416
-0.24704
-0.238428
-0.197222
-0.129981
-0.0476035
0.0431512
0.139749
0.241615
0.348033
0.457958
0.564556
0.650857
0.712431
0.756994
0.788229
0.80748
0.81697
0.820301
0.820893
0.820807
-0.269757
-0.260955
-0.219009
-0.150566
-0.0667518
0.025664
0.124205
0.228357
0.337496
0.450753
0.561325
0.651544
0.716197
0.762742
0.79472
0.813905
0.823088
0.826143
0.826597
0.826471
-0.29202
-0.28302
-0.240301
-0.170747
-0.0856425
0.0082482
0.1085
0.214682
0.326269
0.442589
0.556975
0.651243
0.719327
0.768177
0.801034
0.820049
0.828708
0.831344
0.831636
0.831474
-0.313752
-0.304546
-0.261046
-0.19049
-0.104228
-0.00904956
0.0927078
0.200665
0.31442
0.433493
0.55148
0.649879
0.721739
0.773331
0.807406
0.826222
0.834027
0.835985
0.836049
0.835862
-0.33489
-0.325474
-0.281234
-0.20976
-0.122464
-0.0261559
0.0768975
0.186392
0.302026
0.423545
0.544837
0.647353
0.723294
0.77816
0.814059
0.832904
0.839488
0.840252
0.839883
0.839685
-0.355436
-0.345801
-0.30084
-0.228515
-0.140302
-0.0429987
0.0611607
0.171962
0.28919
0.412818
0.537087
0.643569
0.723804
0.78248
0.821049
0.840712
0.846071
0.844853
0.843358
0.843096
-0.375318
-0.365468
-0.319821
-0.24671
-0.157674
-0.0595227
0.0455811
0.157465
0.276026
0.401421
0.528274
0.638431
0.723053
0.785961
0.828067
0.850013
0.855361
0.852041
0.848087
0.846381
-0.394559
-0.384505
-0.338159
-0.264345
-0.174605
-0.0757429
0.0301381
0.142876
0.262506
0.389323
0.518333
0.63172
0.720744
0.788193
0.834416
0.860308
0.868433
0.865307
0.857616
0.841726
-0.413186
-0.40291
-0.355959
-0.281595
-0.191334
-0.0919683
0.0144517
0.127728
0.248081
0.375889
0.506596
0.62273
0.716137
0.78858
0.838801
0.869198
0.881957
0.877818
0.869885
0.825381
-0.431471
-0.420298
-0.373136
-0.298324
-0.207762
-0.108102
-0.00130239
0.112241
0.232977
0.361324
0.493132
0.61131
0.708412
0.786368
0.838901
0.869332
0.882399
0.881402
0.830148
0.769897
-0.45045
-0.435575
-0.389463
-0.314377
-0.22413
-0.124358
-0.0173853
0.096417
0.217177
0.345613
0.47781
0.597171
0.696312
0.78147
0.832027
0.848435
0.860462
0.830015
0.765217
0.70082
-0.469225
-0.470781
-0.410393
-0.327259
-0.237344
-0.137858
-0.0331979
0.0809126
0.201413
0.329529
0.461256
0.580574
0.679551
0.775753
0.792212
0.808917
0.791622
0.731616
0.658425
0.5885
-0.444589
-0.443387
-0.38473
-0.30214
-0.207159
-0.104428
0.00492882
0.121511
0.24492
0.376539
0.502534
0.609605
0.698536
0.791811
0.806998
0.710414
0.628513
0.562728
0.490621
0.348582
-0.485917
-0.459338
-0.397898
-0.31455
-0.219785
-0.117241
-0.00846433
0.107513
0.230014
0.360184
0.483817
0.587751
0.667774
0.728968
0.700325
0.573974
0.456357
0.375643
0.292415
0.131126
-0.510621
-0.479242
-0.416724
-0.33385
-0.239001
-0.13664
-0.0276613
0.0875545
0.208763
0.336759
0.457122
0.55564
0.627829
0.654145
0.577896
0.417774
0.281145
0.17957
0.0654952
-0.166783
-0.534748
-0.500993
-0.437175
-0.353584
-0.258639
-0.15636
-0.0477162
0.0665865
0.186273
0.311676
0.427821
0.51955
0.579602
0.57248
0.440683
0.25668
0.0879575
-0.052108
-0.210542
-0.590689
-0.557931
-0.52327
-0.458354
-0.373843
-0.278731
-0.17662
-0.0686
0.0446704
0.162637
0.285078
0.39622
0.480307
0.522797
0.486578
0.307354
0.103225
-0.107507
-0.284061
-0.529374
-1.07583
-0.580904
-0.546161
-0.480499
-0.395342
-0.300005
-0.198085
-0.0906775
0.0214701
0.137508
0.256645
0.362266
0.438634
0.462252
0.377698
0.185288
-0.0256862
-0.239842
-0.438141
-0.603206
-1.19416
-0.604823
-0.569985
-0.503882
-0.418322
-0.322806
-0.221043
-0.114213
-0.00321833
0.110755
0.226319
0.32622
0.393146
0.393329
0.266094
0.0803866
-0.120502
-0.304767
-0.431057
-0.463254
-0.51024
-0.630116
-0.595196
-0.528823
-0.443088
-0.347575
-0.246127
-0.140049
-0.0304885
0.0810168
0.192358
0.286084
0.340624
0.319246
0.163509
-0.01434
-0.190445
-0.332389
-0.392501
-0.415153
-0.420928
-0.657141
-0.621989
-0.555414
-0.46962
-0.374276
-0.273329
-0.168265
-0.0604592
0.0481697
0.154676
0.241537
0.281665
0.245911
0.0679343
-0.100747
-0.255221
-0.362278
-0.388425
-0.389643
-0.390044
-0.685984
-0.650499
-0.583695
-0.497899
-0.402869
-0.302645
-0.198855
-0.0931305
0.0121788
0.113318
0.192297
0.220513
0.154171
-0.0196479
-0.17988
-0.316132
-0.361465
-0.375667
-0.37686
-0.376458
-0.716539
-0.680658
-0.613618
-0.527903
-0.43333
-0.334037
-0.231794
-0.128502
-0.0269331
0.0683299
0.138782
0.153514
0.0574859
-0.101032
-0.247229
-0.354469
-0.367175
-0.36716
-0.368212
-0.367827
-0.748327
-0.712256
-0.644991
-0.55945
-0.465514
-0.367389
-0.26699
-0.166502
-0.0690659
0.0198985
0.0818639
0.0796268
-0.0267398
-0.173333
-0.300938
-0.337672
-0.35958
-0.363525
-0.363933
-0.363635
-0.78099
-0.744587
-0.677447
-0.592226
-0.499144
-0.402452
-0.304211
-0.206903
-0.113998
-0.0315134
0.0209768
0.0072662
-0.105126
-0.232819
-0.336538
-0.376272
-0.364124
-0.361346
-0.360995
-0.360836
-0.813569
-0.777173
-0.710416
-0.625715
-0.533753
-0.438804
-0.343068
-0.249314
-0.161361
-0.0852616
-0.0438917
-0.0601634
-0.175574
-0.278081
-0.355694
-0.354189
-0.357994
-0.358859
-0.358917
-0.358874
-0.845019
-0.809147
-0.742722
-0.659161
-0.568664
-0.475835
-0.382973
-0.293105
-0.21049
-0.140921
-0.106699
-0.13212
-0.2363
-0.315205
-0.34316
-0.365452
-0.363381
-0.35994
-0.358698
-0.358304
-0.873756
-0.838852
-0.773524
-0.691477
-0.602942
-0.512682
-0.423124
-0.337446
-0.260357
-0.197733
-0.164904
-0.212961
-0.295386
-0.330424
-0.344652
-0.357843
-0.365653
-0.367432
-0.36785
-0.367353
-0.898043
-0.864619
-0.801084
-0.721339
-0.635394
-0.54824
-0.46246
-0.38127
-0.309701
-0.254447
-0.224718
-0.291499
-0.368374
-0.365897
-0.368398
-0.389585
-0.39733
-0.402222
-0.402937
-0.402066
-0.915559
-0.884306
-0.823378
-0.747033
-0.664577
-0.581186
-0.499696
-0.4233
-0.357138
-0.309194
-0.286964
-0.365543
-0.475492
-0.52849
-0.494081
-0.490995
-0.489615
-0.488058
-0.480873
-0.477742
-0.923953
-0.895417
-0.838505
-0.766642
-0.688801
-0.61012
-0.533422
-0.462008
-0.401107
-0.359402
-0.342975
-0.428048
-0.60628
-0.82586
-0.747219
-0.614576
-0.547884
-0.521621
-0.510032
-0.507192
-0.920393
-0.89606
-0.844583
-0.778338
-0.706401
-0.633432
-0.562143
-0.495793
-0.439736
-0.401372
-0.382194
-0.43781
-0.556183
-0.845435
-0.770752
-0.569945
-0.477934
-0.448609
-0.440819
-0.437987
-0.901246
-0.883057
-0.839951
-0.780765
-0.716065
-0.649795
-0.584464
-0.523196
-0.470646
-0.433938
-0.40745
-0.326071
-0.173535
-0.116686
-0.168608
-0.237072
-0.289453
-0.308995
-0.31655
-0.316557
-0.868056
-0.855414
-0.822919
-0.773436
-0.717237
-0.658551
-0.599477
-0.542969
-0.492968
-0.455608
-0.415396
-0.204875
0.197969
0.642344
0.373994
-0.00974505
-0.219824
-0.291599
-0.312287
-0.315643
-0.825305
-0.817352
-0.79642
-0.757801
-0.710796
-0.660062
-0.607179
-0.554725
-0.506872
-0.468511
-0.422815
-0.349363
-0.297549
-0.235872
-0.346877
-0.495743
-0.590612
-0.589461
-0.594593
-0.604231
-0.781047
-0.776565
-0.764903
-0.738186
-0.699716
-0.655842
-0.608389
-0.559362
-0.512262
-0.477534
-0.455181
-0.681654
-1.25812
-1.94783
-2.21607
-2.12796
-1.91358
-1.63624
-1.41931
-1.37514
-0.744521
-0.74213
-0.735978
-0.718062
-0.687498
-0.648485
-0.604493
-0.556315
-0.507544
-0.463728
-0.451781
-0.629729
-1.17565
-1.88228
-2.31774
-2.23337
-1.9821
-1.72126
-1.46311
-1.41182
-0.71779
-0.716689
-0.714498
-0.703839
-0.678434
-0.641853
-0.597767
-0.547426
-0.491145
-0.42744
-0.383032
-0.375274
-0.387656
-0.242348
0.00236346
0.289055
0.498072
0.613259
0.681248
0.717214
-0.700157
-0.699632
-0.698963
-0.693794
-0.673743
-0.637623
-0.590976
-0.536214
-0.471961
-0.399886
-0.322111
-0.241967
-0.041905
0.397134
0.864127
1.27545
1.52805
1.64278
1.68675
1.69745
-0.689046
-0.688742
-0.688204
-0.686486
-0.671605
-0.635765
-0.585477
-0.524933
-0.453589
-0.364929
-0.259891
-0.145159
0.129635
0.597413
1.08209
1.51463
1.78916
1.91673
1.95679
1.9642
-0.681728
-0.681655
-0.681385
-0.680929
-0.670634
-0.636336
-0.583257
-0.516808
-0.435225
-0.336344
-0.225458
-0.106304
0.126686
0.54863
0.969789
1.33685
1.58317
1.70282
1.74606
1.75657
-0.676751
-0.676669
-0.675961
-0.675087
-0.668538
-0.639967
-0.586381
-0.513823
-0.425088
-0.323557
-0.21382
-0.104539
0.0737259
0.42508
0.760016
1.03621
1.23156
1.33172
1.3734
1.38555
-0.681257
-0.678772
-0.670452
-0.662088
-0.663583
-0.650705
-0.597385
-0.517024
-0.421691
-0.318064
-0.218501
-0.122896
0.00906536
0.282495
0.545891
0.753699
0.904114
0.987443
1.02559
1.03746
-0.721268
-0.716211
-0.706304
-0.70176
-0.706654
-0.691229
-0.620522
-0.524029
-0.419368
-0.314094
-0.224478
-0.147961
-0.0481439
0.167303
0.373153
0.531556
0.653751
0.72367
0.755288
0.764307
-0.8058
-0.809379
-0.826154
-0.838107
-0.831453
-0.773237
-0.653215
-0.52741
-0.412302
-0.308209
-0.229822
-0.172028
-0.102073
0.0718307
0.235098
0.362741
0.456431
0.510829
0.53475
0.540563
-0.87069
-0.888156
-0.918493
-0.934377
-0.914337
-0.814109
-0.656115
-0.512752
-0.395332
-0.295823
-0.22454
-0.177639
-0.130964
0.00321701
0.129001
0.223646
0.293877
0.334416
0.352041
0.35611
-0.782034
-0.801806
-0.829052
-0.844486
-0.819027
-0.719621
-0.585017
-0.461912
-0.358748
-0.27228
-0.206708
-0.159779
-0.106465
-0.0108441
0.0783769
0.14279
0.190229
0.218701
0.231631
0.233724
-0.527961
-0.540762
-0.56085
-0.575914
-0.565788
-0.512832
-0.44239
-0.370221
-0.302195
-0.236822
-0.179264
-0.129029
-0.0756211
-0.0155012
0.040423
0.0852645
0.118367
0.138635
0.146791
0.14796
-0.244924
-0.250689
-0.262926
-0.280619
-0.293915
-0.297261
-0.287876
-0.266785
-0.236204
-0.195908
-0.151002
-0.103399
-0.0591144
-0.0186138
0.019182
0.0507555
0.0787934
0.0968785
0.105118
0.104486
-0.0540258
-0.0565753
-0.0656113
-0.0854544
-0.116126
-0.147126
-0.169584
-0.18007
-0.1766
-0.158332
-0.127507
-0.091146
-0.0583131
-0.0393
-0.0117424
0.016516
0.0396087
0.053226
0.0570892
0.0559224
0.0311732
0.0294912
0.0219817
0.00325083
-0.0279374
-0.064111
-0.0968829
-0.120522
-0.131911
-0.12898
-0.112508
-0.0898974
-0.0712611
-0.0652873
-0.049799
-0.0277669
-0.00835809
0.00289194
0.00630919
0.00444882
0.0522017
0.0508813
0.0450226
0.0302124
0.00495722
-0.0260404
-0.0572472
-0.0839931
-0.102575
-0.110513
-0.107004
-0.0979657
-0.0909991
-0.0955068
-0.0849892
-0.0698717
-0.0579069
-0.0522918
-0.0517328
-0.0534456
0.0448931
0.0439085
0.0396881
0.0290338
0.0105566
-0.0133862
-0.0397161
-0.0649354
-0.0862093
-0.101607
-0.109052
-0.112194
-0.117124
-0.125801
-0.122082
-0.113656
-0.108092
-0.107829
-0.108335
-0.109352
0.0285237
0.0278286
0.0248959
0.0174915
0.00437977
-0.0134611
-0.034554
-0.056744
-0.0784543
-0.0990622
-0.116566
-0.132305
-0.145627
-0.154467
-0.153842
-0.150913
-0.150552
-0.152053
-0.153286
-0.153886
0.0115727
0.0110829
0.00905693
0.00395182
-0.00528316
-0.0184613
-0.0351028
-0.0542983
-0.0757044
-0.100057
-0.126846
-0.155325
-0.176703
-0.181845
-0.179678
-0.177987
-0.17927
-0.182039
-0.183239
-0.183687
-0.00265123
-0.00298219
-0.00438241
-0.00791059
-0.0144541
-0.0242262
-0.0373067
-0.0537038
-0.0740507
-0.100479
-0.134477
-0.174082
-0.202684
-0.202705
-0.1963
-0.195172
-0.196574
-0.199138
-0.200047
-0.200283
-0.0129574
-0.0132428
-0.0142342
-0.016654
-0.0212577
-0.0284563
-0.0386581
-0.0523612
-0.0707563
-0.0974104
-0.134728
-0.180125
-0.210032
-0.205037
-0.197258
-0.195736
-0.19914
-0.202102
-0.202841
-0.202838
-0.0192581
-0.0194606
-0.0201656
-0.0217982
-0.0249928
-0.0302148
-0.0380015
-0.0490902
-0.0649007
-0.0887229
-0.124033
-0.167032
-0.190649
-0.182719
-0.177672
-0.179558
-0.184686
-0.188211
-0.188885
-0.188728
-0.0219293
-0.0220934
-0.0225588
-0.0235937
-0.0256459
-0.0292313
-0.0348741
-0.0432635
-0.055568
-0.0742832
-0.101303
-0.133099
-0.1474
-0.142055
-0.141148
-0.147094
-0.153827
-0.157547
-0.15821
-0.158094
-0.0213161
-0.0214485
-0.0217373
-0.0223086
-0.0235121
-0.025782
-0.0295558
-0.0353128
-0.0436858
-0.0556329
-0.0705553
-0.0862251
-0.0921899
-0.0873313
-0.0938372
-0.104269
-0.112176
-0.115733
-0.11636
-0.116295
-0.0180015
-0.0181032
-0.0182747
-0.0185287
-0.0190962
-0.0203571
-0.0226015
-0.0260488
-0.0307601
-0.0360641
-0.038378
-0.0358184
-0.023481
-0.0287284
-0.0435826
-0.0582134
-0.0663724
-0.0691986
-0.0699196
-0.0700564
-0.0125976
-0.0126759
-0.0127671
-0.0128216
-0.0129834
-0.0135348
-0.01466
-0.0163789
-0.0184332
-0.0192028
-0.0130179
0.00587914
0.0250853
0.0143779
-0.00544526
-0.0200495
-0.0245569
-0.0260105
-0.0271728
-0.0278875
-0.00569643
-0.00572465
-0.00577705
-0.0057979
-0.00574832
-0.00578039
-0.0060247
-0.00652781
-0.00722383
-0.00765456
-0.00548121
0.00405566
0.0239156
0.0338109
0.0145783
0.00421234
-0.00024476
-0.00155871
-0.00126973
-0.00264206
-0.787959
-0.223029
0.0976642
0.313371
0.478278
0.604509
0.705952
0.793357
0.902663
0.900545
0.0205907
0.168184
0.329094
0.467024
0.580716
0.673065
0.749207
0.807306
0.831145
0.835355
0.285453
0.384977
0.492605
0.586374
0.666373
0.733047
0.786218
0.823626
0.846991
0.864086
0.473072
0.541696
0.616112
0.68291
0.740735
0.789314
0.828397
0.858376
0.881965
0.900668
0.613755
0.665068
0.717042
0.766854
0.81042
0.84793
0.879415
0.905259
0.926915
0.94527
0.727602
0.764954
0.806389
0.84538
0.880677
0.911881
0.938945
0.961698
0.9808
0.998591
0.825227
0.855505
0.890994
0.924242
0.955226
0.983235
1.00775
1.02831
1.04498
1.06235
0.9148
0.943315
0.976796
1.00846
1.03807
1.06486
1.08811
1.10722
1.12164
1.13877
1.00524
1.03624
1.07137
1.10401
1.13385
1.16032
1.1828
1.20074
1.2133
1.23056
1.10885
1.1446
1.18253
1.21665
1.24662
1.27227
1.29348
1.31006
1.32163
1.33947
1.23798
1.27703
1.31518
1.34823
1.37616
1.3997
1.4193
1.43478
1.44658
1.46483
1.3991
1.43512
1.46719
1.49396
1.51676
1.53725
1.55585
1.57187
1.58557
1.60344
1.58379
1.60883
1.6287
1.6472
1.66485
1.68159
1.69745
1.71344
1.73056
1.7497
1.77046
1.78131
1.79402
1.80857
1.82218
1.83425
1.84516
1.8565
1.8719
1.89134
1.95236
1.96579
1.97085
1.97187
1.97383
1.98119
1.9949
2.01249
2.02623
2.03757
2.22123
2.17064
2.12317
2.09159
2.07854
2.08309
2.10633
2.15138
2.21808
2.3122
0.67387
0.67086
0.6648
0.653871
0.641376
0.63006
0.620993
0.614227
0.609749
0.607837
0.609052
0.613026
0.619179
0.627457
0.637952
0.650268
0.662619
0.671329
0.675841
0.678006
0.602178
0.608824
0.614069
0.617683
0.618792
0.617152
0.61369
0.609888
0.606891
0.605563
0.606629
0.609655
0.613735
0.617953
0.620979
0.621506
0.619185
0.614805
0.608513
0.602688
0.592072
0.595033
0.598394
0.60088
0.602636
0.603813
0.604031
0.603273
0.602197
0.601728
0.602573
0.604299
0.60596
0.606742
0.606323
0.605068
0.603167
0.600297
0.596961
0.594673
0.586031
0.587454
0.589663
0.591932
0.593649
0.594837
0.595717
0.596291
0.596547
0.59684
0.597517
0.598266
0.598602
0.598395
0.59777
0.596629
0.594818
0.592594
0.590844
0.58976
0.580676
0.581493
0.582954
0.584724
0.586459
0.587926
0.589054
0.589981
0.5908
0.591548
0.592195
0.592554
0.592546
0.592179
0.591359
0.590079
0.58856
0.587041
0.586023
0.585357
0.575631
0.576184
0.577264
0.578673
0.580178
0.581674
0.583055
0.584248
0.585321
0.586314
0.58705
0.587375
0.587293
0.586782
0.585899
0.584814
0.583651
0.582575
0.581885
0.581417
0.570766
0.571181
0.572042
0.573247
0.574568
0.575968
0.577406
0.578806
0.58011
0.581314
0.582206
0.5826
0.582511
0.582028
0.581304
0.580461
0.579569
0.578766
0.57826
0.577903
0.566015
0.56634
0.56705
0.568105
0.569331
0.570663
0.57209
0.573592
0.575104
0.576549
0.577645
0.578172
0.578204
0.577899
0.577386
0.576747
0.576068
0.575477
0.5751
0.574816
0.561289
0.561553
0.562157
0.56311
0.564275
0.565572
0.567012
0.568593
0.570282
0.571993
0.573354
0.57411
0.57437
0.574291
0.573993
0.573563
0.57308
0.572657
0.572375
0.57214
0.556501
0.556721
0.55725
0.558141
0.559268
0.560566
0.562055
0.563746
0.565629
0.567633
0.569335
0.570413
0.570963
0.571139
0.571068
0.570856
0.570554
0.570278
0.57007
0.569871
0.551562
0.551749
0.552228
0.553087
0.554213
0.555553
0.55713
0.558978
0.561109
0.563465
0.565591
0.567066
0.567957
0.568425
0.568605
0.568604
0.568487
0.568341
0.568193
0.56802
0.546384
0.546547
0.546996
0.547854
0.54902
0.550445
0.552157
0.554222
0.55667
0.559473
0.562115
0.564061
0.565348
0.566149
0.566606
0.566819
0.566897
0.566872
0.566775
0.566619
0.540874
0.541019
0.541458
0.542343
0.543591
0.545146
0.547056
0.549411
0.552267
0.555629
0.558897
0.561403
0.563153
0.564329
0.565098
0.565575
0.565837
0.565921
0.565867
0.565723
0.534928
0.535059
0.535503
0.536446
0.537818
0.539559
0.541737
0.544467
0.547841
0.551895
0.555923
0.559098
0.561395
0.563009
0.564128
0.56489
0.565359
0.565553
0.565536
0.5654
0.52842
0.528541
0.529005
0.530037
0.531581
0.533573
0.536101
0.539309
0.54333
0.548232
0.553183
0.557162
0.560107
0.562237
0.563756
0.56484
0.565539
0.565849
0.565867
0.565734
0.521204
0.521317
0.521813
0.522969
0.524739
0.527054
0.530029
0.533843
0.53867
0.544611
0.55068
0.555622
0.559337
0.562075
0.56407
0.565528
0.566482
0.56691
0.56696
0.566828
0.513093
0.513206
0.513736
0.515055
0.517112
0.519841
0.523388
0.527968
0.533801
0.541019
0.548437
0.554527
0.559147
0.562598
0.565164
0.567058
0.568294
0.568848
0.568931
0.568795
0.503778
0.503903
0.504528
0.506046
0.508472
0.511738
0.516013
0.521559
0.528645
0.537433
0.546472
0.553919
0.559608
0.563897
0.56714
0.56954
0.571097
0.571787
0.5719
0.571758
0.492992
0.493114
0.493857
0.495645
0.498546
0.502503
0.507701
0.514464
0.523106
0.533805
0.544794
0.553852
0.560804
0.566084
0.570106
0.573098
0.575018
0.575853
0.575992
0.57584
0.480258
0.480398
0.481295
0.483441
0.486959
0.49181
0.498203
0.506522
0.517119
0.530159
0.543472
0.554414
0.562823
0.569255
0.574184
0.577859
0.58018
0.581164
0.581327
0.581161
0.464937
0.465114
0.466238
0.468871
0.473215
0.479262
0.487232
0.497566
0.510625
0.526516
0.542575
0.555701
0.565776
0.573527
0.5795
0.583941
0.586692
0.587822
0.588001
0.587817
0.446109
0.44636
0.447826
0.451154
0.456651
0.464347
0.47445
0.487432
0.503603
0.52295
0.542201
0.557806
0.56977
0.579002
0.586132
0.591429
0.594622
0.595882
0.596064
0.59586
0.422378
0.42277
0.424784
0.429172
0.436377
0.446448
0.459515
0.476002
0.496075
0.519544
0.542467
0.56084
0.574886
0.585758
0.594142
0.600356
0.603974
0.60533
0.605498
0.605272
0.391443
0.39213
0.395106
0.401306
0.411267
0.424922
0.44221
0.463362
0.488303
0.516617
0.543627
0.564976
0.581227
0.593844
0.603586
0.610699
0.614661
0.616052
0.616183
0.615935
0.349215
0.350611
0.355647
0.365418
0.380188
0.399394
0.42263
0.449797
0.480579
0.514377
0.545827
0.570316
0.58886
0.603255
0.614406
0.622321
0.626464
0.62779
0.627858
0.627595
0.288062
0.292476
0.303007
0.319829
0.342766
0.370267
0.401431
0.435976
0.473483
0.513263
0.549309
0.576955
0.597753
0.613901
0.626315
0.63485
0.638965
0.640047
0.640019
0.639759
0.215087
0.223081
0.242323
0.269663
0.30311
0.339968
0.379679
0.422123
0.466954
0.513536
0.55517
0.586907
0.610738
0.629116
0.643124
0.65234
0.656436
0.657435
0.657451
0.657329
0.141769
0.155038
0.183327
0.221018
0.264438
0.310542
0.358818
0.40924
0.461514
0.515063
0.562495
0.598481
0.625496
0.646375
0.662071
0.671582
0.675322
0.676111
0.676126
0.676099
0.0808709
0.0979618
0.131924
0.177366
0.228915
0.283158
0.339327
0.39731
0.45673
0.51698
0.569925
0.609875
0.639756
0.662675
0.679539
0.689435
0.692983
0.693827
0.693962
0.693994
0.0308975
0.0500354
0.0884524
0.139676
0.197591
0.258549
0.321544
0.386311
0.452334
0.518892
0.577047
0.620717
0.653245
0.678072
0.696178
0.706574
0.71054
0.711668
0.711848
0.711922
-0.0110788
0.00931839
0.0510653
0.106896
0.170065
0.236643
0.305512
0.376294
0.448327
0.520744
0.583794
0.630968
0.666008
0.692729
0.712074
0.723365
0.727823
0.729156
0.729359
0.729454
-0.0473349
-0.026122
0.0182922
0.0778494
0.145435
0.216861
0.290889
0.36705
0.444566
0.522422
0.59006
0.640528
0.677928
0.706397
0.726965
0.739063
0.743996
0.745483
0.745705
0.745796
-0.0795165
-0.0577167
-0.011131
0.0515566
0.122902
0.198556
0.277182
0.358219
0.440791
0.523734
0.595698
0.649247
0.688815
0.718765
0.740354
0.753258
0.758653
0.760267
0.760475
0.760545
-0.108825
-0.0865871
-0.0381646
0.0272202
0.101839
0.181213
0.263965
0.349461
0.436735
0.524486
0.600565
0.657027
0.69858
0.729863
0.752343
0.765714
0.771507
0.77322
0.773449
0.773494
-0.136205
-0.113503
-0.0634313
0.00424826
0.0817707
0.16445
0.250921
0.340504
0.432176
0.524513
0.604583
0.663865
0.707278
0.739782
0.762934
0.776646
0.782706
0.784512
0.78475
0.784767
-0.162165
-0.138958
-0.087549
-0.0177444
0.0623494
0.147986
0.23782
0.331162
0.426965
0.523714
0.607725
0.669805
0.715039
0.748675
0.772422
0.786346
0.792525
0.794348
0.794584
0.794566
-0.187113
-0.163358
-0.11083
-0.0390365
0.0433343
0.131626
0.224514
0.321315
0.420994
0.522024
0.609967
0.674891
0.721975
0.756717
0.780951
0.794986
0.801143
0.802955
0.803162
0.803101
-0.211316
-0.187072
-0.133357
-0.0598299
0.0245808
0.115257
0.210904
0.310885
0.414199
0.51937
0.611286
0.679172
0.728212
0.76409
0.788708
0.802769
0.808875
0.810622
0.810794
0.810699
-0.234932
-0.210138
-0.155295
-0.0802296
0.00600899
0.0988128
0.19695
0.299836
0.406546
0.515711
0.611642
0.682678
0.733866
0.770926
0.795866
0.809875
0.815861
0.817505
0.817626
0.817502
-0.258018
-0.232653
-0.176753
-0.100285
-0.0124124
0.0822912
0.182659
0.288172
0.398018
0.511007
0.610987
0.685413
0.739016
0.777349
0.802565
0.816418
0.822183
0.823657
0.823701
0.82355
-0.280557
-0.254694
-0.19776
-0.120007
-0.0306778
0.0657077
0.168058
0.275928
0.388633
0.505234
0.609261
0.687352
0.743708
0.783491
0.808955
0.822486
0.827859
0.829095
0.829062
0.828892
-0.302615
-0.276198
-0.218289
-0.139373
-0.0487507
0.0491111
0.153208
0.263163
0.378446
0.498391
0.606416
0.68843
0.747924
0.78949
0.815285
0.82828
0.832992
0.833888
0.833777
0.833598
-0.324082
-0.297128
-0.2383
-0.15835
-0.066583
0.0325746
0.138186
0.249959
0.367523
0.490499
0.602393
0.68853
0.75159
0.795454
0.821896
0.834168
0.837785
0.838098
0.837881
0.837717
-0.344973
-0.317443
-0.25778
-0.176884
-0.0841069
0.0161654
0.123084
0.236418
0.355942
0.481621
0.59715
0.687512
0.754551
0.801379
0.829169
0.840826
0.842793
0.84191
0.84141
0.841344
-0.365195
-0.337139
-0.276678
-0.194927
-0.101268
-3.5163e-05
0.10798
0.222622
0.343818
0.471837
0.590663
0.685214
0.756563
0.807035
0.837267
0.849242
0.849473
0.846317
0.844485
0.844199
-0.384811
-0.356185
-0.294947
-0.212426
-0.117991
-0.0159411
0.092997
0.208708
0.331277
0.461247
0.582948
0.68147
0.757323
0.811916
0.845735
0.860032
0.860225
0.854618
0.847391
0.83043
-0.403756
-0.374571
-0.312724
-0.229582
-0.134569
-0.0318816
0.0777195
0.194216
0.317808
0.449325
0.573458
0.675682
0.756424
0.815473
0.853598
0.872605
0.875856
0.869824
0.85502
0.869436
-0.422151
-0.392273
-0.329946
-0.246355
-0.15093
-0.047798
0.0621545
0.179175
0.303404
0.435973
0.561987
0.667234
0.753142
0.816565
0.857463
0.880097
0.887401
0.878515
0.817627
0.801632
-0.440608
-0.409875
-0.346351
-0.26239
-0.166531
-0.0632415
0.0465133
0.163845
0.28835
0.421394
0.548545
0.655715
0.746583
0.814371
0.852293
0.87404
0.87233
0.836748
0.769162
0.728472
-0.459829
-0.428345
-0.361522
-0.277346
-0.180997
-0.0780603
0.03118
0.1484
0.272731
0.405602
0.53299
0.64094
0.734575
0.807839
0.859188
0.839826
0.814052
0.750832
0.679259
0.635893
-0.0398874
0.0740605
0.194384
0.322185
0.453191
0.571611
0.669207
0.512685
-0.480356
-0.461542
-0.423045
-0.352217
-0.26252
-0.164079
-0.0580111
0.0548388
0.174341
0.300896
0.430753
0.548189
0.644391
0.721709
0.773983
0.732378
0.590376
0.502412
0.433546
-0.497983
-0.484847
-0.440156
-0.367728
-0.277709
-0.179099
-0.0735534
0.0387883
0.157388
0.28252
0.41013
0.524026
0.613888
0.67872
0.675863
0.572282
0.428543
0.32284
0.233869
-0.521182
-0.508371
-0.460656
-0.387093
-0.296989
-0.198148
-0.0925531
0.0194334
0.13706
0.260542
0.385028
0.493782
0.574173
0.621018
0.582093
0.421842
0.257176
0.124544
0.00712616
-0.544613
-0.531616
-0.482258
-0.407403
-0.31689
-0.218051
-0.112737
-0.00148984
0.114895
0.236293
0.357174
0.460115
0.533235
0.553106
0.468045
0.276521
0.0801338
-0.0974465
-0.263467
-0.567246
-0.554713
-0.504529
-0.42855
-0.337578
-0.238733
-0.133843
-0.0234762
0.0914871
0.210461
0.32727
0.42353
0.487079
0.469744
0.340843
0.141924
-0.07503
-0.280625
-0.466697
-0.590457
-0.578194
-0.527686
-0.45096
-0.359621
-0.260713
-0.15617
-0.0466265
0.0668552
0.183262
0.295761
0.384756
0.434841
0.395454
0.224622
0.0292632
-0.179689
-0.375727
-0.496566
-0.535248
-0.614999
-0.602875
-0.55209
-0.474945
-0.383436
-0.284568
-0.180442
-0.0718397
0.0399306
0.153376
0.261017
0.342304
0.377075
0.31509
0.120705
-0.0658715
-0.243652
-0.377297
-0.422594
-0.446341
-0.640989
-0.628999
-0.578008
-0.500622
-0.4091
-0.310471
-0.206944
-0.099554
0.0101504
0.120123
0.222196
0.295489
0.310119
0.210945
0.0279362
-0.144318
-0.294225
-0.376054
-0.396145
-0.401591
-0.668762
-0.65677
-0.605562
-0.528001
-0.436592
-0.33837
-0.235689
-0.129799
-0.022533
0.0834796
0.179256
0.244148
0.230153
0.110205
-0.0582744
-0.220349
-0.338005
-0.381635
-0.381359
-0.382498
-0.698218
-0.68633
-0.634772
-0.557076
-0.465895
-0.368255
-0.266665
-0.162567
-0.0581246
0.0434571
0.13236
0.187124
0.156454
0.0154013
-0.138142
-0.288948
-0.353158
-0.371116
-0.3721
-0.371752
-0.729198
-0.717316
-0.665526
-0.587751
-0.496909
-0.40006
-0.299802
-0.197824
-0.0965973
0.000102826
0.0817104
0.124828
0.0910532
-0.0671968
-0.210966
-0.323975
-0.373376
-0.366072
-0.365711
-0.365706
-0.761198
-0.749235
-0.697553
-0.619761
-0.529428
-0.433588
-0.334941
-0.235421
-0.137799
-0.0463175
0.0275538
0.0614212
0.0133652
-0.139486
-0.270321
-0.347383
-0.363175
-0.362066
-0.362289
-0.362066
-0.793685
-0.781659
-0.730232
-0.652669
-0.563059
-0.468485
-0.371763
-0.275052
-0.181451
-0.0954684
-0.0293932
-0.00720472
-0.0720008
-0.201072
-0.315961
-0.334333
-0.351461
-0.358377
-0.359453
-0.359417
-0.825627
-0.813667
-0.762694
-0.685802
-0.597207
-0.504222
-0.409778
-0.316228
-0.227024
-0.146948
-0.0874346
-0.0826502
-0.148603
-0.254145
-0.33491
-0.386648
-0.367527
-0.361078
-0.358654
-0.358276
-0.855243
-0.844093
-0.793989
-0.718106
-0.631019
-0.540034
-0.448278
-0.358247
-0.273733
-0.199981
-0.145716
-0.15288
-0.223777
-0.295947
-0.355197
-0.367797
-0.364858
-0.362439
-0.361274
-0.360925
-0.881694
-0.870861
-0.822717
-0.74831
-0.663362
-0.574888
-0.486311
-0.400195
-0.320537
-0.253224
-0.205101
-0.217116
-0.302054
-0.340714
-0.329052
-0.3513
-0.372113
-0.378103
-0.379813
-0.380427
-0.902309
-0.892164
-0.846481
-0.774943
-0.69283
-0.607548
-0.522682
-0.440915
-0.366219
-0.305168
-0.265182
-0.280295
-0.383187
-0.43478
-0.378307
-0.417359
-0.433455
-0.439408
-0.439342
-0.436756
-0.91507
-0.905996
-0.863563
-0.795867
-0.717736
-0.636546
-0.556068
-0.478991
-0.4094
-0.354117
-0.322165
-0.341295
-0.472605
-0.625206
-0.678422
-0.588012
-0.544418
-0.524632
-0.512989
-0.506214
-0.917323
-0.909916
-0.871879
-0.809265
-0.736232
-0.660284
-0.584907
-0.512919
-0.448429
-0.39805
-0.371537
-0.388749
-0.513218
-0.77341
-0.940165
-0.707972
-0.562891
-0.503859
-0.48703
-0.481922
-0.907406
-0.901434
-0.869176
-0.813249
-0.746782
-0.677212
-0.607809
-0.541255
-0.48136
-0.43493
-0.408496
-0.385801
-0.395369
-0.446973
-0.585717
-0.483405
-0.410544
-0.387373
-0.382333
-0.380272
-0.88181
-0.877561
-0.852727
-0.80642
-0.748419
-0.686347
-0.623636
-0.562608
-0.506867
-0.462697
-0.430787
-0.348298
-0.102819
0.238068
0.331015
0.0657455
-0.151728
-0.246813
-0.277904
-0.285885
-0.843713
-0.841086
-0.824459
-0.788918
-0.741302
-0.687682
-0.63201
-0.576396
-0.524276
-0.480091
-0.44399
-0.346063
-0.086144
0.225951
0.266829
-0.0169722
-0.263561
-0.389441
-0.420715
-0.43169
-0.799535
-0.797881
-0.789339
-0.764563
-0.727622
-0.682481
-0.633581
-0.582975
-0.533453
-0.490589
-0.457254
-0.460175
-0.645161
-0.986927
-1.13244
-1.19481
-1.13944
-1.00494
-0.888422
-0.865178
-0.759136
-0.758048
-0.754109
-0.739684
-0.711412
-0.673316
-0.630037
-0.582917
-0.534585
-0.489194
-0.46859
-0.536467
-1.03301
-1.88042
-2.69127
-2.94519
-2.75237
-2.42128
-2.11492
-1.82337
-0.729624
-0.72899
-0.726551
-0.719068
-0.69767
-0.664538
-0.623781
-0.57741
-0.526224
-0.473547
-0.43263
-0.400249
-0.593745
-0.822164
-0.931553
-0.81376
-0.594868
-0.448438
-0.300652
-0.181716
-0.707929
-0.707401
-0.706487
-0.703737
-0.689088
-0.658933
-0.617657
-0.568822
-0.51274
-0.449635
-0.378295
-0.331945
-0.273935
-0.0424143
0.333122
0.717948
1.0202
1.17376
1.24811
1.27713
-0.694144
-0.693936
-0.693506
-0.692161
-0.683984
-0.656437
-0.61344
-0.560461
-0.498294
-0.423786
-0.338512
-0.244454
-0.0918676
0.295592
0.794478
1.26558
1.63091
1.81839
1.89609
1.91529
-0.684984
-0.684884
-0.684483
-0.684126
-0.680137
-0.656134
-0.611441
-0.553657
-0.483412
-0.399258
-0.297066
-0.177238
-0.0155631
0.359623
0.82251
1.26455
1.60812
1.79694
1.87365
1.89432
-0.678868
-0.679006
-0.679023
-0.679042
-0.676812
-0.657358
-0.613073
-0.55068
-0.473629
-0.380875
-0.274613
-0.158176
-0.0259096
0.291007
0.685708
1.03787
1.31605
1.47855
1.54939
1.57283
-0.676329
-0.676304
-0.674262
-0.670323
-0.667456
-0.658733
-0.620646
-0.554667
-0.47067
-0.371557
-0.269145
-0.162166
-0.0633617
0.190925
0.510868
0.777026
0.984112
1.11232
1.17427
1.1982
-0.695843
-0.694022
-0.685792
-0.672575
-0.668965
-0.674024
-0.641558
-0.565993
-0.471453
-0.368621
-0.269916
-0.175811
-0.0941137
0.0925723
0.340383
0.549485
0.709294
0.815147
0.868506
0.889369
-0.760347
-0.757008
-0.755035
-0.759043
-0.76272
-0.757329
-0.688418
-0.582535
-0.470606
-0.363221
-0.267068
-0.191225
-0.13594
0.0167819
0.21914
0.37676
0.502072
0.586928
0.629954
0.645852
-0.851759
-0.853757
-0.875294
-0.90018
-0.902594
-0.859125
-0.734648
-0.590421
-0.46161
-0.352216
-0.262173
-0.200846
-0.162863
-0.0495874
0.104306
0.235455
0.332196
0.396914
0.429041
0.44025
-0.849751
-0.858209
-0.884897
-0.911102
-0.910807
-0.852027
-0.708402
-0.559086
-0.432908
-0.330204
-0.249073
-0.198405
-0.159853
-0.0657719
0.0515059
0.140922
0.20888
0.25562
0.279988
0.288537
-0.666442
-0.676068
-0.698696
-0.721663
-0.722755
-0.671159
-0.571228
-0.468399
-0.374362
-0.293072
-0.223767
-0.169349
-0.124261
-0.0602201
0.025368
0.0871116
0.133438
0.164166
0.179852
0.18516
-0.377605
-0.383429
-0.395734
-0.412631
-0.423515
-0.413731
-0.38317
-0.34069
-0.293915
-0.243482
-0.190573
-0.139891
-0.0918106
-0.0431912
0.00631511
0.0477435
0.0817259
0.10713
0.120979
0.124504
-0.133513
-0.136185
-0.142658
-0.157186
-0.179918
-0.203305
-0.219077
-0.223272
-0.214205
-0.192312
-0.158173
-0.117158
-0.0746273
-0.0403803
-0.0109606
0.0218782
0.0486048
0.0700778
0.0803551
0.0828009
0.000433019
-0.00114522
-0.00541981
-0.0189407
-0.045414
-0.081136
-0.114657
-0.13946
-0.151592
-0.149415
-0.132025
-0.103778
-0.0742798
-0.0561113
-0.0428293
-0.0179894
0.00451317
0.0245596
0.0320032
0.0319418
0.0476663
0.0466191
0.0432371
0.0319269
0.00883098
-0.0236656
-0.0578015
-0.0879084
-0.109199
-0.118763
-0.114795
-0.100725
-0.084616
-0.0815668
-0.0746913
-0.057404
-0.0403692
-0.0278372
-0.0230358
-0.023223
0.0508906
0.0502018
0.0476458
0.0392296
0.0218892
-0.00333302
-0.0320543
-0.0601996
-0.0838819
-0.10049
-0.10728
-0.105653
-0.102558
-0.105691
-0.107673
-0.0974998
-0.0869917
-0.081316
-0.0805942
-0.081585
0.0373113
0.0368998
0.0350722
0.0291699
0.0168841
-0.00158405
-0.0240899
-0.0481557
-0.071156
-0.0913495
-0.10669
-0.116952
-0.125768
-0.13773
-0.141117
-0.136294
-0.131742
-0.131318
-0.132113
-0.132917
0.0199047
0.0196735
0.0183912
0.0143324
0.00578389
-0.00751806
-0.024707
-0.0445992
-0.065865
-0.0879992
-0.110662
-0.132904
-0.152806
-0.165733
-0.168794
-0.166368
-0.165577
-0.16722
-0.169579
-0.170181
0.00403349
0.00391532
0.0030165
0.000219019
-0.0057363
-0.0153225
-0.0284058
-0.0447308
-0.0640137
-0.0871281
-0.115313
-0.148508
-0.180923
-0.193626
-0.191806
-0.188014
-0.188764
-0.191119
-0.193026
-0.193372
-0.0083386
-0.00843316
-0.00904184
-0.0109737
-0.0151153
-0.0220336
-0.0319862
-0.0452739
-0.0623557
-0.0850196
-0.116221
-0.155288
-0.202312
-0.209938
-0.202292
-0.198338
-0.198472
-0.201468
-0.20326
-0.203348
-0.0166169
-0.0166698
-0.0171531
-0.0184711
-0.0213319
-0.0262805
-0.0337618
-0.0443299
-0.0588375
-0.079593
-0.110646
-0.153062
-0.195602
-0.201677
-0.192254
-0.188966
-0.192024
-0.196018
-0.197973
-0.197916
-0.0210397
-0.0210796
-0.0214285
-0.022309
-0.0241902
-0.0276097
-0.0330683
-0.0411628
-0.0528857
-0.0700935
-0.0966062
-0.133152
-0.167007
-0.168212
-0.161672
-0.162393
-0.168296
-0.173316
-0.175327
-0.175273
-0.0220037
-0.0220465
-0.0222887
-0.0228377
-0.0239645
-0.0261534
-0.029876
-0.0356418
-0.044183
-0.056701
-0.0750897
-0.099156
-0.119507
-0.11849
-0.11558
-0.121811
-0.130652
-0.136274
-0.13806
-0.138149
-0.0199542
-0.0199966
-0.0201679
-0.020453
-0.0210325
-0.0222714
-0.024578
-0.0282912
-0.0337794
-0.0412808
-0.0501039
-0.0578586
-0.0610366
-0.0591451
-0.0633935
-0.0745854
-0.0857611
-0.0916337
-0.0931361
-0.0933908
-0.0155218
-0.0155642
-0.0156794
-0.0158014
-0.0159706
-0.0165447
-0.0177722
-0.0198402
-0.022793
-0.0261052
-0.0268981
-0.019544
-0.00510111
0.00219393
-0.0138298
-0.0309292
-0.0416791
-0.0455257
-0.0469715
-0.0475864
-0.009285
-0.00932328
-0.00939564
-0.00942087
-0.00943476
-0.00960182
-0.0100979
-0.0110143
-0.0122192
-0.0130093
-0.0101834
0.0028236
0.0249475
0.0353701
0.0139446
-0.00287447
-0.00980042
-0.0113926
-0.0108235
-0.012189
-0.00570521
-0.0057496
-0.00579877
-0.00577383
-0.00574456
-0.00586888
-0.00624867
-0.00684995
-0.00754861
-0.00719944
-0.00177921
0.012484
0.0320847
0.0217893
0.00738381
0.00218177
-0.00180644
-0.0011918
-0.00185399
-0.000115269
-0.435544
-0.0933428
0.125099
0.314305
0.467172
0.588992
0.686323
0.769161
0.829482
0.825091
0.0622257
0.21401
0.354889
0.476315
0.580075
0.66662
0.737878
0.793289
0.826971
0.839327
0.324838
0.421075
0.514718
0.598964
0.672135
0.734327
0.785316
0.824258
0.851878
0.870771
0.504417
0.568791
0.636225
0.69839
0.751857
0.797939
0.836469
0.867575
0.892552
0.910479
0.641139
0.687397
0.739295
0.785169
0.826511
0.862846
0.894297
0.920857
0.942977
0.958453
0.752341
0.789702
0.830231
0.867053
0.901292
0.93233
0.959835
0.983429
1.0031
1.01592
0.849519
0.881755
0.916415
0.949567
0.980702
1.00938
1.03496
1.05678
1.07453
1.08497
0.940281
0.971451
1.00555
1.03873
1.06962
1.09783
1.12266
1.14343
1.15961
1.16818
1.03487
1.06959
1.10629
1.14163
1.17346
1.20164
1.22577
1.24547
1.26024
1.26819
1.14756
1.18786
1.22704
1.26379
1.29553
1.32256
1.34509
1.3633
1.37696
1.38603
1.29133
1.33398
1.3716
1.40525
1.43323
1.45698
1.47757
1.49496
1.5088
1.51992
1.46913
1.50671
1.5347
1.55902
1.58002
1.59929
1.61752
1.63466
1.65055
1.66506
1.66679
1.6878
1.70269
1.71848
1.73474
1.75004
1.76374
1.777
1.79249
1.81085
1.85738
1.86455
1.87509
1.88663
1.89654
1.90573
1.91597
1.92707
1.93868
1.94754
2.07041
2.07218
2.06425
2.04773
2.03658
2.03601
2.04816
2.07276
2.10687
2.13141
2.49005
2.29616
2.19511
2.13723
2.10809
2.10146
2.11666
2.15748
2.23333
2.37628
-0.444051
-0.448541
-0.408739
-0.336049
-0.246102
-0.146881
0.759747
0.826874
0.820722
0.739475
0.666193
0.593247
0.364594
0.142078
-0.127517
-0.483209
-0.831404
)
;

boundaryField
{
    wall-4
    {
        type            zeroGradient;
    }
    pressure-outlet-7
    {
        type            fixedValue;
        value           uniform 0;
    }
    velocity-inlet-6
    {
        type            zeroGradient;
    }
    velocity-inlet-5
    {
        type            zeroGradient;
    }
    frontAndBackPlanes
    {
        type            empty;
    }
}


// ************************************************************************* //
