/*--------------------------------*- C++ -*----------------------------------*\
| =========                 |                                                 |
| \\      /  F ield         | OpenFOAM: The Open Source CFD Toolbox           |
|  \\    /   O peration     | Version:  4.0                                   |
|   \\  /    A nd           | Web:      www.OpenFOAM.org                      |
|    \\/     M anipulation  |                                                 |
\*---------------------------------------------------------------------------*/
FoamFile
{
    version     2.0;
    format      ascii;
    class       surfaceScalarField;
    location    "25";
    object      phi;
}
// * * * * * * * * * * * * * * * * * * * * * * * * * * * * * * * * * * * * * //

dimensions      [0 3 -1 0 0 0 0];

internalField   nonuniform List<scalar> 
4262
(
0.107139
0.470849
0.0955675
0.705157
0.0693516
0.858519
0.0473153
1.0208
0.0309101
1.21492
0.019668
1.44946
0.0122925
1.73324
0.00722089
2.07611
0.00336992
2.48909
-0.000292627
2.98595
-0.00395419
2.98595
-0.0078027
2.48909
-0.0128301
2.07606
-0.020105
1.73314
-0.0311982
1.44931
-0.0474938
1.21481
-0.0694382
1.02071
-0.0955924
0.858457
-0.107187
0.70518
0.470801
0.112858
0.357992
0.135258
0.682757
0.120366
0.87341
0.0977246
1.04344
0.0743081
1.23834
0.0525588
1.47121
0.0343108
1.75149
0.0202923
2.09013
0.00919238
2.50019
-0.000794364
2.99594
-0.0107766
2.99594
-0.0216834
2.5
-0.0354799
2.08986
-0.0535521
1.75121
-0.0752773
1.47104
-0.0987302
1.23826
-0.121427
1.0434
-0.135944
0.872974
-0.113175
0.682411
0.357627
0.0920111
0.265981
0.124955
0.649813
0.121215
0.877151
0.10518
1.05948
0.0867989
1.25672
0.067801
1.49021
0.0488501
1.77044
0.0306395
2.10834
0.014113
2.51672
-0.00148664
3.01154
-0.0169424
3.01139
-0.0331222
2.51618
-0.0510655
2.1078
-0.0697655
1.76991
-0.0883559
1.48963
-0.106167
1.25608
-0.121499
1.05874
-0.125454
0.876929
-0.092281
0.649238
0.265346
0.0638564
0.202124
0.104562
0.609107
0.106312
0.875402
0.0950821
1.07071
0.0814281
1.27037
0.0669568
1.50468
0.0507396
1.78666
0.0336423
2.12543
0.0161858
2.53418
-0.00220731
3.02993
-0.0204213
3.02961
-0.0375396
2.5333
-0.0541367
2.1244
-0.0698112
1.78559
-0.0837744
1.50359
-0.0971172
1.26942
-0.10819
1.06981
-0.105765
0.874504
-0.0643552
0.607828
0.20099
0.0372182
0.164906
0.0801742
0.566151
0.0902404
0.865335
0.0828477
1.0781
0.0703239
1.2829
0.0586355
1.51637
0.0460598
1.79923
0.0315463
2.13995
0.015316
2.55041
-0.00286459
3.04811
-0.0209015
3.04764
-0.0367946
2.54919
-0.0507729
2.13838
-0.0626527
1.79746
-0.0737756
1.51471
-0.085797
1.28144
-0.0925956
1.07661
-0.0817175
0.863626
-0.0377712
0.563882
0.163219
0.0193162
0.14559
0.0568798
0.528587
0.0721827
0.850032
0.0698469
1.08043
0.0607632
1.29198
0.0499707
1.52716
0.039144
1.81006
0.0273488
2.15174
0.013133
2.56462
-0.00386627
3.06511
-0.0204955
3.06427
-0.0338882
2.56258
-0.0446642
2.14915
-0.0548242
1.80762
-0.0650005
1.52489
-0.073347
1.28979
-0.0749149
1.07818
-0.0585784
0.84729
-0.0198836
0.525187
0.143336
0.0104026
0.135187
0.0413327
0.497657
0.0572926
0.834073
0.0578059
1.07992
0.0517984
1.29799
0.0425037
1.53646
0.0325644
1.82
0.0219969
2.16231
0.00996943
2.57665
-0.00478809
3.07987
-0.0191592
3.07864
-0.0304343
2.57386
-0.0402379
2.15896
-0.0489814
1.81637
-0.0572028
1.53311
-0.0622308
1.29481
-0.0606906
1.07664
-0.043376
0.829975
-0.0110461
0.492857
0.13229
0.00599211
0.129195
0.0309662
0.472683
0.046417
0.818622
0.0482703
1.07807
0.0439823
1.30228
0.0364928
1.54395
0.0276991
1.82879
0.0176982
2.17231
0.00644033
2.58791
-0.00636388
3.09268
-0.0186876
3.09097
-0.0289054
2.58408
-0.0373647
2.16742
-0.0446842
1.82369
-0.0510202
1.53945
-0.0540132
1.29781
-0.0507516
1.07337
-0.0335487
0.812772
-0.00679949
0.466108
0.12549
0.00400303
0.125192
0.0245211
0.452165
0.0394026
0.80374
0.041729
1.07574
0.038079
1.30593
0.0316447
1.55038
0.0237419
1.83669
0.0143581
2.1817
0.00384905
2.59842
-0.00753865
3.10406
-0.0183439
3.10177
-0.0275442
2.59328
-0.0353362
2.17521
-0.0419327
1.83028
-0.0468404
1.54436
-0.0488879
1.29985
-0.044741
1.06923
-0.0276739
0.795705
-0.00502359
0.443458
0.120466
0.00289447
0.122298
0.0186017
0.436458
0.0322513
0.790091
0.0350633
1.07293
0.0319671
1.30902
0.0263254
1.55602
0.0193324
1.84369
0.010735
2.19029
0.000869274
2.60828
-0.00966427
3.1146
-0.0195451
3.11165
-0.0275811
2.60131
-0.0343859
2.18201
-0.0389834
1.83488
-0.0422688
1.54764
-0.0434928
1.30108
-0.0386579
1.06439
-0.022292
0.779339
-0.00406395
0.42523
0.116403
0.00153251
0.120765
0.0116249
0.426365
0.0229003
0.778815
0.0255702
1.07026
0.0229662
1.31163
0.0185188
1.56047
0.0129503
1.84925
0.00608326
2.19716
-0.00217767
2.61654
-0.0119139
3.12433
-0.0207255
3.12046
-0.0269344
2.60752
-0.0311299
2.18621
-0.0344202
1.83817
-0.0369382
1.55016
-0.0369929
1.30113
-0.0311718
1.05857
-0.0163552
0.764523
-0.00317007
0.412044
0.113232
0.000417659
0.120348
0.00576894
0.421014
0.0141805
0.770404
0.0166498
1.06779
0.014263
1.31401
0.0100298
1.5647
0.00485604
1.85443
-0.000850117
2.20287
-0.00741541
2.62311
-0.0149425
3.13186
-0.0212717
3.12679
-0.0250542
2.6113
-0.0272696
2.18843
-0.0293732
1.84028
-0.0304465
1.55123
-0.0295005
1.30019
-0.0233839
1.05245
-0.011032
0.752171
-0.00223748
0.40325
0.110995
-0.000336926
0.120685
0.00136851
0.419309
0.00688131
0.764891
0.00882185
1.06585
0.00682711
1.31601
0.00313717
1.56839
-0.00142915
1.85899
-0.00671186
2.20815
-0.0124883
2.62889
-0.0185006
3.13787
-0.0230927
3.13139
-0.0258463
2.61406
-0.0273344
2.18991
-0.0275021
1.84044
-0.0269966
1.55073
-0.0252144
1.29841
-0.01884
1.04608
-0.00832429
0.741655
-0.0018791
0.396805
0.109116
-0.0010626
0.121747
-0.00141529
0.419661
0.00168613
0.761789
0.00292947
1.06461
0.0010352
1.3179
-0.00247164
1.5719
-0.00703385
1.86356
-0.0122521
2.21337
-0.0179509
2.63459
-0.0235708
3.14349
-0.0273865
3.1352
-0.0289079
2.61558
-0.0289177
2.18992
-0.0276453
1.83917
-0.0258471
1.54893
-0.022647
1.2952
-0.016082
1.03952
-0.0071238
0.732697
-0.00184145
0.391522
0.107274
-0.0018969
0.123644
-0.00386175
0.421626
-0.00370903
0.761637
-0.00373258
1.06463
-0.0056186
1.31979
-0.0085577
1.57484
-0.0125114
1.86751
-0.0174582
2.21831
-0.0231264
2.64025
-0.0286482
3.14901
-0.0319083
3.13846
-0.0322628
2.61593
-0.0311027
2.18876
-0.029061
1.83713
-0.026267
1.54614
-0.0219874
1.29093
-0.0149981
1.03253
-0.00673419
0.724433
-0.00186016
0.386648
0.105414
-0.00248867
0.126133
-0.00643365
0.425571
-0.00812783
0.763331
-0.00885163
1.06535
-0.0109938
1.32193
-0.0144766
1.57832
-0.0189964
1.87203
-0.0244692
2.22379
-0.0304911
2.64628
-0.0360443
3.15457
-0.03886
3.14128
-0.0385487
2.61562
-0.0361362
2.18635
-0.0326846
1.83368
-0.0280195
1.54147
-0.0220473
1.28495
-0.0143574
1.02484
-0.00665993
0.716736
-0.00194739
0.381936
0.103467
-0.00324759
0.12938
-0.0088103
0.431134
-0.0122696
0.76679
-0.0139996
1.06708
-0.0161631
1.32409
-0.0197983
1.58196
-0.0250537
1.87729
-0.0316067
2.23034
-0.0386225
2.65329
-0.0446179
3.16056
-0.0470664
3.14373
-0.0461197
2.61467
-0.042727
2.18296
-0.0381063
1.82906
-0.0322414
1.53561
-0.0252239
1.27794
-0.0165528
1.01617
-0.00812438
0.708307
-0.00246495
0.376276
0.101002
-0.00364815
0.133029
-0.0102321
0.437718
-0.0151876
0.771746
-0.0178087
1.06971
-0.0207711
1.32706
-0.0255649
1.58675
-0.0323136
1.88403
-0.0405792
2.2386
-0.0492652
2.66198
-0.0562958
3.16759
-0.0587975
3.14623
-0.0574822
2.61336
-0.0532958
2.17877
-0.0472868
1.82305
-0.0390909
1.52741
-0.02947
1.26831
-0.0190785
1.00577
-0.00985368
0.699082
-0.00313103
0.369554
0.0978709
-0.00490639
0.137935
-0.0138874
0.446699
-0.0212997
0.779158
-0.0253672
1.07377
-0.0286714
1.33036
-0.0341326
1.59221
-0.0422828
1.89219
-0.0521411
2.24846
-0.0621853
2.67202
-0.069898
3.17531
-0.072121
3.14845
-0.0695488
2.61079
-0.0636328
2.17286
-0.0556673
1.81508
-0.0460179
1.51776
-0.0350414
1.25734
-0.0233172
0.994049
-0.0124089
0.688174
-0.00394931
0.361094
0.0939216
-0.00600688
0.143942
-0.0167698
0.457462
-0.026357
0.788745
-0.0327756
1.08019
-0.0386468
1.33623
-0.0465137
1.60008
-0.0566611
1.90233
-0.0682377
2.26004
-0.0794169
2.6832
-0.0871073
3.183
-0.0880571
3.1494
-0.0836006
2.60633
-0.0759919
2.16525
-0.0659235
1.80501
-0.053816
1.50565
-0.0402622
1.24378
-0.026612
0.980399
-0.0144357
0.675998
-0.00465928
0.351318
0.0892623
-0.00818421
0.152126
-0.0229819
0.47226
-0.0362146
0.801978
-0.0453458
1.08932
-0.0531387
1.34402
-0.0629854
1.60992
-0.075276
1.91462
-0.0886346
2.2734
-0.100533
2.6951
-0.107573
3.19004
-0.106675
3.1485
-0.0996294
2.59929
-0.0888723
2.15449
-0.0758175
1.79196
-0.0616164
1.49145
-0.046876
1.22904
-0.0320406
0.965564
-0.0176581
0.661615
-0.00559037
0.33925
0.0836719
-0.0102593
0.162385
-0.0287553
0.490755
-0.0462607
0.819483
-0.0596025
1.10266
-0.0716724
1.35609
-0.0854044
1.62366
-0.100747
1.92997
-0.115888
2.28854
-0.128161
2.70737
-0.133682
3.19556
-0.129358
3.14418
-0.118539
2.58847
-0.10479
2.14074
-0.0892757
1.77645
-0.0726876
1.47486
-0.0554429
1.2118
-0.0378657
0.947987
-0.0209003
0.64465
-0.00663338
0.324983
0.0770386
-0.0149962
0.177382
-0.0400731
0.515832
-0.06244
0.84185
-0.0801274
1.12035
-0.0965774
1.37254
-0.114316
1.6414
-0.132492
1.94814
-0.149153
2.3052
-0.160912
2.71913
-0.163723
3.19837
-0.155619
3.13607
-0.141056
2.5739
-0.123233
2.12292
-0.103967
1.75718
-0.0845158
1.45541
-0.0652518
1.19254
-0.0457095
0.928444
-0.0255525
0.624493
-0.00790276
0.307333
0.0691358
-0.0191811
0.196563
-0.051704
0.548355
-0.0822809
0.872427
-0.10687
1.14494
-0.129743
1.39542
-0.152477
1.66413
-0.173994
1.96966
-0.191637
2.32284
-0.202072
2.72957
-0.201381
3.19768
-0.188018
3.12271
-0.167978
2.55386
-0.145852
2.10079
-0.123467
1.73479
-0.101404
1.43335
-0.079083
1.17021
-0.0550418
0.904403
-0.0299933
0.599444
-0.00901832
0.286358
0.0601175
-0.033469
0.230032
-0.0778622
0.592748
-0.116356
0.910921
-0.147002
1.17559
-0.176156
1.42457
-0.20345
1.69142
-0.226797
1.99301
-0.243746
2.33979
-0.251042
2.73686
-0.244621
3.19126
-0.224723
3.10281
-0.199763
2.5289
-0.173141
2.07417
-0.14645
1.7081
-0.120381
1.40728
-0.0941637
1.144
-0.0662981
0.876538
-0.0366173
0.569764
-0.0106326
0.260374
0.0494848
-0.0470132
0.277045
-0.1142
0.659935
-0.167095
0.963816
-0.206358
1.21485
-0.242205
1.46042
-0.271224
1.72044
-0.293726
2.01551
-0.30726
2.35333
-0.308837
2.73844
-0.294972
3.17739
-0.26826
3.0761
-0.23714
2.49778
-0.20535
2.04238
-0.174992
1.67775
-0.146084
1.37837
-0.116245
1.11416
-0.081712
0.842005
-0.0420863
0.530138
-0.0107199
0.229007
0.038765
-0.0317354
0.30878
-0.0880905
0.71629
-0.138068
1.01379
-0.182239
1.25902
-0.223706
1.50189
-0.26146
1.7582
-0.296041
2.05009
-0.324644
2.38193
-0.34338
2.75718
-0.345389
3.1794
-0.325832
3.05654
-0.294185
2.46614
-0.256358
2.00455
-0.215037
1.63643
-0.172109
1.33544
-0.127273
1.06932
-0.0790544
0.793786
-0.0345752
0.485659
-0.00749561
0.201928
0.0312694
-0.00942883
0.318209
-0.0380148
0.744876
-0.0753739
1.05115
-0.112884
1.29653
-0.149484
1.53848
-0.184164
1.79288
-0.215467
2.08139
-0.240463
2.40693
-0.254668
2.77138
-0.251083
3.17582
-0.228736
3.0342
-0.196039
2.43344
-0.157696
1.96621
-0.118111
1.59684
-0.0792418
1.29657
-0.0428146
1.0329
-0.0134963
0.764468
0.00240616
0.469756
0.00353413
0.2008
0.0348035
0.00348736
0.314722
-0.0164509
0.764815
-0.0437896
1.07849
-0.0735528
1.32629
-0.103788
1.56872
-0.133552
1.82264
-0.160772
2.10861
-0.182367
2.42852
-0.19407
2.78308
-0.190639
3.17238
-0.169298
3.01286
-0.136807
2.40095
-0.100788
1.93019
-0.0652562
1.56131
-0.0324515
1.26377
-0.00513171
1.00558
0.0133724
0.745964
0.0162042
0.466924
0.00732745
0.209677
0.0421309
0.00340909
0.311313
-0.00707334
0.775297
-0.0273709
1.09879
-0.0517713
1.35069
-0.0767555
1.5937
-0.101876
1.84776
-0.125284
2.13202
-0.144056
2.44729
-0.153948
2.79298
-0.149201
3.16764
-0.12754
2.9912
-0.0995355
2.37294
-0.0704496
1.9011
-0.0422408
1.5331
-0.0163266
1.23786
0.00504135
0.984207
0.0176142
0.733391
0.017218
0.467321
0.00681067
0.220084
0.0489416
0.00580832
0.305504
-0.00126623
0.782372
-0.0190656
1.11659
-0.0397248
1.37135
-0.0609912
1.61497
-0.0827876
1.86956
-0.103321
2.15255
-0.119954
2.46392
-0.128991
2.80201
-0.12531
3.16396
-0.108607
2.97449
-0.0858223
2.35016
-0.0600592
1.87534
-0.0344617
1.5075
-0.0112165
1.21461
0.00706355
0.965927
0.0159341
0.724521
0.0134795
0.469775
0.00480186
0.228762
0.0537435
0.00609527
0.299409
0.00101812
0.787449
-0.0145565
1.13216
-0.0330188
1.38982
-0.0520855
1.63404
-0.0715384
1.88901
-0.0899883
2.171
-0.105106
2.47904
-0.11351
2.81042
-0.110466
3.16091
-0.0946698
2.9587
-0.0727146
2.3282
-0.0499479
1.85257
-0.0286218
1.48618
-0.0105927
1.19658
0.00313005
0.952205
0.0101625
0.717488
0.00872503
0.471213
0.00295826
0.234528
0.0567017
0.00411315
0.295296
0.0005095
0.791052
-0.013013
1.14569
-0.0297349
1.40654
-0.0473971
1.6517
-0.0652785
1.90689
-0.0824217
2.18815
-0.0969877
2.49361
-0.106013
2.81944
-0.105246
3.16014
-0.0921081
2.94556
-0.0735323
2.30963
-0.0544145
1.83346
-0.0365301
1.46829
-0.0196176
1.17967
-0.00627278
0.93886
0.000240238
0.710975
0.00179083
0.469662
0.000808993
0.23551
0.0575107
0.00267418
0.292622
-0.000343003
0.79407
-0.0125052
1.15785
-0.0282278
1.42226
-0.0450852
1.66856
-0.0620535
1.92386
-0.078507
2.2046
-0.0929047
2.50801
-0.102182
2.82872
-0.101637
3.1596
-0.0896494
2.93357
-0.0730547
2.29303
-0.0547589
1.81516
-0.0359693
1.4495
-0.0219703
1.16567
-0.0120925
0.928982
-0.00604602
0.704929
-0.00430053
0.467917
-0.00138071
0.23259
0.05613
-2.95915e-05
0.292651
-0.00299827
0.797038
-0.0135399
1.16839
-0.0280842
1.4368
-0.0440653
1.68454
-0.0605701
1.94037
-0.0768014
2.22083
-0.0913681
2.52257
-0.101576
2.83893
-0.103413
3.16144
-0.0943879
2.92455
-0.0779882
2.27663
-0.0604341
1.79761
-0.0464448
1.43551
-0.0329085
1.15213
-0.0217638
0.917837
-0.0136725
0.696837
-0.00709807
0.461342
-0.00221785
0.22771
0.0539122
-0.000507873
0.293159
-0.00519704
0.801727
-0.0153017
1.17849
-0.0286255
1.45013
-0.0438082
1.69972
-0.0599125
1.95647
-0.0761335
2.23705
-0.0910703
2.53751
-0.102306
2.85016
-0.10568
3.16481
-0.0969489
2.91581
-0.0828436
2.26253
-0.0681624
1.78292
-0.0519923
1.41934
-0.0372059
1.13735
-0.024948
0.905579
-0.0157831
0.687673
-0.00907635
0.454635
-0.00286742
0.221501
0.0510448
-0.0025127
0.295672
-0.00772767
0.806942
-0.017197
1.18796
-0.0295321
1.46246
-0.0439118
1.7141
-0.0596383
1.9722
-0.0759938
2.25341
-0.091648
2.55316
-0.104493
2.86301
-0.110461
3.17078
-0.104708
2.91006
-0.0909155
2.24874
-0.0729751
1.76498
-0.0574312
1.4038
-0.0439003
1.12382
-0.0328225
0.894502
-0.0218736
0.676724
-0.0107834
0.443545
-0.00333634
0.214054
0.0477084
-0.00389993
0.299572
-0.0092847
0.812327
-0.0185184
1.1972
-0.0303968
1.47434
-0.0441821
1.72789
-0.0595196
1.98753
-0.0759503
2.26984
-0.0922808
2.56949
-0.10624
2.87697
-0.11371
3.17825
-0.110052
2.9064
-0.0979905
2.23667
-0.0827346
1.74973
-0.0651198
1.38618
-0.0496858
1.10838
-0.0346547
0.87947
-0.0223
0.664369
-0.0122822
0.433527
-0.00370936
0.205481
0.0439991
-0.00443899
0.304011
-0.0106051
0.818493
-0.0196684
1.20626
-0.0311051
1.48578
-0.0443833
1.74116
-0.0594012
2.00255
-0.0759155
2.28635
-0.0929892
2.58657
-0.108957
2.89294
-0.121039
3.19033
-0.121278
2.90664
-0.109185
2.22458
-0.0903957
1.73094
-0.0729416
1.36873
-0.0562149
1.09166
-0.0428391
0.866095
-0.0291952
0.650725
-0.0141565
0.418489
-0.00411453
0.195439
0.0398845
-0.00444199
0.308453
-0.0110506
0.825102
-0.0201743
1.21538
-0.0314294
1.49703
-0.0444436
1.75418
-0.0591991
2.01731
-0.075731
2.30288
-0.0933874
2.60422
-0.110463
2.91001
-0.122581
3.20245
-0.123184
2.90725
-0.115471
2.21687
-0.101462
1.71693
-0.0808411
1.34811
-0.0613508
1.07217
-0.0431127
0.847857
-0.0273842
0.634996
-0.0145243
0.405629
-0.00405813
0.184973
0.0358264
-0.00444808
0.312901
-0.0115038
0.832158
-0.0204865
1.22437
-0.0314343
1.50798
-0.0441674
1.76691
-0.0587064
2.03185
-0.0752146
2.31939
-0.0932552
2.62226
-0.11162
2.92838
-0.127976
3.2188
-0.135361
2.91463
-0.127157
2.20866
-0.10813
1.6979
-0.0880813
1.32806
-0.0670304
1.05111
-0.0498535
0.83068
-0.0335423
0.618685
-0.0157593
0.387846
-0.0038487
0.173063
0.0319777
-0.00440693
0.317308
-0.0114545
0.839205
-0.0202879
1.2332
-0.0310295
1.51872
-0.0435697
1.77945
-0.0579218
2.0462
-0.0744125
2.33588
-0.0929602
2.64081
-0.112717
2.94813
-0.130819
3.23691
-0.138856
2.92267
-0.134057
2.20386
-0.121054
1.6849
-0.0982523
1.30526
-0.0735672
1.02643
-0.0470227
0.804135
-0.0261284
0.597791
-0.0125723
0.37429
-0.00294171
0.163432
0.029036
-0.00443833
0.321746
-0.0115532
0.84632
-0.0200845
1.24173
-0.0304411
1.52908
-0.0426317
1.79164
-0.0567468
2.06031
-0.0731882
2.35232
-0.0918575
2.65948
-0.112087
2.96836
-0.131796
3.25661
-0.144595
2.93547
-0.143894
2.20316
-0.128822
1.66983
-0.106826
1.28326
-0.0782973
0.9979
-0.0517527
0.777591
-0.027266
0.573304
-0.00947332
0.356497
-0.00255194
0.156511
0.0264841
-0.00434203
0.326088
-0.011218
0.853196
-0.0194831
1.25
-0.0295334
1.53913
-0.0414097
1.80352
-0.0552514
2.07416
-0.0715215
2.36859
-0.0903795
2.67834
-0.111884
2.98987
-0.134697
3.27943
-0.149609
2.95038
-0.151374
2.20493
-0.142501
1.66096
-0.119799
1.26056
-0.0875215
0.965623
-0.0453792
0.735448
-0.00388143
0.531807
0.0188222
0.333793
0.020251
0.155082
0.0467351
-0.00422886
0.330317
-0.0110499
0.860017
-0.0189869
1.25793
-0.0285879
1.54873
-0.0399874
1.81492
-0.0534593
2.08763
-0.0695498
2.38469
-0.088534
2.69732
-0.110379
3.01171
-0.133606
3.30265
-0.151437
2.96821
-0.16066
2.21415
-0.152302
1.6526
-0.131229
1.23949
-0.0956912
0.930085
-0.0524781
0.692235
0.00104471
0.478284
0.0312594
0.303579
0.0144818
0.171859
0.0612168
-0.00398776
0.334305
-0.0104881
0.866518
-0.0181282
1.26557
-0.0273661
1.55797
-0.0384173
1.82597
-0.0515274
2.10074
-0.0673311
2.40049
-0.0861942
2.71619
-0.108585
3.0341
-0.134171
3.32824
-0.155812
2.98985
-0.165057
2.22339
-0.165785
1.65333
-0.149327
1.22303
-0.11575
0.896508
-0.0522075
0.628693
0.0475671
0.378509
0.152676
0.19847
0.168477
0.156058
0.229694
-0.00383391
0.338139
-0.0103348
0.873018
-0.0178639
1.2731
-0.0269944
1.5671
-0.0380922
1.83707
-0.0515322
2.11418
-0.0681629
2.41712
-0.088599
2.73662
-0.113592
3.0591
-0.143261
3.35791
-0.169727
3.01632
-0.189043
2.24271
-0.191575
1.65586
-0.179028
1.21048
-0.147062
0.864542
-0.109108
0.59074
-0.129781
0.399182
-0.366866
0.435555
-0.92116
0.710353
0.891616
-1.58308
-0.00360535
0.341744
-0.00977203
0.879185
-0.0170889
1.28042
-0.0260559
1.57607
-0.0370563
1.84807
-0.0505692
2.12769
-0.0675093
2.43406
-0.0886657
2.75778
-0.115317
3.08575
-0.148316
3.39091
-0.181198
3.0492
-0.203898
2.26541
-0.225602
1.67756
-0.232925
1.21781
-0.232062
0.863679
-0.309579
0.668257
-0.686472
0.776075
-1.39947
1.14855
-2.01511
1.32599
1.22124
-2.34474
-0.00342836
0.345173
-0.00940349
0.88516
-0.0164606
1.28748
-0.0251581
1.58476
-0.0359299
1.85884
-0.0493766
2.14114
-0.0665438
2.45123
-0.0885031
2.77974
-0.117047
3.11429
-0.154063
3.42792
-0.192282
3.08742
-0.22728
2.30041
-0.251503
1.70179
-0.263151
1.22945
-0.351325
0.951853
-0.742712
1.05964
-1.49863
1.53199
-2.0849
1.73483
-2.33061
1.5717
1.33844
-2.44781
-0.00315959
0.348332
-0.00870511
0.890706
-0.0154748
1.29425
-0.0239479
1.59324
-0.0345595
1.86945
-0.0480166
2.15459
-0.0654
2.46861
-0.0879958
2.80233
-0.117782
3.14408
-0.157194
3.46733
-0.201175
3.1314
-0.239802
2.33903
-0.28478
1.74676
-0.379299
1.32397
-0.697496
1.27005
-1.40564
1.76779
-2.00658
2.13293
-2.25186
1.98011
-2.36837
1.6882
1.40553
-2.43546
-0.00292318
0.351255
-0.00817496
0.895958
-0.0146138
1.30069
-0.0227568
1.60138
-0.0331414
1.87984
-0.0464456
2.1679
-0.0638934
2.48606
-0.0870325
2.82547
-0.118613
3.17566
-0.163213
3.51193
-0.215422
3.18361
-0.269164
2.39278
-0.323031
1.80063
-0.494178
1.49512
-1.06402
1.83989
-1.7561
2.45986
-2.09306
2.46989
-2.24759
2.13465
-2.33271
1.77332
1.47223
-2.39941
-0.00277216
0.354027
-0.00778882
0.900974
-0.0141841
1.30708
-0.0223717
1.60957
-0.0329973
1.89046
-0.0465625
2.18146
-0.0644893
2.50398
-0.0884764
2.84946
-0.121292
3.20847
-0.166664
3.55731
-0.22211
3.23906
-0.277412
2.44808
-0.373946
1.89716
-0.743924
1.8651
-1.45939
2.55535
-1.95038
2.95085
-2.15592
2.67543
-2.26514
2.24388
-2.34314
1.85131
1.53768
-2.40859
-0.00279523
0.356823
-0.00815129
0.90633
-0.0148689
1.3138
-0.0234131
1.61811
-0.0344551
1.9015
-0.0485359
2.19554
-0.06716
2.52261
-0.0921654
2.87447
-0.126984
3.24329
-0.178929
3.60925
-0.243272
3.3034
-0.314553
2.51936
-0.498774
2.08139
-1.01808
2.38441
-1.64838
3.18564
-1.94129
3.24377
-2.09303
2.82718
-2.21059
2.36143
-2.30595
1.94667
1.60195
-2.37022
-0.00274055
0.359563
-0.00814034
0.91173
-0.0152301
1.32089
-0.0242622
1.62714
-0.0358259
1.91307
-0.0505747
2.21029
-0.0700441
2.54208
-0.0962503
2.90067
-0.132682
3.27972
-0.184169
3.66074
-0.248066
3.3673
-0.337982
2.60928
-0.608774
2.35218
-1.22794
3.00358
-1.73474
3.69244
-1.94775
3.45678
-2.0943
2.97373
-2.22434
2.49147
-2.34116
2.06349
1.6637
-2.40291
-0.00261276
0.362176
-0.00847129
0.917589
-0.0159567
1.32837
-0.0254018
1.63659
-0.0374012
1.92507
-0.0527051
2.2256
-0.0728792
2.56225
-0.100091
2.92788
-0.138135
3.31777
-0.195448
3.71805
-0.270515
3.44236
-0.394345
2.73311
-0.754032
2.71186
-1.37379
3.62334
-1.74594
4.06459
-1.92772
3.63856
-2.03834
3.08434
-2.13554
2.58867
-2.20939
2.13734
1.65883
-2.20452
-0.00244342
0.364619
-0.00818913
0.923334
-0.0160839
1.33627
-0.0261041
1.64661
-0.0387139
1.93768
-0.0547036
2.24159
-0.07572
2.58327
-0.104026
2.95619
-0.143673
3.35742
-0.200008
3.77439
-0.277333
3.51969
-0.439266
2.89504
-0.868407
3.141
-1.42747
4.1824
-1.70506
4.34218
-1.8716
3.8051
-1.97261
3.18536
-1.98158
2.59764
-1.92506
2.08082
1.64277
-1.909
-0.0021913
0.366811
-0.00837237
0.929515
-0.0166015
1.3445
-0.0269418
1.65695
-0.0398504
1.95058
-0.0561216
2.25786
-0.0773325
2.60448
-0.105792
2.98465
-0.145485
3.39711
-0.203728
3.83263
-0.292068
3.60803
-0.486366
3.08934
-0.943408
3.59805
-1.39611
4.63509
-1.57808
4.52416
-1.65485
3.88187
-1.66794
3.19845
-1.52877
2.45847
-1.03642
1.58847
0.606344
-0.0016316
0.368442
-0.00754868
0.935432
-0.0162185
1.35317
-0.0273222
1.66805
-0.0412104
1.96447
-0.0586483
2.2753
-0.0815437
2.62738
-0.112346
3.01545
-0.1554
3.44016
-0.217334
3.89456
-0.315504
3.7062
-0.552482
3.32631
-1.06509
4.11066
-1.44552
5.01552
-1.55551
4.63415
-1.56528
3.89163
-1.47468
3.10785
-1.2356
2.21938
-0.657542
1.01042
-0.0511979
-0.0012348
0.369677
-0.00721481
0.941412
-0.0161784
1.36213
-0.0277628
1.67964
-0.0423176
1.97903
-0.0608331
2.29381
-0.0851781
2.65172
-0.118118
3.04839
-0.164966
3.48701
-0.234484
3.96408
-0.353751
3.82547
-0.642379
3.61494
-1.17966
4.64794
-1.47009
5.30595
-1.54164
4.7057
-1.52848
3.87847
-1.32507
2.90444
-0.811066
1.70538
-0.124349
0.323699
-0.175547
-0.0003915
0.370069
-0.00543759
0.946459
-0.0147188
1.37141
-0.0270881
1.69201
-0.0425069
1.99445
-0.0620394
2.31334
-0.0879304
2.67761
-0.123285
3.08375
-0.173075
3.5368
-0.247166
4.03817
-0.381511
3.95981
-0.718804
3.95224
-1.24654
5.17568
-1.44467
5.50408
-1.48449
4.74552
-1.40836
3.80234
-1.12194
2.61802
-0.348358
0.931801
0.0368462
-0.0615051
-0.138701
0.000593899
0.369475
-0.00395885
0.951011
-0.0133297
1.38078
-0.0260804
1.70476
-0.0418864
2.01025
-0.0623461
2.3338
-0.0894726
2.70474
-0.126137
3.12041
-0.177984
3.58865
-0.260191
4.12038
-0.420904
4.12052
-0.805947
4.33728
-1.29229
5.66202
-1.42722
5.63901
-1.43308
4.75138
-1.25299
3.62225
-0.744759
2.10979
-0.0770179
0.26406
0.0393434
-0.177866
-0.0993578
0.00251486
0.36696
-0.000146152
0.953672
-0.0100473
1.39068
-0.0234519
1.71816
-0.0398247
2.02662
-0.0609849
2.35496
-0.0890556
2.73281
-0.127405
3.15876
-0.181479
3.64272
-0.269972
4.20887
-0.445997
4.29655
-0.875786
4.76707
-1.2777
6.06393
-1.35425
5.71557
-1.33218
4.72931
-1.0661
3.35617
-0.38326
1.42694
-0.0288346
-0.0903656
0.00540232
-0.212103
-0.0939555
0.0039407
0.363019
0.00228158
0.955331
-0.00693896
1.3999
-0.0196905
1.73091
-0.0359773
2.04291
-0.0576396
2.37663
-0.0863829
2.76155
-0.125166
3.19754
-0.179655
3.69721
-0.272559
4.30178
-0.465996
4.48999
-0.921987
5.22306
-1.23249
6.37443
-1.28389
5.76697
-1.19069
4.63611
-0.849799
3.01528
-0.152414
0.729561
0.00594119
-0.248721
0.00247838
-0.20864
-0.0914771
0.00632146
0.356698
0.00664888
0.955004
-0.000680768
1.40723
-0.0135109
1.74374
-0.0300964
2.0595
-0.0518905
2.39842
-0.0802491
2.78991
-0.118679
3.23597
-0.17341
3.75194
-0.270832
4.3992
-0.477165
4.69632
-0.9238
5.66969
-1.14274
6.59338
-1.15417
5.77839
-0.992361
4.4743
-0.536939
2.55985
-0.0015257
0.194147
0.0294781
-0.279725
0.0198588
-0.199021
-0.0716183
0.00892401
0.347774
0.0119579
0.95197
0.00622114
1.41297
-0.00470661
1.75467
-0.0211783
2.07597
-0.0424135
2.41966
-0.0699501
2.81745
-0.107812
3.27383
-0.160839
3.80497
-0.256617
4.49498
-0.466692
4.90639
-0.874797
6.0778
-1.03708
6.75566
-1.06345
5.80477
-0.838088
4.24894
-0.302529
2.02429
-0.0143134
-0.094068
-0.00431249
-0.289726
0.0111069
-0.21444
-0.0605115
0.0130266
0.334747
0.0202841
0.944713
0.0168586
1.4164
0.00669262
1.76484
-0.00925696
2.09192
-0.0286437
2.43904
-0.0542776
2.84308
-0.0886054
3.30816
-0.137809
3.85417
-0.232002
4.58917
-0.44295
5.11734
-0.781062
6.41591
-0.884276
6.85887
-0.875222
5.79572
-0.664336
4.03805
-0.136693
1.49665
-0.0281368
-0.202625
-0.0139157
-0.303947
0.0171685
-0.245525
-0.043343
0.0175134
0.317234
0.0297256
0.9325
0.0295452
1.41658
0.021331
1.77305
0.00806352
2.10519
-0.00870536
2.45581
-0.0318043
2.86618
-0.0630354
3.33939
-0.105325
3.89646
-0.186217
4.67006
-0.370773
5.3019
-0.61409
6.65923
-0.704214
6.949
-0.722398
5.8139
-0.536999
3.85265
-0.155473
1.11513
-0.177546
-0.180551
-0.108214
-0.373279
-0.0266276
-0.327111
-0.0699706
0.0236449
0.293589
0.0429616
0.913184
0.0474627
1.41208
0.0420103
1.7785
0.0316784
2.11552
0.0172681
2.47022
-0.0019043
2.88535
-0.0267036
3.36419
-0.0607252
3.93048
-0.121988
4.73132
-0.256031
5.43594
-0.416308
6.8195
-0.503731
7.03642
-0.595609
5.90578
-0.585937
3.84298
-0.532312
1.0615
-0.586941
-0.125923
-0.416177
-0.544043
-0.21118
-0.532109
-0.28115
0.0300356
0.263553
0.0578326
0.885387
0.0685727
1.40134
0.0677893
1.77929
0.0611542
2.12215
0.0507977
2.48058
0.0375255
2.89862
0.0213267
3.38039
-0.00289852
3.95471
-0.0268401
4.75527
-0.0800235
5.48913
-0.133566
6.87305
-0.191627
7.09448
-0.284141
5.99829
-0.438049
3.99689
-0.686088
1.30954
-0.764593
-0.047418
-0.589152
-0.719484
-0.309855
-0.811405
-0.591006
0.0378075
0.225746
0.0771238
0.84607
0.0964546
1.382
0.101007
1.77473
0.0990157
2.12414
0.0940844
2.48551
0.0891246
2.90358
0.081913
3.3876
0.0815405
3.95508
0.0883883
4.74842
0.145006
5.43251
0.240933
6.77712
0.291078
7.04434
0.337237
5.95213
0.211673
4.12245
-0.180867
1.70208
-0.480711
0.252426
-0.54021
-0.659985
-0.276653
-1.07496
-0.867659
0.0445775
0.181168
0.0977401
0.792908
0.128054
1.35169
0.139974
1.76281
0.144658
2.11946
0.145158
2.48501
0.148104
2.90064
0.156114
3.37959
0.176455
3.93474
0.224661
4.70021
0.386451
5.27072
0.792179
6.37139
1.13267
6.70385
1.54429
5.54051
1.55666
4.11008
1.01119
2.24755
0.551594
0.712022
0.142209
-0.2506
-0.0142325
-0.918521
-0.881891
0.0494735
0.131695
0.120385
0.721996
0.165509
1.30657
0.186931
1.74139
0.199385
2.10701
0.206897
2.4775
0.220345
2.88719
0.240894
3.35904
0.28175
3.89388
0.390339
4.59162
0.651956
5.0091
1.27813
5.74521
1.69894
6.28304
2.02462
5.21482
2.09862
4.03608
1.7377
2.60847
1.26775
1.18198
0.818681
0.198466
0.313738
-0.413578
-0.568153
0.0469746
0.0847202
0.141073
0.627898
0.207206
1.24043
0.241395
1.7072
0.262398
2.086
0.277316
2.46258
0.299711
2.86479
0.330938
3.32782
0.387557
3.83726
0.527146
4.45203
0.830997
4.70525
1.50878
5.06743
1.91048
5.88134
2.17156
4.95375
2.2677
3.93994
2.00823
2.86794
1.46898
1.72123
0.910703
0.756741
0.392882
0.104244
-0.175272
0.0380017
0.0467185
0.159028
0.506871
0.250342
1.14912
0.301315
1.65623
0.332564
2.05475
0.355073
2.44007
0.381888
2.83798
0.423846
3.28586
0.480107
3.781
0.603321
4.32882
0.863283
4.44529
1.41996
4.51075
1.81617
5.48513
1.97006
4.79986
1.98578
3.92421
1.7989
3.05483
1.37997
2.14016
0.881722
1.25499
0.377806
0.608161
0.202534
0.0309042
0.0158143
0.182355
0.35542
0.300112
1.03136
0.36927
1.58707
0.409801
2.01422
0.442353
2.40752
0.470353
2.80998
0.51168
3.24453
0.549591
3.74309
0.628298
4.25011
0.767852
4.30573
1.12505
4.15356
1.52761
5.08257
1.59566
4.73181
1.55698
3.96289
1.40395
3.20786
1.09769
2.44642
0.692918
1.65976
0.283131
1.01795
0.485665
0.0325064
-0.0166921
0.186196
0.20173
0.348888
0.868671
0.445409
1.49055
0.497541
1.96209
0.537351
2.36771
0.564891
2.78244
0.594416
3.21501
0.615727
3.72178
0.646701
4.21914
0.705166
4.24727
0.920171
3.93855
1.28431
4.71843
1.32613
4.68998
1.23439
4.05464
1.07999
3.36225
0.837745
2.68867
0.514826
1.98268
0.197233
1.33554
0.682898
0.0338352
-0.0505273
0.130971
0.104594
0.295089
0.704553
0.408825
1.37682
0.468466
1.90245
0.500799
2.33538
0.510505
2.77273
0.510094
3.21542
0.505477
3.7264
0.475409
4.24921
0.458989
4.26369
0.522341
3.8752
0.692547
4.54823
0.705005
4.67753
0.631146
4.1285
0.528614
3.46478
0.400749
2.81653
0.239143
2.14429
0.0844631
1.49022
0.767361
0.0127043
-0.0632316
0.0258991
0.0913992
0.115673
0.614779
0.210005
1.28249
0.28047
1.83198
0.32975
2.2861
0.361478
2.741
0.380727
3.19617
0.386284
3.72084
0.347408
4.28808
0.318036
4.29306
0.337541
3.8557
0.44227
4.4435
0.446317
4.67348
0.386782
4.18803
0.3039
3.54766
0.210026
2.91041
0.104096
2.25022
0.0127981
1.58152
0.780159
-0.0118938
-0.0513379
-0.0351688
0.114674
-0.00693751
0.586548
0.0581504
1.2174
0.123689
1.76645
0.181359
2.22843
0.231222
2.69114
0.260583
3.16681
0.265433
3.71599
0.225986
4.32753
0.18876
4.33029
0.200083
3.84437
0.263945
4.37963
0.255562
4.68186
0.211977
4.23162
0.149528
3.61011
0.0837539
2.97618
0.0217294
2.31224
-0.0204472
1.62369
0.759712
-0.0290948
-0.0222431
-0.0770031
0.162583
-0.0877711
0.597316
-0.0438097
1.17344
0.0199056
1.70273
0.0785157
2.16982
0.131389
2.63827
0.156658
3.14154
0.164791
3.70786
0.128333
4.36399
0.0856009
4.37302
0.0897182
3.84026
0.145105
4.32425
0.128644
4.69832
0.0860766
4.27418
0.0361745
3.66002
-0.0162967
3.02865
-0.0545377
2.35048
-0.0560674
1.62522
0.703645
-0.0362537
0.0140107
-0.0967732
0.223102
-0.123677
0.62422
-0.0951318
1.14489
-0.0368547
1.64445
0.0206853
2.11228
0.0737187
2.58523
0.0976553
3.11761
0.112759
3.69275
0.0726379
4.40411
0.0104015
4.43526
-0.0134814
3.86414
0.0277683
4.283
0.0207323
4.70536
-0.0204131
4.31533
-0.0616925
3.7013
-0.0911045
3.05806
-0.102708
2.36209
-0.0786647
1.60118
0.62498
-0.0356214
0.0496321
-0.0934565
0.280937
-0.12888
0.659644
-0.110707
1.12672
-0.0606111
1.59436
-0.00358063
2.05525
0.0511939
2.53046
0.0859485
3.08285
0.104781
3.67392
0.0611335
4.44776
-0.0302116
4.5266
-0.0882887
3.92222
-0.0657753
4.26048
-0.0802875
4.71987
-0.100189
4.33523
-0.121951
3.72306
-0.134438
3.07055
-0.130986
2.35864
-0.085013
1.55521
0.539967
-0.0284885
0.0781206
-0.0762546
0.328703
-0.11233
0.695719
-0.103444
1.11783
-0.0613626
1.55227
-0.00432467
1.99821
0.0554365
2.4707
0.105924
3.03236
0.131524
3.64832
0.0985509
4.48073
-0.0142844
4.63944
-0.115283
4.02321
-0.107229
4.25243
-0.121654
4.7343
-0.140731
4.35431
-0.152807
3.73513
-0.157675
3.07542
-0.142297
2.34326
-0.0788273
1.49174
0.46114
-0.0190519
0.0971726
-0.053171
0.362822
-0.0818081
0.724356
-0.0771253
1.11315
-0.0379199
1.51307
0.0250243
1.93526
0.0972379
2.39848
0.172413
2.95719
0.219142
3.60159
0.212887
4.48698
0.0778999
4.77442
-0.0875062
4.18862
-0.104183
4.26911
-0.121883
4.752
-0.142864
4.37529
-0.154792
3.74706
-0.162007
3.08263
-0.138165
2.31941
-0.0699102
1.42348
0.39123
-0.00993278
0.107105
-0.0297287
0.382618
-0.0454545
0.740082
-0.0374229
1.10512
0.00611119
1.46954
0.0822923
1.85908
0.178791
2.30199
0.295122
2.84086
0.395601
3.50111
0.421262
4.46132
0.2479
4.94778
-0.000546289
4.43707
-0.072093
4.34065
-0.100531
4.78043
-0.130223
4.40498
-0.150848
3.76769
-0.152463
3.08425
-0.118119
2.28507
-0.0560503
1.36142
0.335179
-0.00166341
0.108769
-0.00847
0.389425
-0.0106259
0.742238
0.00864074
1.08585
0.063507
1.41467
0.156538
1.76605
0.281059
2.17747
0.438258
2.68366
0.588573
3.3508
0.647614
4.40228
0.427461
5.16794
0.089372
4.77516
-0.063361
4.49339
-0.104729
4.8218
-0.144151
4.4444
-0.16847
3.792
-0.158225
3.07401
-0.113195
2.24004
-0.0334625
1.28168
0.301717
0.0051225
0.103646
0.0071135
0.387434
0.017013
0.732338
0.0516266
1.05124
0.120864
1.34543
0.22951
1.65741
0.379192
2.02778
0.571325
2.49153
0.758471
3.16365
0.826423
4.33433
0.554879
5.43948
0.132607
5.19743
-0.111525
4.73752
-0.173829
4.88411
-0.218537
4.48911
-0.232065
3.80553
-0.213016
3.05496
-0.154775
2.1818
-0.0200968
1.14701
0.28162
0.0101956
0.0934507
0.0179248
0.379704
0.0367682
0.713495
0.0832051
1.0048
0.163089
1.26555
0.282005
1.53849
0.448672
1.86112
0.661347
2.27885
0.863534
2.96147
0.910999
4.28687
0.621578
5.7289
0.177685
5.64132
-0.119166
5.03437
-0.226636
4.99158
-0.285628
4.5481
-0.305025
3.82493
-0.283395
3.03333
-0.194537
2.09294
-0.0239855
0.976454
0.257634
0.0124573
0.0809934
0.0219031
0.370259
0.0429177
0.69248
0.0918854
0.955833
0.171638
1.18579
0.289301
1.42083
0.45522
1.6952
0.665485
2.06859
0.870692
2.75626
0.906241
4.25132
0.653484
5.98166
0.285056
6.00975
-0.0622806
5.38171
-0.260954
5.19025
-0.351119
4.63827
-0.400252
3.87406
-0.358834
2.99191
-0.178817
1.91292
-0.0292806
0.826918
0.228354
0.0114568
0.0695366
0.0168229
0.364893
0.0326973
0.676606
0.073326
0.915204
0.139038
1.12008
0.237424
1.32244
0.375506
1.55712
0.551228
1.89286
0.732478
2.57501
0.768889
4.21491
0.584384
6.16616
0.283049
6.31108
-0.141822
5.80658
-0.415253
5.46368
-0.534605
4.75762
-0.554537
3.89399
-0.434356
2.87173
-0.156562
1.63513
-0.0383072
0.708663
0.190047
0.00650384
0.0630328
0.00241945
0.368977
0.00502477
0.674001
0.024178
0.896051
0.0588753
1.08539
0.113936
1.26738
0.188973
1.48208
0.28056
1.80128
0.354559
2.50101
0.350463
4.219
0.247943
6.26868
-0.0927785
6.6518
-0.507946
6.22174
-0.710751
5.66649
-0.766925
4.8138
-0.678399
3.80547
-0.399868
2.5932
-0.13892
1.37418
-0.0443202
0.614063
0.145727
-0.000870706
0.0639035
-0.018118
0.386224
-0.0345072
0.69039
-0.0453851
0.906929
-0.0537458
1.09375
-0.0584322
1.27207
-0.0641396
1.48779
-0.0823348
1.81947
-0.145257
2.56393
-0.27208
4.34583
-0.450844
6.44745
-0.750398
6.95136
-0.982334
6.45368
-1.00606
5.69021
-0.935436
4.74318
-0.676143
3.54617
-0.267447
2.1845
-0.09635
1.20309
-0.0339006
0.551613
0.111826
-0.00935121
0.0732547
-0.0406582
0.417531
-0.081182
0.730914
-0.127654
0.953401
-0.182833
1.14892
-0.253013
1.34225
-0.34706
1.58183
-0.477877
1.95029
-0.662204
2.74826
-0.912964
4.59659
-1.14448
6.67896
-1.2945
7.10138
-1.31486
6.47403
-1.19631
5.57166
-0.970611
4.51748
-0.497892
3.07346
-0.148475
1.83508
-0.0490669
1.10368
-0.0180647
0.520611
0.0937612
-0.0169695
0.0902241
-0.0585532
0.459115
-0.118546
0.790907
-0.195331
1.03019
-0.290454
1.24405
-0.415249
1.46704
-0.582952
1.74954
-0.805666
2.173
-1.08171
3.0243
-1.39083
4.9057
-1.60631
6.89445
-1.57372
7.06879
-1.43316
6.33347
-1.19989
5.33839
-0.74426
4.06185
-0.246956
2.57615
-0.0579184
1.64605
-0.0117632
1.05752
-0.00458234
0.51343
0.0891789
-0.0216889
0.111913
-0.0692843
0.50671
-0.143207
0.86483
-0.242057
1.12904
-0.368652
1.37064
-0.533486
1.63188
-0.751167
1.96722
-1.03085
2.45268
-1.35065
3.34411
-1.62806
5.18311
-1.75028
7.01667
-1.61174
6.93025
-1.35234
6.07407
-0.921164
4.90722
-0.369807
3.51049
-0.0634111
2.26976
0.0120901
1.57055
0.0201469
1.04947
0.00678831
0.526789
0.0959672
-0.0225294
0.134442
-0.0695554
0.553736
-0.147485
0.942759
-0.254132
1.23568
-0.392254
1.50877
-0.570749
1.81037
-0.803355
2.19982
-1.0973
2.74663
-1.42353
3.67033
-1.66595
5.42554
-1.695
7.04571
-1.44301
6.67826
-1.01831
5.64938
-0.496757
4.38566
-0.0811754
3.09491
0.0517773
2.1368
0.0618296
1.56049
0.0430206
1.06827
0.0148372
0.554972
0.110804
-0.0208294
0.155272
-0.0634089
0.596316
-0.139233
1.01858
-0.246634
1.34308
-0.386115
1.64825
-0.563403
1.98766
-0.788327
2.42475
-1.06423
3.02253
-1.35752
3.96362
-1.56125
5.62926
-1.45301
6.93747
-1.07043
6.29569
-0.580305
5.15925
-0.156943
3.9623
0.0826223
2.85535
0.113909
2.10552
0.0894821
1.58492
0.0493763
1.10838
0.0174827
0.586866
0.128287
-0.016992
0.172264
-0.0514997
0.630824
-0.116824
1.08391
-0.212191
1.43845
-0.335782
1.77184
-0.490848
2.14273
-0.682445
2.61634
-0.909955
3.25004
-1.13387
4.18754
-1.24062
5.73601
-1.02498
6.72183
-0.635715
5.90642
-0.236807
4.76034
0.0422223
3.68327
0.145609
2.75196
0.137462
2.11366
0.0917529
1.63063
0.0457982
1.15433
0.0169396
0.615724
0.145227
-0.0129974
0.185261
-0.0398776
0.657704
-0.094645
1.13868
-0.179397
1.5232
-0.288966
1.88141
-0.424248
2.27801
-0.584647
2.77674
-0.764423
3.42982
-0.920953
4.34407
-0.931583
5.74664
-0.671098
6.46135
-0.334278
5.5696
-0.045036
4.4711
0.12271
3.51552
0.155394
2.71928
0.124674
2.14438
0.0741975
1.68111
0.0368527
1.19168
0.0140182
0.638559
0.159245
-0.00889413
0.194155
-0.0275688
0.676378
-0.0678046
1.17891
-0.133026
1.58842
-0.216773
1.96515
-0.319428
2.38066
-0.437982
2.8953
-0.565853
3.55769
-0.668552
4.44677
-0.646224
5.72432
-0.416982
6.2321
-0.15989
5.31251
0.0293443
4.28186
0.12298
3.42189
0.126291
2.71596
0.0886742
2.182
0.0504594
1.71932
0.025185
1.21695
0.00959821
0.654146
0.168843
-0.00616581
0.200321
-0.0201023
0.690315
-0.052467
1.21128
-0.108817
1.64477
-0.181874
2.03821
-0.270377
2.46917
-0.369201
2.99412
-0.469804
3.65829
-0.543329
4.52029
-0.50865
5.68964
-0.302789
6.02624
-0.090683
5.1004
0.0428987
4.14828
0.0996292
3.36516
0.0933787
2.72221
0.0624766
2.2129
0.0339698
1.74783
0.0171317
1.23379
0.00657948
0.664698
0.175423
-0.00327648
-0.0111953
-0.0310116
-0.0671027
-0.114544
-0.171241
-0.233127
-0.294294
-0.337461
-0.317585
-0.199751
-0.0749966
0.000952595
0.0341625
0.0356899
0.024964
0.0136864
0.00707757
0.00277678
-0.276202
-1.63279
-0.329829
-2.15089
-0.269418
-2.46332
-0.254086
-2.38555
-0.245144
-2.41753
-0.218172
-2.42638
-0.208843
-2.44479
-0.194389
-2.46226
-0.161516
-2.37761
-1.7446
-0.0840385
-1.54876
-0.0718209
-2.16311
-0.107229
-2.42791
-0.107618
-2.38516
-0.104953
-2.42019
-0.0996208
-2.43171
-0.0907252
-2.45368
-0.0651123
-2.48788
-0.0223341
-2.42039
-1.76693
-0.0928041
-1.45595
-0.0592903
-2.19663
-0.0928858
-2.39432
-0.0712859
-2.40676
-0.0670046
-2.42447
-0.0572111
-2.44151
-0.0440399
-2.46685
-0.0295613
-2.50235
-0.0125161
-2.43743
-1.77945
0.00253483
-1.45849
0.0155708
-2.20966
0.00759989
-2.38634
-0.00306577
-2.3961
-0.00634846
-2.42119
-0.012339
-2.43552
-0.0165081
-2.46268
-0.023977
-2.49489
-0.033477
-2.42793
-1.81292
0.0218552
-1.48034
0.0225861
-2.21039
0.011614
-2.37537
0.00887135
-2.39335
0.00291344
-2.41523
-0.00103164
-2.43157
-0.00870781
-2.45501
-0.0238506
-2.47974
-0.0266582
-2.42512
-1.83958
0.0469098
-1.52725
0.0666619
-2.23014
0.0542274
-2.36294
0.0486894
-2.38781
0.0315759
-2.39812
0.0155862
-2.41558
-0.00312679
-2.4363
-0.0233306
-2.45954
-0.0369691
-2.41149
-1.87655
0.0546411
-1.58189
0.0631696
-2.23867
0.0494019
-2.34917
0.0377609
-2.37617
0.0261338
-2.38649
0.0130331
-2.40248
-0.0030398
-2.42022
-0.023961
-2.43862
-0.030486
-2.40496
-1.90704
0.0666805
-1.64857
0.0824531
-2.25445
0.0757243
-2.34244
0.0595025
-2.35995
0.0431993
-2.37019
0.0226744
-2.38195
-3.87065e-06
-2.39754
-0.0225262
-2.41609
-0.0380402
-2.38945
-1.94508
0.068009
-1.71658
0.0738548
-2.26029
0.0602813
-2.32887
0.0454628
-2.34513
0.0305983
-2.35532
0.0164848
-2.36784
-0.00028873
-2.38077
-0.0218805
-2.3945
-0.0329574
-2.37837
-1.97804
0.0742361
-1.79082
0.0838678
-2.26992
0.0758081
-2.32081
0.0609663
-2.33029
0.0443182
-2.33868
0.0242233
-2.34775
0.00198443
-2.35853
-0.0197963
-2.37272
-0.0381932
-2.35997
-2.01623
0.0721457
-1.86296
0.0723935
-2.27017
0.0582999
-2.30671
0.0441733
-2.31617
0.0302024
-2.32471
0.0160792
-2.33362
0.000274833
-2.34273
-0.0198695
-2.35258
-0.0338704
-2.34597
-2.0501
0.0758139
-1.93878
0.0799793
-2.27434
0.0732222
-2.29996
0.0598977
-2.30284
0.0422947
-2.3071
0.0214035
-2.31273
-2.28094e-05
-2.3213
-0.0210695
-2.33153
-0.0390589
-2.32798
-2.08916
0.075361
-2.01414
0.0739451
-2.27292
0.0607031
-2.28672
0.0456109
-2.28775
0.028398
-2.28989
0.0108865
-2.29522
-0.00655002
-2.30386
-0.0261012
-2.31198
-0.0393317
-2.31475
-2.12849
0.0836748
-2.09781
0.0857982
-2.27504
0.0756756
-2.27659
0.0590146
-2.27109
0.0398156
-2.27069
0.0180493
-2.27345
-0.00607969
-2.27974
-0.0292736
-2.28879
-0.0479937
-2.29603
-2.17648
0.0869036
-2.18472
0.0748859
-2.26303
0.056235
-2.25794
0.0413831
-2.25624
0.0280466
-2.25735
0.0138635
-2.25927
-0.00359345
-2.26228
-0.025454
-2.26693
-0.0469208
-2.27456
-2.2234
0.0658549
0.0534008
0.046031
0.0403673
0.0335854
0.0248863
0.0131794
-0.00317443
-0.0271675
)
;

boundaryField
{
    wall-4
    {
        type            calculated;
        value           uniform 0;
    }
    pressure-outlet-7
    {
        type            calculated;
        value           nonuniform List<scalar> 
20
(
0.203598
0.698234
1.23109
1.68086
2.08565
2.52586
3.05601
3.71946
4.56346
5.66976
5.90841
4.97565
4.07233
3.33195
2.72069
2.22363
1.75911
1.2404
0.668998
0.178199
)
;
    }
    velocity-inlet-6
    {
        type            calculated;
        value           nonuniform List<scalar> 10(-2.25057 -2.25057 -2.25057 -2.25057 -2.25057 -2.25057 -2.25057 -2.25057 -2.25057 -2.25057);
    }
    velocity-inlet-5
    {
        type            calculated;
        value           nonuniform List<scalar> 
20
(
-0.577988
-0.693586
-0.832303
-0.998764
-1.19852
-1.43822
-1.72586
-2.07104
-2.48524
-2.98229
-2.98229
-2.48524
-2.07104
-1.72586
-1.43822
-1.19852
-0.998764
-0.832303
-0.693586
-0.577988
)
;
    }
    frontAndBackPlanes
    {
        type            empty;
        value           nonuniform 0();
    }
}


// ************************************************************************* //
