/*--------------------------------*- C++ -*----------------------------------*\
| =========                 |                                                 |
| \\      /  F ield         | OpenFOAM: The Open Source CFD Toolbox           |
|  \\    /   O peration     | Version:  4.0                                   |
|   \\  /    A nd           | Web:      www.OpenFOAM.org                      |
|    \\/     M anipulation  |                                                 |
\*---------------------------------------------------------------------------*/
FoamFile
{
    version     2.0;
    format      ascii;
    class       volVectorField;
    location    "5";
    object      U;
}
// * * * * * * * * * * * * * * * * * * * * * * * * * * * * * * * * * * * * * //

dimensions      [0 1 -1 0 0 0 0];

internalField   nonuniform List<vector> 
2200
(
(0.874945 -0.0315317 0)
(1.0007 -0.0541073 0)
(1.00686 -0.03875 0)
(1.00287 -0.0264136 0)
(1.0007 -0.0176817 0)
(0.999627 -0.0111813 0)
(0.999089 -0.00682266 0)
(0.998787 -0.0039604 0)
(0.998634 -0.00180897 0)
(0.999251 -0.000830357 0)
(0.99918 0.00101627 0)
(0.998616 0.00189102 0)
(0.998799 0.00405426 0)
(0.999105 0.00688874 0)
(0.999639 0.0112379 0)
(1.0007 0.0177267 0)
(1.00286 0.0264512 0)
(1.00682 0.0387771 0)
(1.00067 0.0541336 0)
(0.874933 0.0315299 0)
(0.699872 -0.0292259 0)
(0.995877 -0.0539975 0)
(1.03261 -0.0482397 0)
(1.02408 -0.0411263 0)
(1.01448 -0.0326544 0)
(1.00773 -0.0247391 0)
(1.00339 -0.0177458 0)
(1.00108 -0.0118661 0)
(1.00012 -0.00674825 0)
(1.00035 -0.0017249 0)
(1.0003 0.00227874 0)
(0.999954 0.0073024 0)
(1.00094 0.0123236 0)
(1.00327 0.0181043 0)
(1.00762 0.0250159 0)
(1.0144 0.0328656 0)
(1.02401 0.0412845 0)
(1.0326 0.0483533 0)
(0.995789 0.0540617 0)
(0.699795 0.029254 0)
(0.582723 -0.0137742 0)
(0.982955 -0.0375588 0)
(1.05104 -0.0299921 0)
(1.04888 -0.0311416 0)
(1.03611 -0.0286009 0)
(1.02461 -0.0246138 0)
(1.01613 -0.0197186 0)
(1.01041 -0.0141233 0)
(1.00703 -0.0084125 0)
(1.0055 -0.00243704 0)
(1.00546 0.00313728 0)
(1.00693 0.00906432 0)
(1.0103 0.014677 0)
(1.01601 0.0201763 0)
(1.02449 0.0249857 0)
(1.03598 0.0288872 0)
(1.04871 0.031353 0)
(1.05082 0.0301464 0)
(0.982632 0.0376408 0)
(0.582334 0.0137868 0)
(0.506438 -0.00640756 0)
(0.962973 -0.021518 0)
(1.05284 -0.0174321 0)
(1.05461 -0.0196103 0)
(1.04467 -0.0182346 0)
(1.03591 -0.01667 0)
(1.02894 -0.014341 0)
(1.02344 -0.0110306 0)
(1.01949 -0.0068899 0)
(1.01709 -0.00190528 0)
(1.01699 0.00340567 0)
(1.01924 0.00829157 0)
(1.02306 0.0122302 0)
(1.02847 0.0153219 0)
(1.03535 0.0174145 0)
(1.04409 0.0188122 0)
(1.05404 0.0200132 0)
(1.05226 0.0177108 0)
(0.962504 0.0216489 0)
(0.505996 0.00647269 0)
(0.470288 -0.00124812 0)
(0.938374 -0.00901944 0)
(1.04315 -0.0102645 0)
(1.04896 -0.0139445 0)
(1.04191 -0.0144458 0)
(1.03465 -0.0143439 0)
(1.02833 -0.0127909 0)
(1.02321 -0.0100513 0)
(1.0194 -0.00627889 0)
(1.0171 -0.00155783 0)
(1.01695 0.00334856 0)
(1.01903 0.00793455 0)
(1.02265 0.011498 0)
(1.02767 0.0139685 0)
(1.03396 0.0152486 0)
(1.04119 0.0150134 0)
(1.04821 0.0143719 0)
(1.04237 0.0106594 0)
(0.937373 0.00932677 0)
(0.469196 0.00134099 0)
(0.464988 0.000794658 0)
(0.925517 -0.00093784 0)
(1.02789 -0.00274513 0)
(1.03607 -0.00619607 0)
(1.03326 -0.00799279 0)
(1.02928 -0.00873817 0)
(1.02554 -0.00815881 0)
(1.02216 -0.00659498 0)
(1.01945 -0.00401527 0)
(1.01768 -0.000684945 0)
(1.01753 0.00308998 0)
(1.01901 0.00622447 0)
(1.02145 0.00840126 0)
(1.02446 0.00967722 0)
(1.02792 0.0100481 0)
(1.0318 0.00919276 0)
(1.03467 0.0070228 0)
(1.02638 0.00333832 0)
(0.923611 0.00121953 0)
(0.463175 -0.000770827 0)
(0.467211 0.000439493 0)
(0.924316 0.000324977 0)
(1.0238 -0.000384553 0)
(1.0333 -0.00241382 0)
(1.03234 -0.00381279 0)
(1.03003 -0.00492776 0)
(1.02717 -0.00523726 0)
(1.02416 -0.00456597 0)
(1.02153 -0.0028685 0)
(1.01979 -0.000292302 0)
(1.0196 0.00286747 0)
(1.02082 0.00554646 0)
(1.02309 0.00699782 0)
(1.02585 0.00725404 0)
(1.0284 0.00648371 0)
(1.03041 0.00495567 0)
(1.03112 0.00323071 0)
(1.02143 0.000881216 0)
(0.921522 -0.000119268 0)
(0.465066 -0.000421532 0)
(0.468759 -1.70483e-05 0)
(0.924621 2.6932e-05 0)
(1.02308 -0.000436551 0)
(1.03293 -0.00128874 0)
(1.03282 -0.00193965 0)
(1.03174 -0.00253253 0)
(1.0302 -0.00277903 0)
(1.02836 -0.00239344 0)
(1.02646 -0.00129112 0)
(1.0249 0.000642716 0)
(1.02451 0.00281631 0)
(1.02504 0.00433184 0)
(1.02611 0.00494637 0)
(1.02748 0.00486613 0)
(1.02894 0.00421172 0)
(1.03005 0.00319219 0)
(1.03011 0.00216982 0)
(1.02015 0.000967199 0)
(0.921333 0.000204557 0)
(0.466065 8.10246e-05 0)
(0.468395 -7.2118e-06 0)
(0.924258 -5.91778e-05 0)
(1.02174 -0.0002811 0)
(1.03146 -0.000648639 0)
(1.03157 -0.000992792 0)
(1.03078 -0.00121572 0)
(1.02976 -0.00115044 0)
(1.02857 -0.000738897 0)
(1.02723 0.000147269 0)
(1.02598 0.00147852 0)
(1.02534 0.00300131 0)
(1.02535 0.0038271 0)
(1.02609 0.00416081 0)
(1.02691 0.00396714 0)
(1.02766 0.0034142 0)
(1.02822 0.00261796 0)
(1.02792 0.00181346 0)
(1.01792 0.00102671 0)
(0.92023 0.000398217 0)
(0.465197 0.00011127 0)
(0.468437 7.27225e-05 0)
(0.923879 0.000161732 0)
(1.02094 0.000167808 0)
(1.03051 7.25246e-05 0)
(1.03061 -6.95121e-06 0)
(1.03004 -6.48965e-06 0)
(1.02926 0.00019816 0)
(1.02829 0.000623996 0)
(1.02713 0.00135686 0)
(1.02598 0.0023487 0)
(1.02528 0.00328384 0)
(1.02506 0.00379917 0)
(1.02516 0.00370403 0)
(1.02542 0.00337857 0)
(1.0257 0.00281169 0)
(1.02592 0.00212743 0)
(1.02552 0.00144907 0)
(1.01555 0.000831317 0)
(0.918125 0.000304851 0)
(0.464027 4.03924e-05 0)
(0.468958 0.000108741 0)
(0.924105 0.000245151 0)
(1.02104 0.000334633 0)
(1.03064 0.000458001 0)
(1.03086 0.00063642 0)
(1.03047 0.000910058 0)
(1.02983 0.0012837 0)
(1.02896 0.00178891 0)
(1.02786 0.0024461 0)
(1.02666 0.00323153 0)
(1.02566 0.00371613 0)
(1.02507 0.00394269 0)
(1.02479 0.00368069 0)
(1.02474 0.0031703 0)
(1.02474 0.00255401 0)
(1.02474 0.00191201 0)
(1.02421 0.00130626 0)
(1.0142 0.000771003 0)
(0.916924 0.0003063 0)
(0.46353 6.10647e-05 0)
(0.469879 0.000129184 0)
(0.924787 0.000354332 0)
(1.02157 0.000582225 0)
(1.03131 0.000881654 0)
(1.03166 0.00126962 0)
(1.03128 0.00171225 0)
(1.03067 0.00224828 0)
(1.02981 0.00287224 0)
(1.02867 0.00355491 0)
(1.02728 0.00422473 0)
(1.02598 0.00456081 0)
(1.02503 0.00439993 0)
(1.02443 0.00399791 0)
(1.02407 0.00335087 0)
(1.02386 0.00266169 0)
(1.02371 0.00199627 0)
(1.02307 0.00139178 0)
(1.01302 0.000862379 0)
(0.915773 0.000395076 0)
(0.462819 0.000103779 0)
(0.470862 0.00014983 0)
(0.925978 0.000477225 0)
(1.02266 0.0008995 0)
(1.03236 0.00137441 0)
(1.03265 0.0019165 0)
(1.03224 0.00253405 0)
(1.03159 0.00324371 0)
(1.03064 0.00402105 0)
(1.02934 0.00480049 0)
(1.02767 0.00544747 0)
(1.02595 0.00566328 0)
(1.02461 0.00530803 0)
(1.02369 0.00466473 0)
(1.02307 0.00385969 0)
(1.02267 0.00304735 0)
(1.0224 0.00228758 0)
(1.0217 0.00160858 0)
(1.01159 0.00101351 0)
(0.914343 0.000483786 0)
(0.461822 0.0001315 0)
(0.472162 0.0001952 0)
(0.927537 0.000628822 0)
(1.0241 0.00120951 0)
(1.03373 0.0018551 0)
(1.03396 0.00259165 0)
(1.03349 0.00342813 0)
(1.03274 0.0043609 0)
(1.03162 0.00534616 0)
(1.03007 0.00628381 0)
(1.02801 0.00697731 0)
(1.02579 0.00709415 0)
(1.02397 0.00655795 0)
(1.02269 0.00566887 0)
(1.02181 0.00465942 0)
(1.02123 0.00366533 0)
(1.02085 0.00274985 0)
(1.02008 0.00193895 0)
(1.0099 0.00122863 0)
(0.91262 0.000593367 0)
(0.460596 0.000163332 0)
(0.473867 0.000250842 0)
(0.9296 0.00081185 0)
(1.02603 0.0015708 0)
(1.03558 0.00241847 0)
(1.03574 0.00339157 0)
(1.03516 0.00449209 0)
(1.03424 0.00570249 0)
(1.03287 0.0069563 0)
(1.03094 0.00811363 0)
(1.02837 0.00890728 0)
(1.02552 0.00894264 0)
(1.02313 0.0081895 0)
(1.02143 0.00703229 0)
(1.02026 0.00575905 0)
(1.01949 0.00452082 0)
(1.01898 0.00339053 0)
(1.01813 0.00239438 0)
(1.00787 0.0015226 0)
(0.910519 0.00074053 0)
(0.459082 0.000205987 0)
(0.476069 0.000323116 0)
(0.932283 0.00104594 0)
(1.02856 0.00202701 0)
(1.03802 0.00312461 0)
(1.03808 0.00438909 0)
(1.03734 0.00581433 0)
(1.03618 0.00737234 0)
(1.03445 0.00896876 0)
(1.03201 0.0104149 0)
(1.02875 0.0113584 0)
(1.02511 0.0113182 0)
(1.02204 0.0103044 0)
(1.01984 0.00881536 0)
(1.01832 0.00720324 0)
(1.01732 0.00564773 0)
(1.01667 0.00423482 0)
(1.01571 0.00299282 0)
(1.00535 0.00190659 0)
(0.907901 0.000930436 0)
(0.457181 0.000259817 0)
(0.478907 0.000417911 0)
(0.935732 0.00135139 0)
(1.03181 0.00261985 0)
(1.04116 0.00403904 0)
(1.04108 0.00567112 0)
(1.04014 0.0075042 0)
(1.03865 0.00949855 0)
(1.03644 0.0115273 0)
(1.03333 0.0133406 0)
(1.02917 0.0144803 0)
(1.02453 0.0143538 0)
(1.02062 0.0130149 0)
(1.0178 0.0111055 0)
(1.01587 0.00906023 0)
(1.01459 0.00709738 0)
(1.01376 0.00531983 0)
(1.01269 0.00375976 0)
(1.0022 0.00239558 0)
(0.904617 0.00116948 0)
(0.454791 0.000326454 0)
(0.482596 0.000547832 0)
(0.94022 0.00175286 0)
(1.03606 0.00338616 0)
(1.04526 0.00520585 0)
(1.04499 0.00731225 0)
(1.04375 0.00966786 0)
(1.04182 0.0122236 0)
(1.03897 0.0148035 0)
(1.03497 0.0170787 0)
(1.02966 0.0184596 0)
(1.02376 0.0182176 0)
(1.01879 0.0164621 0)
(1.01523 0.0140162 0)
(1.01278 0.0114183 0)
(1.01116 0.00893548 0)
(1.01011 0.00669277 0)
(1.00889 0.00472751 0)
(0.998224 0.00301224 0)
(0.900481 0.00146978 0)
(0.451788 0.000410082 0)
(0.48742 0.000714825 0)
(0.945972 0.0023017 0)
(1.04144 0.00441894 0)
(1.05045 0.00679349 0)
(1.04994 0.00950034 0)
(1.04831 0.0125227 0)
(1.0458 0.0157796 0)
(1.0421 0.0190427 0)
(1.03694 0.0218772 0)
(1.03016 0.0235284 0)
(1.02268 0.0231117 0)
(1.01642 0.0208188 0)
(1.01193 0.017695 0)
(1.00885 0.0144024 0)
(1.00681 0.0112675 0)
(1.0055 0.00844044 0)
(1.00412 0.00596441 0)
(0.993245 0.00379747 0)
(0.89529 0.00185098 0)
(0.448015 0.000512799 0)
(0.493732 0.000968488 0)
(0.95362 0.00297192 0)
(1.04869 0.00572628 0)
(1.0574 0.008739 0)
(1.05651 0.0122804 0)
(1.05432 0.0161848 0)
(1.05097 0.0203787 0)
(1.04612 0.0245198 0)
(1.03942 0.0280378 0)
(1.03074 0.029983 0)
(1.02131 0.0293029 0)
(1.01345 0.026308 0)
(1.00782 0.0223177 0)
(1.00395 0.0181383 0)
(1.00138 0.0141665 0)
(0.99971 0.0105897 0)
(0.998072 0.00746206 0)
(0.986916 0.00474423 0)
(0.888721 0.00230241 0)
(0.443291 0.000643944 0)
(0.502333 0.0012716 0)
(0.963371 0.00417614 0)
(1.05765 0.007716 0)
(1.06606 0.0118008 0)
(1.06468 0.016294 0)
(1.06175 0.0212889 0)
(1.05729 0.0265735 0)
(1.05089 0.0317179 0)
(1.04222 0.0359683 0)
(1.03116 0.0381441 0)
(1.01931 0.0370401 0)
(1.0095 0.0331486 0)
(1.00249 0.0280985 0)
(0.997659 0.0228507 0)
(0.99446 0.0178803 0)
(0.992411 0.0134094 0)
(0.990539 0.00949746 0)
(0.979086 0.00606077 0)
(0.880571 0.00296666 0)
(0.437357 0.00080219 0)
(0.513568 0.00183798 0)
(0.977002 0.00505138 0)
(1.07032 0.00994847 0)
(1.07802 0.0150701 0)
(1.07577 0.021202 0)
(1.07162 0.0277842 0)
(1.06549 0.0346375 0)
(1.05695 0.041087 0)
(1.04567 0.0461803 0)
(1.03163 0.0485208 0)
(1.01691 0.0467885 0)
(1.00481 0.0417326 0)
(0.99612 0.0353438 0)
(0.990072 0.0287276 0)
(0.985998 0.0224328 0)
(0.983319 0.016733 0)
(0.980953 0.0117292 0)
(0.968942 0.00738211 0)
(0.869916 0.00351355 0)
(0.429853 0.00101937 0)
(0.529791 0.00256223 0)
(0.993776 0.00856213 0)
(1.08591 0.0144668 0)
(1.09302 0.0217085 0)
(1.08956 0.0292766 0)
(1.08366 0.0375179 0)
(1.0752 0.0458795 0)
(1.06376 0.0534931 0)
(1.04914 0.0591799 0)
(1.03149 0.0613357 0)
(1.01329 0.0586273 0)
(0.998424 0.0521375 0)
(0.987727 0.0442064 0)
(0.980222 0.0360824 0)
(0.975122 0.0283862 0)
(0.971775 0.0214433 0)
(0.969019 0.0153415 0)
(0.956655 0.00997634 0)
(0.857696 0.00501393 0)
(0.420752 0.00128789 0)
(0.553316 0.00386868 0)
(1.02063 0.00968291 0)
(1.10827 0.0191597 0)
(1.1133 0.0289401 0)
(1.10752 0.0395472 0)
(1.09879 0.0504835 0)
(1.08695 0.0609173 0)
(1.07166 0.0698373 0)
(1.05291 0.0759456 0)
(1.031 0.0775643 0)
(1.00898 0.0734547 0)
(0.991138 0.0651624 0)
(0.978185 0.0553874 0)
(0.968936 0.0453995 0)
(0.962474 0.0358059 0)
(0.958038 0.026915 0)
(0.9543 0.0189152 0)
(0.940408 0.0117315 0)
(0.838704 0.00544021 0)
(0.407732 0.00170732 0)
(0.583508 0.00749992 0)
(1.05003 0.0199996 0)
(1.13744 0.0309093 0)
(1.13968 0.0437209 0)
(1.13 0.0567592 0)
(1.11699 0.0697298 0)
(1.10037 0.0815073 0)
(1.08007 0.0909512 0)
(1.05627 0.0966267 0)
(1.02941 0.0969118 0)
(1.00296 0.0908381 0)
(0.98163 0.0804257 0)
(0.965996 0.0686451 0)
(0.954563 0.0568049 0)
(0.946274 0.0455432 0)
(0.940322 0.0351815 0)
(0.935366 0.0258295 0)
(0.92123 0.0174691 0)
(0.822295 0.00904747 0)
(0.395634 0.00235722 0)
(0.663033 0.0126457 0)
(1.10627 0.0282201 0)
(1.17532 0.0478901 0)
(1.17193 0.066762 0)
(1.15614 0.0833896 3.17425e-34)
(1.13697 0.0976626 -1.49713e-34)
(1.11403 0.109929 0)
(1.08768 0.11862 0)
(1.05819 0.122652 0)
(1.02608 0.120583 0)
(0.995197 0.111779 0)
(0.97046 0.0988278 0)
(0.952189 0.0849257 0)
(0.938572 0.0711881 0)
(0.928421 0.0580431 0)
(0.920856 0.0457315 0)
(0.914119 0.0339575 0)
(0.895365 0.0225829 0)
(0.78348 0.0113219 0)
(0.366906 0.00317585 0)
(0.71542 0.0313065 1.4564e-20)
(1.17062 0.0561668 -1.15669e-20)
(1.22132 0.0822048 0)
(1.20639 0.106301 1.25745e-20)
(1.18339 0.121057 -1.01582e-20)
(1.15682 0.135513 1.57949e-34)
(1.12709 0.146687 0)
(1.09436 0.153509 9.27403e-21)
(1.0588 0.155221 -3.10309e-20)
(1.02087 0.150396 6.47769e-21)
(0.984915 0.138764 0)
(0.955934 0.123454 -1.76622e-20)
(0.933893 0.107669 -2.16139e-20)
(0.916712 0.0922917 3.79574e-20)
(0.903017 0.0776703 -3.01601e-20)
(0.891801 0.0640927 0)
(0.881317 0.0521962 -1.12334e-20)
(0.859035 0.0380264 0)
(0.745422 0.028094 -6.19205e-20)
(0.346891 0.0117078 7.34486e-20)
(0.73144 0.0636893 -4.62722e-21)
(1.20697 0.110095 1.59873e-20)
(1.26265 0.138937 5.11179e-21)
(1.2397 0.155673 -2.02324e-20)
(1.20835 0.168648 -2.07844e-20)
(1.17402 0.181622 3.41619e-20)
(1.13742 0.190467 0)
(1.09809 0.195086 0)
(1.05617 0.194444 4.87693e-20)
(1.01195 0.187117 0)
(0.97008 0.173235 6.20884e-20)
(0.935894 0.156498 1.89471e-20)
(0.909257 0.140202 7.04582e-22)
(0.887762 0.125146 -4.13837e-20)
(0.869902 0.111641 0)
(0.854692 0.0996276 0)
(0.840822 0.0885773 -1.87037e-19)
(0.818794 0.081573 4.7387e-19)
(0.723553 0.0622268 -2.78821e-19)
(0.340679 0.0321582 -3.36381e-19)
(0.729078 0.109616 2.38522e-20)
(1.23554 0.183188 -3.41257e-21)
(1.29339 0.210859 2.15804e-21)
(1.26568 0.21804 3.44656e-20)
(1.22723 0.226753 1.31293e-20)
(1.18649 0.234772 -8.63335e-20)
(1.14365 0.239357 3.1363e-20)
(1.09828 0.240425 0)
(1.05071 0.236426 -1.01684e-19)
(1.0011 0.226058 9.55803e-20)
(0.954345 0.209828 -1.67789e-19)
(0.916162 0.191863 7.95334e-20)
(0.8864 0.175426 -5.39271e-20)
(0.862418 0.16105 1.20718e-19)
(0.842657 0.148799 0)
(0.826124 0.138503 -4.53088e-20)
(0.811595 0.128847 0)
(0.789874 0.123364 2.62715e-19)
(0.703373 0.100864 -6.22313e-19)
(0.34016 0.0518772 3.93454e-19)
(0.715886 0.146507 -1.41732e-19)
(1.24567 0.251585 5.2279e-20)
(1.30917 0.282913 4.7136e-21)
(1.27962 0.285214 0)
(1.23735 0.289852 -2.95503e-20)
(1.19288 0.29189 3.79276e-20)
(1.14547 0.291543 -3.3613e-20)
(1.09549 0.288158 0)
(1.04342 0.280099 7.19072e-20)
(0.989521 0.266207 -6.65656e-20)
(0.939063 0.24733 1.42413e-19)
(0.89816 0.227931 0)
(0.866609 0.21105 -1.12768e-19)
(0.841557 0.196813 6.36264e-20)
(0.821309 0.184987 1.64308e-19)
(0.804736 0.175355 -1.44051e-19)
(0.790549 0.167038 2.3713e-19)
(0.770027 0.159337 -5.28857e-19)
(0.685833 0.137191 3.36262e-19)
(0.337246 0.0685881 -4.24286e-19)
(0.702502 0.181534 9.65872e-20)
(1.24567 0.316887 -7.10309e-20)
(1.3133 0.350972 1.07223e-20)
(1.28274 0.35111 -1.68822e-21)
(1.23914 0.352162 -1.32545e-20)
(1.19285 0.349168 1.0573e-20)
(1.14259 0.344461 2.92554e-21)
(1.08944 0.336573 -7.25662e-20)
(1.03401 0.324275 -7.3105e-20)
(0.97679 0.306555 -1.39235e-19)
(0.923574 0.284679 -3.04035e-19)
(0.880842 0.263477 -9.55557e-20)
(0.848253 0.245715 3.32957e-21)
(0.822704 0.231096 -2.15444e-19)
(0.80232 0.21914 -5.78989e-21)
(0.785835 0.209471 2.0719e-19)
(0.771896 0.201615 -6.3256e-20)
(0.752483 0.192611 -3.78259e-20)
(0.670361 0.16899 0)
(0.332538 0.0835767 8.84068e-19)
(0.692455 0.215318 0)
(1.24087 0.379299 2.23607e-20)
(1.31028 0.41563 1.14183e-20)
(1.27905 0.413829 -1.07447e-20)
(1.23508 0.411258 7.52695e-21)
(1.1875 0.40449 -2.75393e-20)
(1.13536 0.396148 3.5349e-20)
(1.08003 0.384172 1.20586e-19)
(1.0221 0.367796 -4.0699e-20)
(0.962417 0.346158 6.85759e-20)
(0.907241 0.321039 1.62268e-19)
(0.863342 0.297737 2.08583e-19)
(0.83016 0.278781 -1.25818e-19)
(0.804374 0.263464 2.30723e-19)
(0.783968 0.251093 -1.83404e-19)
(0.767595 0.241107 0)
(0.753809 0.233259 -4.79776e-19)
(0.735202 0.223471 6.45891e-19)
(0.655426 0.197449 4.8829e-20)
(0.32741 0.0980291 -9.22574e-19)
(0.685268 0.247359 -1.00517e-20)
(1.23368 0.437647 -1.63516e-19)
(1.30335 0.477178 -8.14955e-20)
(1.27178 0.47348 5.12419e-20)
(1.22745 0.467374 1.66938e-20)
(1.17856 0.457539 -2.36337e-20)
(1.12494 0.4459 6.6328e-20)
(1.06789 0.4302 -3.23757e-20)
(1.00806 0.409951 -1.59654e-19)
(0.946556 0.384402 2.34229e-21)
(0.890069 0.355907 -1.70655e-19)
(0.845536 0.330312 -2.16767e-19)
(0.812112 0.309967 1.38817e-19)
(0.78631 0.29375 -8.21631e-20)
(0.766029 0.280774 1.96303e-19)
(0.749875 0.270313 0)
(0.736313 0.26219 -2.93294e-19)
(0.71839 0.251894 4.33289e-19)
(0.641141 0.223045 8.39171e-19)
(0.322054 0.111697 -9.87905e-19)
(0.679679 0.278155 -3.32449e-19)
(1.22487 0.49207 1.62076e-19)
(1.29425 0.535158 8.334e-20)
(1.26224 0.530213 -5.2909e-20)
(1.21747 0.520851 1.08248e-20)
(1.16732 0.508397 -4.33535e-20)
(1.11236 0.493625 -4.15246e-20)
(1.05381 0.474423 -4.62246e-20)
(0.992422 0.450432 -8.98089e-20)
(0.929531 0.420986 1.49632e-19)
(0.872228 0.389021 1.69714e-19)
(0.827499 0.361004 3.41744e-19)
(0.794114 0.339151 0)
(0.768467 0.32191 3.90761e-21)
(0.748416 0.308196 -5.34247e-19)
(0.73255 0.297155 1.22394e-19)
(0.719267 0.288582 6.22026e-19)
(0.701956 0.277792 -1.80949e-19)
(0.627236 0.24638 3.97669e-19)
(0.316692 0.12414 -3.04857e-20)
(0.674982 0.30673 1.12447e-20)
(1.21486 0.543598 1.5419e-19)
(1.28373 0.589383 6.42289e-20)
(1.25092 0.584089 -1.0909e-19)
(1.20575 0.571783 2.24343e-20)
(1.15444 0.557145 3.99625e-20)
(1.09826 0.539431 4.24178e-20)
(1.03833 0.516868 1.32991e-19)
(0.975562 0.489171 1.7858e-19)
(0.911568 0.455773 -1.70968e-19)
(0.853831 0.420232 0)
(0.809284 0.389714 -1.2816e-19)
(0.776169 0.366312 1.4714e-19)
(0.75079 0.347996 1.92373e-19)
(0.731023 0.333467 -1.09886e-19)
(0.715473 0.32178 -2.76867e-19)
(0.702522 0.312682 -8.35164e-20)
(0.685833 0.30133 -3.07451e-22)
(0.613618 0.267634 0)
(0.311407 0.135547 0)
(0.670848 0.333598 -1.67383e-19)
(1.20429 0.592739 0)
(1.27213 0.640288 7.6673e-20)
(1.2383 0.63516 -4.1573e-20)
(1.19273 0.620153 -8.07677e-21)
(1.14027 0.603639 4.70844e-21)
(1.08293 0.583168 4.36238e-20)
(1.02168 0.557381 -8.76663e-20)
(0.957648 0.526016 1.30764e-19)
(0.892774 0.488625 -5.4554e-20)
(0.83498 0.449445 9.2653e-20)
(0.791018 0.416411 3.91636e-19)
(0.758378 0.391485 1.22289e-20)
(0.733275 0.37208 -1.94589e-19)
(0.713761 0.356674 3.71884e-19)
(0.698502 0.344238 4.73547e-21)
(0.685796 0.334479 8.93552e-20)
(0.669627 0.322472 -4.34317e-19)
(0.599888 0.286798 4.47956e-19)
(0.30612 0.146003 -5.34407e-19)
(0.66724 0.359523 -4.1117e-23)
(1.19357 0.639428 0)
(1.25983 0.688331 0)
(1.22489 0.683508 2.79253e-20)
(1.17882 0.666101 9.8553e-21)
(1.12518 0.647958 1.56821e-20)
(1.06671 0.624964 -7.19511e-20)
(1.00414 0.596129 0)
(0.938892 0.561103 -1.94879e-19)
(0.87327 0.519574 2.43013e-19)
(0.815712 0.47659 2.53069e-19)
(0.772725 0.441062 -1.45627e-19)
(0.740768 0.414808 -1.78589e-19)
(0.716003 0.394475 4.19928e-19)
(0.696652 0.378185 -1.31035e-19)
(0.681599 0.364954 -1.59141e-19)
(0.669355 0.354597 -9.68644e-20)
(0.654009 0.341918 -4.68481e-19)
(0.586718 0.304338 6.39095e-20)
(0.300952 0.155616 5.74897e-19)
(0.664239 0.384712 -6.72751e-20)
(1.1829 0.683681 -9.15277e-20)
(1.24723 0.73383 2.33239e-20)
(1.21112 0.72933 1.17182e-21)
(1.1644 0.70987 -1.72803e-20)
(1.10954 0.690256 1.19305e-20)
(1.04988 0.664878 0)
(0.985914 0.633048 5.42762e-20)
(0.919418 0.594269 -4.27976e-20)
(0.853172 0.548439 3.87849e-19)
(0.796293 0.501583 -7.2933e-20)
(0.754969 0.463729 6.68181e-20)
(0.724043 0.436393 0)
(0.699225 0.415235 -2.28001e-19)
(0.679687 0.398066 2.82093e-19)
(0.664476 0.383888 0)
(0.651966 0.37246 -2.12721e-19)
(0.636761 0.358721 6.21823e-19)
(0.572226 0.31944 7.59335e-20)
(0.295242 0.164218 -7.13115e-19)
(0.661839 0.409171 -1.4453e-19)
(1.1725 0.725729 1.84285e-19)
(1.23464 0.777061 0)
(1.19725 0.772842 7.18527e-20)
(1.14976 0.751613 0)
(1.09363 0.730617 -3.09067e-20)
(1.03269 0.702993 0)
(0.967204 0.668296 0)
(0.899343 0.625778 -5.82156e-20)
(0.832392 0.575456 -3.69374e-19)
(0.776274 0.524371 -4.59299e-19)
(0.736888 0.484182 7.85047e-20)
(0.707309 0.456528 2.85037e-19)
(0.682978 0.435378 2.5153e-19)
(0.662778 0.417457 -8.98694e-19)
(0.647331 0.401663 -3.78865e-19)
(0.635808 0.389513 2.1906e-19)
(0.621546 0.374921 0)
(0.559008 0.334102 6.59219e-19)
(0.289219 0.171977 -7.68008e-19)
(0.659953 0.432944 1.60086e-19)
(1.16249 0.765742 -2.02326e-19)
(1.22227 0.818197 0)
(1.18351 0.814203 -1.00828e-20)
(1.13513 0.791467 -2.39773e-20)
(1.07771 0.7692 0)
(1.01536 0.739528 2.47814e-20)
(0.94821 0.702082 3.94847e-20)
(0.878864 0.655695 -1.07146e-19)
(0.811346 0.600449 4.7348e-20)
(0.756919 0.544801 0)
(0.721404 0.502521 2.92968e-19)
(0.69443 0.475047 -1.24967e-20)
(0.668425 0.4543 1.34676e-19)
(0.646189 0.435735 1.67875e-19)
(0.629015 0.418669 0)
(0.615881 0.404032 -3.78822e-19)
(0.602362 0.387375 7.43225e-19)
(0.543509 0.344299 -8.10264e-19)
(0.282227 0.178578 1.66967e-18)
(0.658508 0.456083 0)
(1.15294 0.803928 0)
(1.21024 0.857415 -8.97022e-20)
(1.17001 0.853573 0)
(1.12066 0.829554 0)
(1.06189 0.806116 -2.25551e-20)
(0.997989 0.774555 2.58683e-20)
(0.929016 0.734426 1.04417e-20)
(0.857893 0.684042 -2.44285e-20)
(0.789295 0.623504 0)
(0.735651 0.562713 -6.32586e-20)
(0.702683 0.518153 -2.4161e-19)
(0.678611 0.492958 -3.05555e-19)
(0.654364 0.474757 -1.27926e-19)
(0.628976 0.456859 1.82986e-19)
(0.609586 0.436979 -4.38884e-19)
(0.5965 0.420572 8.29631e-19)
(0.582261 0.402745 2.04406e-20)
(0.525954 0.357818 -7.87517e-19)
(0.271777 0.183688 -1.17623e-19)
(0.657433 0.478625 0)
(1.14387 0.840366 -1.4082e-19)
(1.19862 0.894828 1.11481e-19)
(1.15687 0.891079 0)
(1.1065 0.865976 0)
(1.04632 0.841465 4.49125e-20)
(0.980775 0.808184 0)
(0.909837 0.765524 0)
(0.836755 0.711171 -2.37748e-19)
(0.76734 0.644985 5.9385e-20)
(0.716904 0.578374 -5.09096e-19)
(0.692608 0.530947 0)
(0.674437 0.508142 -2.85853e-19)
(0.644229 0.495715 2.1514e-20)
(0.613333 0.47782 -5.6369e-19)
(0.589935 0.455801 2.40126e-19)
(0.572714 0.433819 1.05501e-20)
(0.559861 0.409052 -9.14033e-19)
(0.505302 0.360797 4.39024e-19)
(0.259333 0.183205 1.25719e-19)
(0.656676 0.500572 0)
(1.13529 0.87517 -1.77306e-19)
(1.18748 0.930545 1.06449e-19)
(1.14417 0.92684 1.61891e-19)
(1.09274 0.900824 7.90144e-21)
(1.03111 0.875339 1.18244e-20)
(0.963821 0.840486 -1.19112e-20)
(0.890755 0.795455 2.3636e-19)
(0.815333 0.737089 2.54311e-19)
(0.744179 0.664467 4.51406e-19)
(0.693956 0.59034 4.23018e-19)
(0.673141 0.539779 7.0284e-20)
(0.662805 0.523543 4.28443e-19)
(0.637205 0.516959 2.94409e-19)
(0.598622 0.505216 4.1059e-19)
(0.567284 0.475996 -2.75892e-19)
(0.54828 0.445277 -3.44682e-19)
(0.531716 0.419795 4.0667e-19)
(0.480453 0.36971 -2.56719e-19)
(0.242676 0.183918 4.27721e-19)
(0.656178 0.521935 2.54757e-19)
(1.12719 0.908412 2.75306e-19)
(1.17685 0.964651 5.15379e-20)
(1.13198 0.96095 4.91422e-21)
(1.07947 0.934166 -5.63182e-20)
(1.01635 0.907797 -9.8862e-21)
(0.947226 0.87154 1.22514e-20)
(0.871835 0.824367 -1.19885e-21)
(0.79373 0.762103 -2.99739e-19)
(0.720725 0.6828 -4.85218e-19)
(0.673866 0.600825 2.81357e-20)
(0.665655 0.545993 0)
(0.665201 0.53419 0)
(0.636167 0.543561 -1.39652e-19)
(0.585352 0.532026 -6.56339e-19)
(0.541092 0.503059 6.04549e-19)
(0.513978 0.471315 3.97592e-19)
(0.499993 0.430727 0)
(0.452945 0.366019 8.39422e-19)
(0.22261 0.17265 -4.91453e-19)
(0.655947 0.542613 -1.30726e-19)
(1.11958 0.940185 1.13309e-19)
(1.16676 0.997216 -1.30043e-19)
(1.1203 0.993485 -1.13612e-19)
(1.06672 0.966032 -2.80727e-20)
(1.00209 0.938897 2.21964e-21)
(0.931062 0.901421 0)
(0.85322 0.852294 -3.07649e-19)
(0.772302 0.786203 3.25514e-20)
(0.697092 0.69953 0)
(0.651545 0.606443 0)
(0.652916 0.544807 3.56666e-20)
(0.669944 0.541438 7.43671e-20)
(0.639933 0.569517 -1.33298e-19)
(0.570542 0.58541 4.8356e-19)
(0.497723 0.559415 -6.79027e-19)
(0.451293 0.496307 -8.74762e-19)
(0.44375 0.429418 8.12142e-19)
(0.411399 0.358301 -3.26214e-19)
(0.246618 0.187779 1.81164e-19)
(0.655752 0.562408 1.57388e-19)
(1.11238 0.970494 0)
(1.15718 1.02828 0)
(1.10917 1.02448 -3.01418e-20)
(1.05455 0.996478 2.43565e-20)
(0.988417 0.968719 -2.64015e-21)
(0.915458 0.930216 8.40123e-20)
(0.835012 0.879317 3.42794e-19)
(0.750753 0.809631 5.66023e-19)
(0.671738 0.715454 -2.95618e-20)
(0.625764 0.610102 5.18828e-20)
(0.644376 0.538626 -1.97453e-19)
(0.681261 0.547882 -1.98287e-19)
(0.661274 0.615642 -6.19768e-20)
(0.566479 0.646189 0)
(0.465667 0.607602 -3.45756e-20)
(0.39888 0.518841 4.77638e-19)
(0.373788 0.400964 -9.08452e-19)
(0.367447 0.236311 6.63037e-19)
(0.15176 0.0370507 5.62152e-19)
(0.655744 0.58179 -3.4396e-19)
(1.10559 0.999558 -1.42789e-19)
(1.14805 1.05806 9.22335e-22)
(1.09848 1.05425 5.43764e-20)
(1.04282 1.02587 0)
(0.975153 0.997718 -1.50844e-20)
(0.90016 0.958445 -1.2149e-19)
(0.816814 0.906073 1.59784e-20)
(0.72875 0.833119 -3.0131e-19)
(0.646188 0.731154 -2.71196e-20)
(0.602577 0.610363 2.51914e-20)
(0.638337 0.526825 1.66901e-19)
(0.703964 0.547294 2.0015e-19)
(0.699968 0.638437 4.85645e-20)
(0.588246 0.690974 5.09101e-19)
(0.437873 0.671474 0)
(0.306109 0.582054 0)
(0.145262 0.517707 6.69036e-19)
(0.0180323 0.674423 -2.61575e-20)
(-0.00597556 1.33736 -8.47479e-19)
(0.655732 0.600665 1.87528e-19)
(1.09916 1.02744 3.9556e-19)
(1.13935 1.08673 -5.17637e-19)
(1.08824 1.08303 2.49587e-19)
(1.03154 1.05452 -9.20198e-21)
(0.962287 1.02626 -2.63259e-21)
(0.885102 0.986596 0)
(0.798533 0.933223 -3.06165e-19)
(0.705937 0.857265 0)
(0.617392 0.746703 4.80775e-19)
(0.56908 0.605348 -1.12977e-20)
(0.621947 0.504845 1.24929e-20)
(0.745827 0.509671 -5.61322e-20)
(0.767096 0.646954 -1.66281e-19)
(0.624282 0.764829 -3.18502e-19)
(0.383748 0.808445 0)
(0.179954 0.813081 0)
(0.097823 1.16516 0)
(0.112411 2.2653 -3.82689e-19)
(0.147874 2.82532 -2.32123e-19)
(0.655836 0.619489 0)
(1.09312 1.05413 0)
(1.13108 1.11427 1.8481e-19)
(1.07849 1.11077 -2.00959e-19)
(1.02077 1.0823 8.23159e-20)
(0.949903 1.05422 1.03951e-20)
(0.870459 1.01453 1.93002e-20)
(0.780489 0.960681 -1.50262e-20)
(0.682624 0.882246 4.02483e-20)
(0.586646 0.763442 -5.45966e-19)
(0.535591 0.602441 2.46181e-20)
(0.614731 0.434663 -1.41832e-19)
(0.811512 0.433233 7.65476e-20)
(0.851353 0.688256 -1.70441e-19)
(0.681382 0.925139 1.56313e-19)
(0.432537 1.018 0)
(0.274662 1.33678 4.56634e-19)
(0.23058 2.49447 5.318e-19)
(0.240197 3.00701 -5.91783e-19)
(0.220009 3.17965 6.47299e-19)
(0.655894 0.637233 0)
(1.08743 1.07959 3.30581e-19)
(1.12323 1.14069 -4.35942e-20)
(1.06922 1.13748 2.60533e-19)
(1.01052 1.10925 -8.64076e-20)
(0.938084 1.08159 0)
(0.85637 1.04227 0)
(0.762807 0.988526 0)
(0.658974 0.908374 3.01114e-19)
(0.553899 0.78083 3.17347e-20)
(0.492755 0.579015 0)
(0.594415 0.339643 1.28209e-19)
(0.842819 0.433576 0)
(0.947217 0.805664 6.92419e-20)
(0.763301 1.14383 -5.55586e-20)
(0.480459 1.42104 -2.08962e-19)
(0.316637 2.35891 -7.90168e-19)
(0.321223 3.05299 -4.20219e-19)
(0.31799 3.25474 -4.72285e-19)
(0.279314 3.31322 4.47125e-19)
(0.655986 0.654193 -1.22849e-19)
(1.08208 1.10384 8.04223e-21)
(1.11581 1.16603 -4.7208e-20)
(1.06045 1.16322 -1.99128e-19)
(1.00084 1.13541 0)
(0.926846 1.10844 0)
(0.842824 1.06985 0)
(0.745491 1.01681 2.50922e-20)
(0.635007 0.935812 -3.70709e-19)
(0.516917 0.799186 0)
(0.440771 0.546336 0)
(0.535327 0.308249 0)
(0.83028 0.487552 0)
(1.03082 0.994926 -4.54207e-19)
(0.867758 1.43539 2.18458e-19)
(0.622247 2.0726 2.68229e-19)
(0.484374 2.99237 5.16526e-19)
(0.495344 3.30866 -2.69766e-19)
(0.379567 3.40593 1.32049e-19)
(0.30787 3.40648 0)
(0.656056 0.670641 1.24408e-19)
(1.07687 1.12757 -7.14981e-19)
(1.10859 1.19099 -1.78586e-19)
(1.05196 1.18866 -3.83721e-20)
(0.991531 1.16142 1.42289e-20)
(0.915969 1.13529 -9.83495e-21)
(0.829664 1.09776 -6.39197e-21)
(0.728523 1.04603 -3.54953e-19)
(0.610578 0.965402 0)
(0.475912 0.820963 -1.96793e-20)
(0.371022 0.538974 1.78902e-20)
(0.429246 0.355867 0)
(0.70364 0.690764 0)
(1.02361 1.34121 5.49933e-19)
(0.939074 1.98819 -5.01296e-19)
(0.615922 2.90278 1.11919e-20)
(0.53813 3.37511 -1.53596e-19)
(0.464277 3.49763 -6.78224e-20)
(0.336995 3.50491 3.96552e-19)
(0.295817 3.51294 -1.77963e-19)
(0.655981 0.688068 2.39862e-19)
(1.07146 1.15236 6.86622e-19)
(1.10115 1.21704 2.13257e-19)
(1.04332 1.21519 0)
(0.982064 1.18851 0)
(0.90491 1.16332 6.58506e-21)
(0.816434 1.12709 1.10569e-19)
(0.71137 1.07727 3.18186e-19)
(0.585298 0.9987 1.93295e-20)
(0.431508 0.849932 5.60877e-19)
(0.279034 0.58926 -6.82975e-20)
(0.252147 0.524977 0)
(0.43962 1.10026 0)
(0.896215 1.89772 1.00632e-18)
(0.884283 2.76023 4.19814e-19)
(0.637687 3.37607 0)
(0.622768 3.56933 8.21074e-19)
(0.522943 3.61188 3.25224e-19)
(0.404883 3.63348 -1.00286e-18)
(0.361646 3.65331 5.18793e-19)
(0.655655 0.706977 -4.52555e-19)
(1.06562 1.17905 -3.27522e-19)
(1.0932 1.24494 0)
(1.03415 1.24349 0)
(0.972102 1.21733 0)
(0.893475 1.1931 0)
(0.802958 1.15841 -1.25816e-19)
(0.694063 1.11109 3.54319e-19)
(0.559797 1.03661 0)
(0.385564 0.894666 -5.27682e-19)
(0.18433 0.688309 2.02305e-19)
(0.0349625 0.784031 -4.81418e-20)
(0.18113 1.54771 -2.40234e-19)
(0.687001 2.52206 -1.79777e-18)
(0.731716 3.28979 9.18174e-19)
(0.592031 3.60773 0)
(0.592318 3.70602 -3.99619e-19)
(0.457772 3.74855 1.60982e-19)
(0.331764 3.7922 6.00127e-19)
(0.242909 3.77024 -4.91343e-19)
(0.654919 0.727419 2.13008e-19)
(1.05928 1.20783 -3.26989e-19)
(1.08468 1.2749 0)
(1.02447 1.27373 -4.68712e-20)
(0.96167 1.24796 1.44949e-19)
(0.881632 1.22474 0)
(0.789281 1.19174 0)
(0.67678 1.14764 -6.58217e-19)
(0.534338 1.07989 -4.65285e-20)
(0.340281 0.958981 6.46912e-19)
(0.0804478 0.832145 -1.4744e-19)
(-0.152454 1.08155 -5.89795e-19)
(-0.0202477 1.95727 0)
(0.502479 3.00603 1.05983e-18)
(0.603159 3.56204 -4.28672e-19)
(0.600025 3.74495 -5.28304e-19)
(0.630326 3.78827 0)
(0.552741 3.85499 -3.85547e-19)
(0.446398 3.92119 -1.22805e-18)
(0.365818 3.89049 -2.92025e-19)
(0.653764 0.749495 -4.0723e-19)
(1.05235 1.2388 4.74158e-19)
(1.07552 1.30699 2.93369e-19)
(1.01414 1.30599 -7.11568e-20)
(0.950686 1.28054 -2.11611e-19)
(0.869485 1.25828 0)
(0.775585 1.2272 -7.18387e-20)
(0.660045 1.18714 2.56978e-19)
(0.510585 1.12923 3.77865e-20)
(0.298659 1.04008 -5.70337e-19)
(-0.00428281 1.00564 -2.53307e-20)
(-0.278961 1.35797 6.24163e-19)
(-0.127852 2.27847 -1.28387e-18)
(0.387796 3.25951 -4.39269e-19)
(0.585426 3.63551 8.84305e-19)
(0.631597 3.7644 -1.14503e-18)
(0.664481 3.7826 0)
(0.609713 3.80956 0)
(0.481783 3.80746 -1.20687e-18)
(0.206337 3.65725 2.46619e-18)
(0.65202 0.772814 1.95564e-19)
(1.04481 1.27219 4.49816e-19)
(1.06569 1.34143 -3.08067e-19)
(1.00324 1.34034 2.3867e-19)
(0.939315 1.315 2.17438e-19)
(0.857161 1.29364 0)
(0.762311 1.26449 8.70211e-20)
(0.644866 1.2291 3.11989e-19)
(0.491305 1.18324 0)
(0.269332 1.13041 0)
(-0.0515446 1.1728 0)
(-0.328896 1.58065 0)
(-0.148471 2.48015 1.45733e-18)
(0.379921 3.34125 4.24057e-19)
(0.599074 3.62456 0)
(0.667234 3.73697 6.57598e-19)
(0.751763 3.7352 0)
(0.870824 3.60502 6.3487e-19)
(0.983385 3.30373 -3.84144e-18)
(0.525563 3.03602 3.66291e-18)
(0.649437 0.797878 -3.87863e-19)
(1.03629 1.30815 -2.91343e-19)
(1.0549 1.37829 -1.98692e-19)
(0.991498 1.37699 -2.23194e-19)
(0.927326 1.35171 -1.05313e-19)
(0.844689 1.33112 0)
(0.749415 1.30404 3.06538e-20)
(0.631336 1.27385 -2.9064e-20)
(0.476769 1.24118 -3.5196e-19)
(0.253848 1.22307 0)
(-0.061712 1.32388 4.69505e-21)
(-0.31385 1.75505 -5.31508e-21)
(-0.122776 2.59497 0)
(0.394099 3.33853 -5.15562e-19)
(0.631447 3.57336 0)
(0.745305 3.66567 -7.68792e-19)
(0.866484 3.59993 1.9153e-18)
(0.922041 3.2706 -6.5827e-19)
(0.680099 2.3566 9.25867e-19)
(-0.408882 0.702751 -2.32967e-18)
(0.645687 0.824609 -1.65216e-20)
(1.02674 1.34708 -1.54155e-19)
(1.04316 1.41826 2.69759e-19)
(0.979015 1.4165 -2.15574e-20)
(0.914859 1.39113 -3.78051e-20)
(0.831979 1.37141 0)
(0.737189 1.34652 -5.73643e-20)
(0.620048 1.3218 -2.26415e-19)
(0.468099 1.3022 6.71593e-19)
(0.252671 1.31431 -6.90298e-19)
(-0.0370824 1.4565 -5.69729e-19)
(-0.245366 1.88782 0)
(-0.0521555 2.64226 -1.08963e-19)
(0.429315 3.29114 2.10339e-19)
(0.704326 3.43768 3.00244e-19)
(0.8121 3.47411 0)
(0.891595 3.32714 -9.31217e-19)
(0.764441 2.66555 1.16802e-18)
(0.255245 1.11509 -1.37511e-18)
(-0.38761 -0.501686 -1.22014e-18)
(0.640499 0.852807 3.49119e-19)
(1.01569 1.38895 -1.51106e-19)
(1.02999 1.46111 1.93476e-19)
(0.965408 1.45889 1.40833e-19)
(0.90159 1.43341 7.61647e-20)
(0.819233 1.4144 7.17388e-20)
(0.725619 1.39158 9.72995e-20)
(0.611087 1.372 2.31565e-19)
(0.46541 1.36445 -6.12743e-19)
(0.266846 1.40029 -5.65303e-20)
(0.0192033 1.56497 -5.05896e-20)
(-0.131725 1.97273 -3.09118e-19)
(0.0715505 2.62293 2.61532e-19)
(0.519324 3.15004 1.20735e-19)
(0.795772 3.21718 -5.40406e-19)
(0.905911 3.20418 5.96456e-19)
(0.943942 2.95724 -1.58617e-18)
(0.740117 2.10117 1.0467e-18)
(0.206694 0.421909 0)
(-0.287736 -0.3846 -1.9066e-18)
(0.633489 0.882139 0)
(1.0031 1.43387 -5.45689e-19)
(1.01561 1.50739 2.90666e-20)
(0.950875 1.50426 -2.19884e-19)
(0.887779 1.47838 0)
(0.806147 1.45984 -6.17797e-20)
(0.714807 1.43876 -7.4117e-20)
(0.604495 1.42383 -2.16609e-19)
(0.468122 1.4261 5.62375e-19)
(0.291946 1.47701 5.88742e-19)
(0.0935115 1.64818 5.79446e-19)
(0.00570332 2.01269 -9.54355e-20)
(0.21786 2.54329 -1.44686e-19)
(0.627439 2.94756 -4.3895e-20)
(0.890233 2.95074 -3.03705e-19)
(0.99753 2.85431 5.57955e-19)
(0.990717 2.50042 7.39715e-19)
(0.711735 1.54997 -8.76228e-19)
(0.0397567 0.0266108 0)
(-0.419329 -0.516437 0)
(0.624216 0.912151 -3.32315e-19)
(0.98811 1.48175 5.64084e-19)
(0.998961 1.55641 0)
(0.934595 1.55243 0)
(0.872619 1.52591 0)
(0.792864 1.50751 0)
(0.704748 1.48763 1.15326e-20)
(0.600659 1.47602 -1.8139e-20)
(0.476528 1.48462 1.41754e-20)
(0.325732 1.54326 7.66568e-20)
(0.177141 1.70639 -7.9126e-19)
(0.143617 2.01605 4.2322e-19)
(0.357015 2.42571 0)
(0.731258 2.72411 -8.80071e-20)
(0.983524 2.67281 1.81694e-19)
(1.10076 2.47492 -1.18186e-19)
(1.09189 2.05981 6.79863e-19)
(0.787058 1.15879 4.34787e-19)
(0.108381 0.00130507 -1.66906e-18)
(-0.322131 -0.519767 -1.87973e-18)
(0.612155 0.942178 1.77913e-19)
(0.970398 1.53244 2.53712e-19)
(0.980555 1.60874 -1.55142e-20)
(0.916778 1.60318 1.21056e-19)
(0.856426 1.5756 0)
(0.77882 1.55672 1.2402e-19)
(0.694884 1.53717 1.09224e-21)
(0.597841 1.52713 -9.12368e-21)
(0.486943 1.53862 -1.16987e-20)
(0.363595 1.59747 7.32891e-20)
(0.262493 1.74115 5.2929e-19)
(0.272534 1.98771 -4.02291e-19)
(0.482499 2.28221 -3.77484e-19)
(0.822192 2.48213 -1.80939e-19)
(1.06019 2.40859 -5.04188e-20)
(1.16062 2.13862 2.88939e-19)
(1.12897 1.6979 -2.69626e-19)
(0.832223 0.95034 4.00106e-19)
(0.255812 0.0468118 -1.45878e-18)
(-0.189383 -0.397782 9.30698e-19)
(0.597337 0.970332 -1.68914e-19)
(0.948504 1.58594 0)
(0.958401 1.66335 -1.79514e-19)
(0.896116 1.6563 -2.36066e-19)
(0.837943 1.62717 0)
(0.763583 1.60724 -1.0385e-19)
(0.684413 1.58691 0)
(0.595502 1.57683 6.54224e-20)
(0.498043 1.58763 -1.71538e-19)
(0.399317 1.63891 4.73892e-19)
(0.336342 1.75669 -5.08969e-19)
(0.379663 1.93832 1.86504e-19)
(0.571974 2.12394 7.55405e-19)
(0.862602 2.22289 -2.40161e-19)
(1.07724 2.13235 2.05969e-19)
(1.13396 1.85633 -1.76785e-20)
(1.06668 1.42597 -1.20651e-19)
(0.783985 0.871417 2.65506e-20)
(0.385619 0.223005 -8.02088e-20)
(-0.0255993 -0.139698 -4.92159e-20)
(0.577327 0.996689 3.55661e-19)
(0.92214 1.64133 -2.5311e-19)
(0.933725 1.7207 2.06776e-19)
(0.872695 1.71116 1.14883e-19)
(0.817118 1.68 3.37692e-20)
(0.746293 1.65788 8.94645e-20)
(0.672887 1.63593 0)
(0.592939 1.6237 -2.01357e-20)
(0.509831 1.63007 0)
(0.43156 1.67061 -4.4306e-19)
(0.395324 1.75725 4.73823e-19)
(0.451693 1.87651 -9.77247e-20)
(0.612676 1.97716 -7.21341e-19)
(0.838859 1.99584 -2.60033e-19)
(1.01796 1.88741 1.36705e-19)
(1.05574 1.65169 -1.17935e-19)
(0.984519 1.30015 5.24668e-19)
(0.769848 0.894362 2.87345e-19)
(0.476073 0.483711 1.29454e-19)
(0.105945 0.128658 -6.24027e-19)
(0.552408 1.02234 1.52416e-20)
(0.889378 1.69915 1.47379e-19)
(0.902933 1.77942 0)
(0.844217 1.76734 2.12502e-19)
(0.792534 1.73344 -2.75115e-19)
(0.726214 1.70854 9.40649e-20)
(0.658993 1.68352 -4.17376e-20)
(0.587351 1.66727 -7.78992e-20)
(0.516311 1.66648 1.47389e-19)
(0.457358 1.6933 -5.9548e-20)
(0.439303 1.74604 4.63169e-19)
(0.493239 1.8141 7.57317e-19)
(0.618837 1.85576 -1.15048e-20)
(0.778145 1.83185 5.91931e-19)
(0.913783 1.72324 3.2737e-19)
(0.944981 1.54653 -5.98762e-19)
(0.894758 1.2873 5.62155e-19)
(0.732276 1.01939 -3.20475e-19)
(0.522785 0.754189 2.64478e-20)
(0.194201 0.349965 9.21807e-19)
(0.519135 1.04534 7.1137e-19)
(0.852569 1.75636 -1.54319e-19)
(0.866949 1.83926 -3.40685e-19)
(0.810984 1.82354 2.77248e-19)
(0.763797 1.78656 -1.08845e-19)
(0.702067 1.75801 1.76249e-19)
(0.641044 1.7295 3.8942e-20)
(0.577394 1.70803 0)
(0.515222 1.69876 -1.81401e-19)
(0.472783 1.70895 3.44211e-20)
(0.464166 1.73269 -1.04579e-19)
(0.511606 1.76115 -6.90938e-19)
(0.603382 1.76211 -2.74044e-20)
(0.705699 1.71991 -2.77363e-21)
(0.796378 1.62725 5.57049e-19)
(0.815634 1.50346 2.58623e-19)
(0.789698 1.33265 -6.8517e-19)
(0.679814 1.17392 -3.39444e-19)
(0.534012 0.967165 -9.77043e-20)
(0.233141 0.488309 -1.00752e-18)
(0.482048 1.06328 0)
(0.80684 1.81105 1.38236e-19)
(0.821176 1.89805 -1.48915e-19)
(0.770938 1.87944 2.76086e-19)
(0.729776 1.83899 -2.67738e-19)
(0.673047 1.80658 1.09e-19)
(0.619306 1.77349 0)
(0.563275 1.74607 0)
(0.509751 1.72738 0)
(0.477102 1.72089 -1.00494e-19)
(0.471339 1.72199 9.45191e-20)
(0.508675 1.71875 -1.48199e-19)
(0.57176 1.69526 -4.27058e-19)
(0.633361 1.64573 -2.9911e-19)
(0.686283 1.57143 5.31341e-19)
(0.694939 1.48676 -4.57337e-19)
(0.68417 1.38471 -2.49506e-20)
(0.619325 1.28695 8.41876e-19)
(0.518892 1.10817 -1.0491e-19)
(0.238333 0.557853 0)
(0.441171 1.07509 6.98208e-19)
(0.754516 1.86211 -1.29355e-19)
(0.769237 1.9549 8.28424e-21)
(0.724774 1.93286 0)
(0.689083 1.88871 -1.26954e-19)
(0.638056 1.85238 2.58532e-20)
(0.59107 1.81449 0)
(0.543373 1.7804 -1.52309e-20)
(0.498469 1.7519 1.20047e-20)
(0.470431 1.73119 0)
(0.467436 1.71184 0)
(0.490225 1.68782 3.06142e-19)
(0.530657 1.65139 4.13683e-19)
(0.565279 1.60105 -1.42155e-20)
(0.592961 1.54188 1.60109e-19)
(0.595432 1.48164 -2.12553e-19)
(0.59069 1.4208 0)
(0.555582 1.35556 4.97554e-19)
(0.483681 1.18806 8.09692e-19)
(0.228426 0.592501 -1.87518e-18)
(0.394484 1.07974 5.9105e-19)
(0.689621 1.90455 -1.30677e-19)
(0.705408 2.0079 1.53432e-19)
(0.670969 1.98412 -3.87785e-19)
(0.641292 1.93603 0)
(0.596559 1.89489 0)
(0.557236 1.85156 0)
(0.516555 1.81082 -1.16415e-20)
(0.479468 1.77288 9.18484e-21)
(0.453848 1.73973 0)
(0.452058 1.70592 0)
(0.462158 1.66915 -4.36349e-19)
(0.484212 1.62556 1.91231e-19)
(0.502199 1.57723 -2.26667e-19)
(0.513649 1.52871 -4.65596e-19)
(0.513561 1.48312 0)
(0.510844 1.44149 1.22237e-19)
(0.490783 1.39275 1.51346e-19)
(0.436653 1.2299 -1.47821e-18)
(0.210482 0.613346 1.79882e-18)
(0.341543 1.07484 -5.46805e-19)
(0.618122 1.94084 1.75815e-19)
(0.635786 2.05618 3.76524e-19)
(0.60881 2.02889 2.04298e-19)
(0.583552 1.97739 -1.67451e-19)
(0.546868 1.93261 -8.06445e-20)
(0.514596 1.88432 3.49106e-20)
(0.481722 1.8382 0)
(0.45179 1.79231 0)
(0.428568 1.7484 0)
(0.423803 1.70459 1.73138e-19)
(0.426699 1.66 4.05358e-19)
(0.435163 1.61252 -1.78672e-19)
(0.44178 1.56744 1.0509e-19)
(0.445012 1.52462 3.26477e-21)
(0.442318 1.48772 0)
(0.439602 1.45486 -2.26127e-19)
(0.426565 1.41298 1.12837e-18)
(0.383123 1.25513 -2.61025e-18)
(0.188043 0.630138 1.5045e-18)
(0.282007 1.05738 5.90508e-19)
(0.535638 1.96073 -4.85271e-19)
(0.555666 2.09467 0)
(0.536577 2.06676 1.08628e-19)
(0.519294 2.01379 6.82951e-20)
(0.490665 1.96414 1.13561e-19)
(0.466141 1.91212 -3.26346e-20)
(0.440544 1.86121 0)
(0.416446 1.80966 0)
(0.395748 1.75804 1.77372e-19)
(0.387017 1.70744 2.12948e-20)
(0.384126 1.65803 -2.2098e-19)
(0.383601 1.60943 -1.49049e-19)
(0.381994 1.56667 -3.12741e-19)
(0.379843 1.52853 6.0312e-19)
(0.375473 1.49444 -7.48773e-19)
(0.370836 1.46723 5.58557e-19)
(0.361362 1.42748 0)
(0.325945 1.27385 3.78443e-20)
(0.161592 0.645421 -1.42404e-18)
(0.219809 1.02745 6.29001e-19)
(0.44786 1.97217 0)
(0.466088 2.12227 0)
(0.453849 2.09459 0)
(0.445239 2.04056 4.59461e-20)
(0.424924 1.98841 -1.23974e-19)
(0.410017 1.93462 -3.14392e-20)
(0.391309 1.88033 0)
(0.37345 1.82542 0)
(0.355963 1.76894 -1.15197e-19)
(0.344361 1.71384 -8.71802e-20)
(0.336801 1.66235 1.08149e-19)
(0.330131 1.61481 -6.83131e-21)
(0.323709 1.57356 -1.10716e-19)
(0.316316 1.53878 2.91692e-19)
(0.31134 1.50661 -3.04922e-19)
(0.303467 1.48183 3.15505e-19)
(0.295379 1.44452 0)
(0.266991 1.29448 -3.53714e-20)
(0.133036 0.66482 -6.6331e-19)
(0.153849 0.97192 -5.87398e-19)
(0.348146 1.95442 1.99891e-19)
(0.368955 2.13042 2.48168e-19)
(0.366492 2.1101 -3.87893e-20)
(0.368193 2.05673 -1.31971e-19)
(0.355482 2.00425 -5.16355e-20)
(0.349246 1.94963 8.90638e-20)
(0.337163 1.89428 -1.04539e-20)
(0.325272 1.83802 0)
(0.310903 1.77962 -1.70788e-20)
(0.297537 1.72263 4.77387e-20)
(0.285954 1.67131 -8.36146e-20)
(0.274165 1.62618 0)
(0.263418 1.58743 8.57323e-20)
(0.251528 1.55472 0)
(0.244251 1.5255 6.82806e-20)
(0.23318 1.5013 3.95804e-20)
(0.22554 1.46664 0)
(0.203453 1.31935 0)
(0.101398 0.687653 -5.71588e-19)
(0.0933532 0.903133 4.61492e-19)
(0.247214 1.92134 -1.70756e-19)
(0.267297 2.12105 1.06262e-19)
(0.271314 2.11056 -1.55957e-19)
(0.283868 2.05965 5.65592e-20)
(0.280101 2.00991 -1.28728e-20)
(0.283428 1.9568 2.12463e-21)
(0.278831 1.90313 -1.39835e-20)
(0.272809 1.84801 -2.00514e-21)
(0.261894 1.79078 2.40492e-20)
(0.24841 1.73508 3.78824e-21)
(0.234173 1.68617 0)
(0.218971 1.64468 2.62522e-20)
(0.204742 1.60961 0)
(0.189652 1.57964 0)
(0.178729 1.55356 0)
(0.165079 1.53073 2.7034e-19)
(0.155864 1.49852 -6.98421e-19)
(0.138389 1.35628 2.22311e-21)
(0.0679511 0.723831 4.91602e-19)
(0.0339584 0.779068 7.34091e-20)
(0.144615 1.83848 6.18179e-20)
(0.168694 2.08348 -5.04304e-20)
(0.181123 2.08936 -2.79576e-20)
(0.202977 2.04793 2.26405e-20)
(0.206834 2.00222 1.20357e-20)
(0.217674 1.95399 5.36816e-21)
(0.219758 1.90486 0)
(0.218916 1.85365 1.10753e-21)
(0.211672 1.80036 2.83693e-21)
(0.199041 1.74858 -2.47405e-20)
(0.183131 1.70405 0)
(0.165371 1.66752 1.77511e-22)
(0.147633 1.63737 -2.87741e-20)
(0.1289 1.61185 0)
(0.112855 1.59028 0)
(0.0950064 1.57135 -1.57731e-20)
(0.0824445 1.54366 0)
(0.0669554 1.41062 -1.18337e-20)
(0.0295611 0.781244 0)
(-0.00129093 0.646907 0)
(0.0492522 1.71755 0)
(0.0753852 2.01053 0)
(0.0969081 2.04441 0)
(0.123083 2.01894 -4.55623e-34)
(0.138288 1.98206 2.65688e-34)
(0.156755 1.94155 0)
(0.165759 1.8992 0)
(0.17072 1.85415 0)
(0.168215 1.80687 0)
(0.158356 1.76068 0)
(0.143499 1.72147 0)
(0.126187 1.69036 0)
(0.108225 1.66556 0)
(0.0894076 1.64537 0)
(0.0719818 1.62919 0)
(0.053368 1.61573 0)
(0.0382751 1.59483 0)
(0.0214414 1.47508 0)
(0.00479214 0.84807 0)
(-0.00776803 0.62166 0)
(0.000706765 1.63848 0)
(0.0228004 1.93811 0)
(0.0386558 1.98693 0)
(0.0643409 1.97627 0)
(0.0861792 1.95234 0)
(0.107283 1.92201 0)
(0.121232 1.88864 0)
(0.131066 1.85144 0)
(0.132983 1.81116 0)
(0.126406 1.77118 0)
(0.11373 1.73737 0)
(0.0980587 1.71115 0)
(0.0812862 1.6909 0)
(0.0638827 1.67518 0)
(0.0474857 1.66342 0)
(0.0308706 1.65455 0)
(0.01835 1.63837 0)
(0.00385258 1.5205 0)
(-0.00126574 0.870751 0)
(-0.0070655 0.647967 0)
(-0.0162364 1.59345 0)
(0.00492971 1.87762 0)
(0.0105411 1.92932 0)
(0.0346091 1.92938 0)
(0.0532177 1.91613 0)
(0.0718675 1.89666 0)
(0.0871075 1.87334 0)
(0.098783 1.845 0)
(0.103208 1.81258 0)
(0.0992605 1.77945 0)
(0.0888773 1.75142 0)
(0.0752831 1.73023 0)
(0.060581 1.71465 0)
(0.0457832 1.70342 0)
(0.0322313 1.69586 0)
(0.0189799 1.69081 0)
(0.0103963 1.6774 0)
(-0.00127807 1.55444 0)
(-0.0019427 0.870834 0)
(-0.00657021 0.706127 0)
(-0.0190476 1.58581 0)
(-0.00192287 1.83835 0)
(0.000794563 1.88562 0)
(0.0232821 1.88882 0)
(0.0355697 1.88166 0)
(0.0504175 1.8706 0)
(0.0636481 1.8557 0)
(0.0743253 1.83552 0)
(0.0794247 1.81079 0)
(0.0772447 1.78448 0)
(0.0690561 1.76205 0)
(0.05794 1.74554 0)
(0.046014 1.734 0)
(0.0343343 1.72624 0)
(0.0238233 1.72137 0)
(0.0132756 1.71819 0)
(0.00687474 1.70521 0)
(-0.00297482 1.5736 0)
(-0.00201862 0.864043 0)
(-0.00262085 0.749556 0)
(-0.0164894 1.59058 0)
(-0.0029073 1.81967 0)
(-0.00260072 1.86031 0)
(0.0165244 1.86242 0)
(0.0249791 1.858 0)
(0.0372414 1.85112 0)
(0.0478609 1.84106 0)
(0.0565846 1.82664 0)
(0.0612959 1.80811 0)
(0.0601088 1.78767 0)
(0.0537972 1.77012 0)
(0.0450553 1.75738 0)
(0.0356896 1.74862 0)
(0.0265031 1.74281 0)
(0.0181662 1.73911 0)
(0.00956839 1.73649 0)
(0.00443053 1.723 0)
(-0.00319755 1.58285 0)
(-0.00186555 0.850452 0)
(-0.00054738 0.774048 0)
(-0.00972253 1.60085 0)
(-0.00209973 1.81074 0)
(-0.00254276 1.84521 0)
(0.0112644 1.84641 0)
(0.0173924 1.84382 0)
(0.0274498 1.83893 0)
(0.0360453 1.83132 0)
(0.0432722 1.82041 0)
(0.0474686 1.80616 0)
(0.0468707 1.79019 0)
(0.0419927 1.77643 0)
(0.0350956 1.76642 0)
(0.0276512 1.75948 0)
(0.0203116 1.75482 0)
(0.0137101 1.75184 0)
(0.00707269 1.74958 0)
(0.00312486 1.73558 0)
(-0.00222055 1.58926 0)
(-0.00127538 0.841916 0)
(-0.000361275 0.786643 0)
(-0.00540345 1.60696 0)
(-0.0011922 1.80443 0)
(-0.00109946 1.83356 0)
(0.00791954 1.8345 0)
(0.0124184 1.8333 0)
(0.0200528 1.82993 0)
(0.0268786 1.82425 0)
(0.0329199 1.81588 0)
(0.0366642 1.80471 0)
(0.0364638 1.79211 0)
(0.0326626 1.78124 0)
(0.0271791 1.77333 0)
(0.0212584 1.76785 0)
(0.0154731 1.76422 0)
(0.0103551 1.76197 0)
(0.00541656 1.76007 0)
(0.00228431 1.74555 0)
(-0.00145916 1.59452 0)
(-0.000946056 0.836568 0)
(-0.000537039 0.794063 0)
(-0.00323203 1.6095 0)
(-0.000726153 1.79909 0)
(0.000103929 1.82414 0)
(0.0059223 1.82503 0)
(0.00943661 1.82445 0)
(0.0149566 1.8222 0)
(0.0201764 1.81818 0)
(0.0250309 1.81194 0)
(0.0282282 1.8033 0)
(0.028248 1.79341 0)
(0.0252948 1.78489 0)
(0.020984 1.77873 0)
(0.0163528 1.77452 0)
(0.0118682 1.7718 0)
(0.00790469 1.77014 0)
(0.00419222 1.76853 0)
(0.00161589 1.75348 0)
(-0.00108921 1.59868 0)
(-0.000785567 0.832647 0)
(-0.000571741 0.799367 0)
(-0.00206987 1.61059 0)
(-0.00046475 1.79496 0)
(0.000723872 1.81729 0)
(0.00452231 1.81818 0)
(0.00740164 1.81773 0)
(0.0114297 1.8161 0)
(0.0153867 1.8132 0)
(0.0191577 1.80859 0)
(0.0217475 1.802 0)
(0.0218427 1.79434 0)
(0.0195562 1.78773 0)
(0.0162055 1.78299 0)
(0.0126118 1.77978 0)
(0.00913794 1.77773 0)
(0.00604155 1.77648 0)
(0.00320916 1.77506 0)
(0.00111789 1.75958 0)
(-0.000878084 1.60171 0)
(-0.000653482 0.829389 0)
(-0.000495307 0.803287 0)
(-0.00136632 1.61107 0)
(-0.000259928 1.79182 0)
(0.00093633 1.81245 0)
(0.0034743 1.81337 0)
(0.00580086 1.81295 0)
(0.00879653 1.81169 0)
(0.0118274 1.80949 0)
(0.0147393 1.806 0)
(0.016787 1.80097 0)
(0.0168891 1.79505 0)
(0.0151114 1.78995 0)
(0.0125068 1.7863 0)
(0.00971207 1.78384 0)
(0.00701309 1.78226 0)
(0.00459485 1.78131 0)
(0.00242816 1.78003 0)
(0.000784032 1.7642 0)
(-0.000708074 1.60387 0)
(-0.000527208 0.826679 0)
(-0.00040315 0.806135 0)
(-0.000938621 1.61113 0)
(-0.000119413 1.78926 0)
(0.000932325 1.80884 0)
(0.00270073 1.80978 0)
(0.00453142 1.80941 0)
(0.00677395 1.80842 0)
(0.00910253 1.80673 0)
(0.0113534 1.80405 0)
(0.012963 1.80018 0)
(0.0130531 1.79561 0)
(0.0116633 1.79167 0)
(0.0096328 1.78885 0)
(0.00745672 1.78696 0)
(0.00536271 1.78575 0)
(0.00348515 1.78502 0)
(0.00182738 1.78385 0)
(0.000551081 1.76774 0)
(-0.000576552 1.60545 0)
(-0.000419618 0.824487 0)
(-0.000323617 0.808248 0)
(-0.000680577 1.61097 0)
(-4.54551e-05 1.78713 0)
(0.000826235 1.80605 0)
(0.00211667 1.80699 0)
(0.00354172 1.80668 0)
(0.00523163 1.80592 0)
(0.00701579 1.80462 0)
(0.00874904 1.80256 0)
(0.0100061 1.79958 0)
(0.0100797 1.79604 0)
(0.00899182 1.793 0)
(0.00741037 1.79083 0)
(0.00571996 1.78938 0)
(0.0040994 1.78846 0)
(0.00264641 1.78791 0)
(0.00137344 1.7868 0)
(0.000386932 1.77046 0)
(-0.000472569 1.60663 0)
(-0.000333632 0.822728 0)
(-0.000256187 0.809861 0)
(-0.000510869 1.61076 0)
(-1.1542e-05 1.78542 0)
(0.000686915 1.80389 0)
(0.00165718 1.80482 0)
(0.00276311 1.80457 0)
(0.00404859 1.80398 0)
(0.00541594 1.80297 0)
(0.00674641 1.8014 0)
(0.00772115 1.7991 0)
(0.00777785 1.79637 0)
(0.00692753 1.79402 0)
(0.00569882 1.79236 0)
(0.00438874 1.79124 0)
(0.0031358 1.79055 0)
(0.00201249 1.79012 0)
(0.00103196 1.78907 0)
(0.000271379 1.77255 0)
(-0.000387261 1.60748 0)
(-0.000265065 0.821307 0)
(-0.000201289 0.811114 0)
(-0.000390473 1.61056 0)
(3.24292e-06 1.78408 0)
(0.000553571 1.80225 0)
(0.00129593 1.80317 0)
(0.00215359 1.80297 0)
(0.00313864 1.80251 0)
(0.00418911 1.80173 0)
(0.00521075 1.80052 0)
(0.005964 1.79875 0)
(0.0060062 1.79665 0)
(0.00534195 1.79484 0)
(0.00438754 1.79356 0)
(0.00337165 1.79271 0)
(0.00240148 1.79218 0)
(0.00153245 1.79185 0)
(0.000775861 1.79083 0)
(0.000190457 1.77416 0)
(-0.000314784 1.60813 0)
(-0.000209736 0.820167 0)
(-0.000156775 0.812077 0)
(-0.000299705 1.61038 0)
(7.09497e-06 1.783 0)
(0.000434751 1.80094 0)
(0.00100527 1.80186 0)
(0.00166814 1.80171 0)
(0.00242489 1.80135 0)
(0.00323306 1.80075 0)
(0.004019 1.79981 0)
(0.00460141 1.79845 0)
(0.00463261 1.79683 0)
(0.00411404 1.79544 0)
(0.00337342 1.79446 0)
(0.00258669 1.79381 0)
(0.00183669 1.7934 0)
(0.00116591 1.79315 0)
(0.000582695 1.79215 0)
(0.000133024 1.77537 0)
(-0.000255902 1.60858 0)
(-0.000166047 0.819246 0)
(-0.000123188 0.812834 0)
(-0.00023237 1.61026 0)
(1.0367e-05 1.7822 0)
(0.000346066 1.79999 0)
(0.000789789 1.8009 0)
(0.0013049 1.80079 0)
(0.00189012 1.80051 0)
(0.00251434 1.80005 0)
(0.0031198 1.79933 0)
(0.00356876 1.79828 0)
(0.00359081 1.79704 0)
(0.00318512 1.79597 0)
(0.00260853 1.79521 0)
(0.00199707 1.79471 0)
(0.00141505 1.7944 0)
(0.000895369 1.7942 0)
(0.000443895 1.79323 0)
(9.70327e-05 1.77635 0)
(-0.000202976 1.60896 0)
(-0.000129931 0.818525 0)
(-9.54791e-05 0.813411 0)
(-0.000180829 1.61011 0)
(5.34521e-06 1.7815 0)
(0.000262708 1.79916 0)
(0.000603411 1.80007 0)
(0.000999739 1.79999 0)
(0.00145068 1.79978 0)
(0.00193303 1.79942 0)
(0.00240208 1.79887 0)
(0.00275145 1.79806 0)
(0.00276685 1.7971 0)
(0.00244945 1.79628 0)
(0.00200208 1.79571 0)
(0.00152934 1.79533 0)
(0.00108067 1.79509 0)
(0.00068061 1.79494 0)
(0.000332693 1.79398 0)
(6.56873e-05 1.77703 0)
(-0.000165605 1.60918 0)
(-0.000103711 0.817933 0)
(-7.44822e-05 0.813874 0)
(-0.000136451 1.61007 0)
(1.3489e-05 1.78107 0)
(0.000218138 1.79863 0)
(0.000485523 1.79955 0)
(0.000795543 1.79949 0)
(0.00114606 1.79933 0)
(0.0015184 1.79905 0)
(0.00187739 1.79863 0)
(0.00214347 1.79802 0)
(0.00215602 1.79728 0)
(0.00190978 1.79666 0)
(0.00156217 1.79621 0)
(0.00119433 1.79592 0)
(0.000844338 1.79574 0)
(0.000531678 1.79561 0)
(0.000259107 1.79467 0)
(5.10189e-05 1.77766 0)
(-0.000129439 1.60943 0)
(-8.04751e-05 0.817487 0)
(-5.85148e-05 0.814217 0)
(-0.000111306 1.60993 0)
(6.00828e-06 1.7806 0)
(0.000164803 1.79808 0)
(0.000374117 1.799 0)
(0.000617295 1.79896 0)
(0.00089339 1.79884 0)
(0.00118833 1.79863 0)
(0.00147465 1.7983 0)
(0.00168689 1.79783 0)
(0.00169014 1.79727 0)
(0.00149202 1.79679 0)
(0.00121686 1.79646 0)
(0.00092744 1.79624 0)
(0.000653919 1.79611 0)
(0.000410854 1.79601 0)
(0.000199609 1.79507 0)
(3.77892e-05 1.77801 0)
(-0.000102105 1.60952 0)
(-6.2974e-05 0.817108 0)
(-4.2537e-05 0.814496 0)
(-7.67551e-05 1.60991 0)
(1.07751e-05 1.78035 0)
(0.000131008 1.79778 0)
(0.000288661 1.7987 0)
(0.000472753 1.79868 0)
(0.000681246 1.79859 0)
(0.000902988 1.79843 0)
(0.0011166 1.79819 0)
(0.00127733 1.79784 0)
(0.00129005 1.79742 0)
(0.00114245 1.79706 0)
(0.000934591 1.79681 0)
(0.000715017 1.79664 0)
(0.000505435 1.79654 0)
(0.000317424 1.79646 0)
(0.000152465 1.79553 0)
(2.74632e-05 1.77844 0)
(-8.21269e-05 1.6097 0)
(-4.95414e-05 0.816838 0)
(-3.47911e-05 0.814688 0)
(-6.21838e-05 1.60984 0)
(1.89034e-05 1.78008 0)
(0.00012573 1.79748 0)
(0.000261805 1.79839 0)
(0.000417665 1.79838 0)
(0.000592646 1.79831 0)
(0.000777914 1.79819 0)
(0.000956348 1.798 0)
(0.00108534 1.79772 0)
(0.00108365 1.7974 0)
(0.000958634 1.79714 0)
(0.000782798 1.79694 0)
(0.000596689 1.79682 0)
(0.000421156 1.79674 0)
(0.000266613 1.79667 0)
(0.0001337 1.79575 0)
(3.31854e-05 1.77862 0)
(-5.48887e-05 1.60974 0)
(-3.55762e-05 0.816609 0)
(-2.44723e-05 0.814853 0)
(-4.84704e-05 1.60978 0)
(8.2218e-06 1.77984 0)
(8.52305e-05 1.79719 0)
(0.000187696 1.79812 0)
(0.000307747 1.79812 0)
(0.000443543 1.79808 0)
(0.000587861 1.798 0)
(0.000726282 1.79787 0)
(0.000829229 1.79769 0)
(0.000828045 1.79746 0)
(0.000727268 1.79727 0)
(0.000594654 1.79714 0)
(0.000458044 1.79706 0)
(0.000328538 1.79701 0)
(0.000211544 1.79696 0)
(0.000107763 1.79604 0)
(2.66832e-05 1.7789 0)
(-4.45125e-05 1.60986 0)
(-2.87034e-05 0.816462 0)
(-1.5386e-05 0.81495 0)
(-2.21721e-05 1.60976 0)
(2.73809e-05 1.77975 0)
(9.11311e-05 1.79709 0)
(0.000172757 1.79801 0)
(0.000268056 1.79802 0)
(0.000376533 1.79798 0)
(0.000493235 1.79792 0)
(0.000606813 1.79783 0)
(0.000694729 1.7977 0)
(0.000710168 1.79753 0)
(0.000633335 1.79739 0)
(0.000520576 1.79728 0)
(0.000398961 1.79721 0)
(0.00028205 1.79717 0)
(0.000178629 1.79712 0)
(9.02758e-05 1.7962 0)
(2.53328e-05 1.77904 0)
(-3.16637e-05 1.6099 0)
(-1.92915e-05 0.816331 0)
(-1.63207e-05 0.815019 0)
(-2.17062e-05 1.60968 0)
(2.34434e-05 1.77955 0)
(8.40316e-05 1.79686 0)
(0.000159975 1.79778 0)
(0.000247129 1.7978 0)
(0.000344592 1.79778 0)
(0.000446967 1.79774 0)
(0.000544988 1.79768 0)
(0.000606587 1.79759 0)
(0.000587861 1.79752 0)
(0.000521262 1.79743 0)
(0.000429849 1.79738 0)
(0.000334815 1.79735 0)
(0.000246289 1.79733 0)
(0.000167487 1.7973 0)
(9.85168e-05 1.79639 0)
(4.3907e-05 1.77922 0)
(-7.35191e-06 1.61001 0)
(-1.0853e-05 0.816273 0)
(-8.73578e-06 0.815086 0)
(-1.22416e-05 1.60964 0)
(3.17176e-05 1.77946 0)
(8.85691e-05 1.79677 0)
(0.000158749 1.79769 0)
(0.000239789 1.79772 0)
(0.000329705 1.79771 0)
(0.000422956 1.79769 0)
(0.000508972 1.79766 0)
(0.000571333 1.79762 0)
(0.000586151 1.79755 0)
(0.000525757 1.7975 0)
(0.000434569 1.79747 0)
(0.000337462 1.79744 0)
(0.000245679 1.79743 0)
(0.000163967 1.79739 0)
(9.31754e-05 1.79648 0)
(3.58111e-05 1.7793 0)
(-1.176e-05 1.61005 0)
(-1.32591e-05 0.816221 0)
(-3.738e-07 0.815089 0)
(7.32475e-06 1.60954 0)
(4.7443e-05 1.77927 0)
(9.7743e-05 1.79656 0)
(0.000159953 1.79749 0)
(0.000232033 1.79753 0)
(0.000312719 1.79754 0)
(0.000397694 1.79755 0)
(0.000477604 1.79757 0)
(0.00053466 1.79759 0)
(0.000535951 1.7976 0)
(0.000480312 1.79762 0)
(0.000400028 1.79763 0)
(0.000313513 1.79764 0)
(0.000230405 1.79765 0)
(0.000156283 1.79762 0)
(9.26077e-05 1.79671 0)
(4.19338e-05 1.77952 0)
(-2.82252e-07 1.61018 0)
(-5.2258e-06 0.816199 0)
(-0.402593 2.07779 2.36194e-22)
(0.497445 3.42843 -2.71648e-19)
(0.141801 3.58483 4.60613e-19)
(0.301651 3.51256 0)
(0.2782 3.45009 0)
(0.27116 3.36103 -2.42615e-19)
(0.256006 3.31835 3.36296e-19)
(0.224863 3.24694 -3.55556e-19)
(0.166907 3.1188 6.87867e-21)
(0.184883 2.59815 5.48615e-19)
(-0.103385 2.7187 8.42279e-23)
(0.219469 3.46174 2.34741e-19)
(0.0562404 3.49752 0)
(0.16646 3.43372 0)
(0.150506 3.36704 7.23425e-21)
(0.143162 3.31776 5.46712e-19)
(0.130366 3.26318 -3.42836e-19)
(0.0889054 3.20916 -6.61921e-21)
(0.0709486 3.04275 6.32629e-21)
(0.0115835 2.05355 0)
(-0.0292524 2.31045 -3.82805e-21)
(0.152616 3.24505 1.87912e-20)
(0.0833911 3.39758 0)
(0.125452 3.35855 2.31458e-19)
(0.108162 3.32162 -2.11592e-21)
(0.0970967 3.28111 -3.00168e-19)
(0.0783154 3.26042 -4.18896e-19)
(0.0510231 3.23152 -3.54769e-22)
(0.0490416 3.09865 6.47848e-21)
(-0.0139 2.19176 0)
(-0.0406532 2.1862 7.11431e-20)
(0.0636554 3.19872 0)
(0.0204504 3.34242 -1.2712e-19)
(0.0559951 3.32565 -8.12363e-20)
(0.0492305 3.29174 1.11504e-20)
(0.0455692 3.26712 -2.13147e-19)
(0.0435087 3.24326 1.91704e-19)
(0.0310574 3.22532 -7.08621e-21)
(0.046987 3.11049 9.77795e-21)
(0.0109338 2.23311 2.50588e-19)
(-0.0296855 2.13831 -6.49528e-20)
(0.0469973 3.13431 0)
(0.0179584 3.29183 2.96889e-19)
(0.0353041 3.28313 -1.68861e-19)
(0.0313788 3.25955 -1.04736e-21)
(0.0283735 3.24112 -8.48662e-21)
(0.0307267 3.22768 -1.68604e-20)
(0.0255561 3.21631 -2.57077e-19)
(0.0466201 3.11524 6.95467e-21)
(-0.0016145 2.29469 -5.25596e-19)
(-0.0330949 2.11874 0)
(0.00449911 3.11105 -1.77515e-19)
(-0.015499 3.25472 2.77159e-20)
(-0.00293803 3.24813 -1.3169e-20)
(0.00885312 3.2254 1.34847e-20)
(0.0155939 3.2113 2.25799e-19)
(0.0234721 3.20501 2.40011e-19)
(0.0294689 3.19847 5.06479e-19)
(0.0466289 3.11605 2.52675e-19)
(0.0156172 2.34557 -1.46353e-20)
(-0.0487075 2.1444 0)
(-0.00964525 3.08924 1.76528e-19)
(-0.0138786 3.2177 -1.97672e-19)
(-0.00393516 3.21308 -1.45505e-20)
(0.00587913 3.2017 3.01894e-20)
(0.0109475 3.19512 3.75243e-22)
(0.0209343 3.19257 -1.62921e-20)
(0.0273381 3.1891 -2.6657e-19)
(0.0466904 3.11749 -2.50847e-19)
(0.00755238 2.41823 -1.50574e-20)
(-0.0532299 2.22195 2.26579e-19)
(-0.0269795 3.08718 -9.9337e-21)
(-0.0324656 3.1994 7.22531e-21)
(-0.0217352 3.19621 0)
(-0.00833553 3.1855 0)
(0.00586139 3.17756 0)
(0.0174646 3.17354 0)
(0.0231383 3.17178 2.97676e-19)
(0.0427678 3.11687 -3.08136e-19)
(0.0125557 2.47153 3.03659e-19)
(-0.0458528 2.31922 2.58973e-20)
(-0.0320176 3.09 2.27427e-19)
(-0.0240742 3.17367 0)
(-0.0129091 3.16916 -1.66228e-20)
(-0.00179097 3.162 1.69988e-20)
(0.0055983 3.15682 0)
(0.0154291 3.15697 -9.32595e-21)
(0.020639 3.15288 -2.88892e-19)
(0.0382619 3.10813 3.09234e-19)
(0.0115977 2.53034 0)
(-0.0427348 2.41496 1.72701e-20)
(-0.0327927 3.09086 -3.60416e-19)
(-0.024918 3.15145 0)
(-0.0209857 3.14846 0)
(-0.0123602 3.13939 1.85372e-20)
(-0.000643577 3.13373 -1.57593e-19)
(0.0114297 3.12867 -1.96427e-20)
(0.0186356 3.12913 1.68793e-19)
(0.0384811 3.09506 0)
(0.017248 2.58092 0)
(-0.0409731 2.49447 -4.05668e-19)
(-0.0368606 3.08367 1.37405e-19)
(-0.0226368 3.12409 0)
(-0.0155123 3.11674 0)
(-0.00662236 3.11057 0)
(0.00322967 3.10648 3.26143e-19)
(0.014189 3.10728 0)
(0.0214615 3.10878 -1.8012e-19)
(0.0405936 3.08767 1.11676e-20)
(0.0178222 2.64936 1.90263e-19)
(-0.0368189 2.5863 1.46291e-19)
(-0.0406484 3.07354 -1.43384e-20)
(-0.0258224 3.10159 1.72557e-19)
(-0.0170429 3.09415 1.67969e-19)
(-0.00757785 3.08757 0)
(0.00272244 3.08465 -1.68282e-19)
(0.015091 3.08285 0)
(0.0228622 3.08638 0)
(0.039306 3.07463 0)
(0.0209239 2.70973 -1.91146e-19)
(-0.0344421 2.67753 -1.57765e-19)
(-0.0414538 3.06546 1.62934e-19)
(-0.0253994 3.07422 -1.62562e-19)
(-0.0149942 3.0642 -2.57277e-19)
(-0.00471692 3.05829 0)
(0.00535044 3.05538 2.30998e-20)
(0.0151589 3.05712 -1.17827e-20)
(0.0229489 3.06147 8.83878e-20)
(0.040792 3.0582 1.09704e-19)
(0.0222332 2.7757 -1.1292e-19)
(-0.0334924 2.77267 1.61858e-19)
(-0.0450526 3.04373 -1.56023e-19)
(-0.0301919 3.04323 1.12031e-20)
(-0.018295 3.0365 6.62897e-20)
(-0.00875 3.03262 -9.65464e-20)
(0.00271165 3.03086 0)
(0.0142945 3.03181 1.02352e-19)
(0.02529 3.03629 4.91769e-21)
(0.0431373 3.03874 -2.12799e-19)
(0.0265002 2.83556 -6.3706e-21)
(-0.0304047 2.85688 -4.69503e-20)
(-0.04471 3.02195 1.14247e-20)
(-0.0281325 3.01925 -5.93753e-20)
(-0.0147138 3.0144 2.45885e-20)
(-0.00446087 3.01211 1.19189e-19)
(0.0041521 3.01182 -5.03874e-20)
(0.0139646 3.01263 -4.9424e-20)
(0.0233362 3.01513 -5.10249e-20)
(0.0423724 3.01851 1.09552e-19)
(0.0264548 2.89802 5.32249e-20)
(-0.0165774 2.94068 3.77287e-20)
(-0.025483 3.00164 1.67004e-20)
(-0.013137 3.00071 3.27072e-20)
(-0.00690154 3.00046 -6.72929e-20)
(-0.00245312 3.00171 2.29332e-20)
(0.00215975 3.00172 4.64041e-20)
(0.00593577 3.00034 -4.84485e-20)
(0.010589 2.99971 -5.04098e-20)
(0.0217367 2.99981 6.84326e-21)
(0.0154076 2.95176 4.8476e-20)
)
;

boundaryField
{
    wall-4
    {
        type            noSlip;
    }
    pressure-outlet-7
    {
        type            zeroGradient;
    }
    velocity-inlet-6
    {
        type            fixedValue;
        value           uniform (0 3 0);
    }
    velocity-inlet-5
    {
        type            fixedValue;
        value           uniform (1 0 0);
    }
    frontAndBackPlanes
    {
        type            empty;
    }
}


// ************************************************************************* //
