/*--------------------------------*- C++ -*----------------------------------*\
| =========                 |                                                 |
| \\      /  F ield         | OpenFOAM: The Open Source CFD Toolbox           |
|  \\    /   O peration     | Version:  4.0                                   |
|   \\  /    A nd           | Web:      www.OpenFOAM.org                      |
|    \\/     M anipulation  |                                                 |
\*---------------------------------------------------------------------------*/
FoamFile
{
    version     2.0;
    format      ascii;
    class       volScalarField;
    location    "57";
    object      p;
}
// * * * * * * * * * * * * * * * * * * * * * * * * * * * * * * * * * * * * * //

dimensions      [0 2 -2 0 0 0 0];

internalField   nonuniform List<scalar> 
8800
(
0.855966
0.808179
0.76949
0.740495
0.719632
0.704804
0.694211
0.686736
0.681924
0.679878
0.681159
0.68536
0.692013
0.701334
0.714117
0.731854
0.756633
0.790574
0.833125
0.891827
0.687215
0.694894
0.70237
0.705678
0.704175
0.699099
0.692614
0.686541
0.681825
0.678991
0.678725
0.681243
0.685741
0.691693
0.698466
0.704749
0.708392
0.707656
0.702238
0.693548
0.665619
0.671778
0.675906
0.67885
0.6809
0.681506
0.680402
0.678303
0.676295
0.6754
0.676377
0.678769
0.681576
0.683762
0.684373
0.683176
0.680836
0.677444
0.672886
0.669126
0.65981
0.662461
0.665212
0.667615
0.66925
0.670413
0.671157
0.67128
0.670994
0.670958
0.671725
0.672906
0.673754
0.673825
0.673219
0.67213
0.670315
0.667746
0.665343
0.663839
0.654432
0.655856
0.657635
0.659666
0.66145
0.662792
0.663784
0.664587
0.665211
0.66579
0.666458
0.666966
0.667074
0.666792
0.666099
0.664852
0.663158
0.661311
0.660004
0.659172
0.649358
0.650279
0.651519
0.653085
0.654716
0.656242
0.657529
0.658601
0.659576
0.660486
0.661193
0.661535
0.661502
0.661068
0.660191
0.658993
0.657667
0.656408
0.655586
0.655035
0.644456
0.645125
0.646086
0.647387
0.648795
0.650253
0.651694
0.653022
0.654231
0.655356
0.656197
0.65658
0.656505
0.656002
0.655199
0.654254
0.653242
0.65232
0.651735
0.651329
0.639677
0.640194
0.640976
0.642104
0.643379
0.644752
0.646199
0.647676
0.649114
0.65047
0.651497
0.651984
0.651968
0.651589
0.65099
0.650266
0.649494
0.64881
0.648376
0.648059
0.634952
0.635363
0.636017
0.63702
0.638223
0.639548
0.640993
0.642553
0.644185
0.645802
0.64707
0.647744
0.647917
0.647753
0.647373
0.646858
0.646287
0.645795
0.645472
0.645215
0.630194
0.630529
0.631094
0.632017
0.633171
0.63448
0.635959
0.637614
0.63943
0.641332
0.642912
0.643874
0.644319
0.644402
0.644248
0.643953
0.643574
0.64324
0.643001
0.642785
0.625317
0.625594
0.626098
0.626974
0.628109
0.629441
0.630991
0.632784
0.634825
0.637054
0.639029
0.640363
0.641133
0.641499
0.641591
0.641516
0.641327
0.641132
0.64096
0.640774
0.620231
0.620464
0.620929
0.621789
0.622944
0.624343
0.626006
0.627989
0.630318
0.632957
0.635414
0.637195
0.638345
0.639035
0.639402
0.639554
0.639553
0.639486
0.63937
0.639204
0.614848
0.615046
0.615491
0.616364
0.617581
0.619089
0.620922
0.623161
0.625859
0.629011
0.632054
0.634367
0.635961
0.637019
0.637692
0.638084
0.63829
0.63834
0.63827
0.638119
0.609067
0.609237
0.609679
0.610594
0.611915
0.613585
0.615652
0.618228
0.621395
0.625185
0.628937
0.631883
0.633999
0.635481
0.636502
0.637183
0.637589
0.637753
0.637724
0.637581
0.602773
0.602919
0.603373
0.60436
0.60583
0.607721
0.610101
0.613107
0.616866
0.621439
0.626051
0.629755
0.63249
0.634469
0.635884
0.636878
0.637514
0.637797
0.637804
0.637666
0.59583
0.59595
0.596432
0.597523
0.599194
0.601375
0.604154
0.607708
0.612202
0.617734
0.623389
0.627999
0.631466
0.634031
0.635913
0.637264
0.638156
0.638562
0.638604
0.638467
0.58806
0.588158
0.588682
0.589913
0.591843
0.594394
0.597684
0.601929
0.607336
0.614041
0.620952
0.626646
0.630978
0.634231
0.636671
0.638442
0.639618
0.640152
0.640225
0.640085
0.579238
0.579339
0.579917
0.581304
0.583565
0.586596
0.590538
0.59565
0.602193
0.610335
0.618757
0.625735
0.631088
0.63515
0.638251
0.64051
0.642007
0.642678
0.642781
0.642635
0.569059
0.569141
0.56981
0.571422
0.574115
0.577763
0.582529
0.588734
0.59669
0.606587
0.616819
0.625313
0.631867
0.636882
0.64074
0.643575
0.645437
0.646253
0.646384
0.646228
0.557157
0.557223
0.557991
0.559915
0.563165
0.567606
0.573428
0.581018
0.590734
0.602773
0.615166
0.62544
0.633389
0.63952
0.644253
0.647763
0.650023
0.650988
0.651141
0.650971
0.542987
0.543042
0.543952
0.54629
0.550274
0.555759
0.562958
0.572326
0.584245
0.598887
0.613841
0.626188
0.635741
0.643147
0.648904
0.653167
0.655857
0.656967
0.657135
0.656948
0.525788
0.525831
0.526954
0.529875
0.534867
0.541764
0.550799
0.562487
0.57719
0.594995
0.61294
0.627648
0.639015
0.647864
0.65476
0.659866
0.663
0.66424
0.664412
0.664205
0.504417
0.504458
0.505927
0.509724
0.516169
0.525055
0.536608
0.551354
0.569562
0.591165
0.612559
0.629915
0.6433
0.65375
0.66187
0.667893
0.671452
0.672789
0.672947
0.672718
0.477158
0.477218
0.47927
0.48448
0.493168
0.504975
0.520075
0.538888
0.56148
0.587575
0.612862
0.633112
0.648662
0.660825
0.670282
0.67721
0.681126
0.6825
0.682624
0.682373
0.44098
0.441139
0.444391
0.452209
0.464689
0.480953
0.501106
0.525257
0.553216
0.584496
0.614062
0.637372
0.65518
0.669126
0.67995
0.687693
0.691829
0.693151
0.693216
0.692946
0.390123
0.39109
0.397552
0.410721
0.429792
0.452948
0.480071
0.510975
0.545269
0.582313
0.616394
0.642833
0.662909
0.678601
0.690732
0.699101
0.703246
0.704411
0.704402
0.704118
0.315712
0.322921
0.337872
0.361051
0.389957
0.422341
0.45798
0.496655
0.537975
0.581288
0.620248
0.650082
0.672636
0.690255
0.703736
0.712604
0.716656
0.71765
0.717594
0.717347
0.235667
0.252751
0.276988
0.310839
0.349952
0.391706
0.435951
0.482621
0.53141
0.581721
0.626501
0.660603
0.686277
0.706279
0.721421
0.730671
0.734349
0.735081
0.735042
0.73489
0.168963
0.189097
0.221018
0.263927
0.312069
0.362656
0.415241
0.469745
0.525841
0.582951
0.633308
0.671415
0.700007
0.722088
0.73832
0.747553
0.750948
0.751602
0.751609
0.751507
0.114327
0.136112
0.173532
0.222853
0.278127
0.336159
0.39613
0.457837
0.520826
0.584426
0.640084
0.681948
0.713188
0.737055
0.754327
0.76378
0.767248
0.767965
0.767995
0.767929
0.0688195
0.0917877
0.132989
0.187405
0.248419
0.312605
0.378926
0.447039
0.51633
0.585994
0.646667
0.692086
0.725826
0.751466
0.769785
0.779925
0.783651
0.784294
0.784359
0.784323
0.0301813
0.0538237
0.0978837
0.156345
0.222182
0.291603
0.363436
0.437241
0.512278
0.587592
0.653007
0.701818
0.737982
0.765373
0.784808
0.79564
0.799662
0.800361
0.800449
0.80044
-0.00360409
0.0204854
0.0668146
0.128601
0.198513
0.272486
0.349211
0.428157
0.50848
0.589076
0.658977
0.711017
0.749481
0.778535
0.799022
0.810512
0.814888
0.815737
0.815874
0.815887
-0.0340246
-0.00953952
0.0386404
0.103273
0.1767
0.254662
0.335772
0.419406
0.504629
0.590207
0.664379
0.719494
0.760119
0.790663
0.812155
0.824232
0.828943
0.829991
0.830123
0.830133
-0.0620357
-0.0371905
0.0125656
0.0796541
0.156176
0.237673
0.322724
0.410653
0.500462
0.590783
0.669076
0.727132
0.769781
0.801681
0.824037
0.836618
0.84161
0.842799
0.842932
0.842931
-0.0884316
-0.0631805
-0.0119234
0.057233
0.136522
0.221169
0.309785
0.401668
0.495779
0.59065
0.672972
0.733907
0.778492
0.811667
0.83469
0.847642
0.852814
0.854093
0.854224
0.854208
-0.113582
-0.0879077
-0.0354521
0.0357072
0.117433
0.204909
0.296755
0.392278
0.490433
0.589703
0.676013
0.739831
0.786314
0.820658
0.84426
0.857414
0.862667
0.86399
0.864093
0.864052
-0.137897
-0.111666
-0.0581835
0.0148085
0.0987095
0.188722
0.2835
0.382372
0.484326
0.587854
0.678162
0.74493
0.79335
0.828803
0.852872
0.866107
0.871383
0.872705
0.872784
0.872719
-0.161505
-0.134878
-0.080223
-0.00562307
0.0802243
0.172513
0.269941
0.371888
0.477398
0.585046
0.679388
0.749242
0.79971
0.836298
0.860759
0.873976
0.879168
0.880427
0.880497
0.880411
-0.184539
-0.157389
-0.101711
-0.0256685
0.0619229
0.156243
0.256052
0.360797
0.469616
0.581226
0.679649
0.752798
0.805504
0.843305
0.868091
0.881161
0.886183
0.887344
0.887353
0.887242
-0.207127
-0.1794
-0.122726
-0.0453602
0.0437771
0.139908
0.241844
0.349114
0.460978
0.576364
0.678902
0.755591
0.810825
0.849979
0.875009
0.887777
0.892478
0.893474
0.893422
0.893287
-0.229285
-0.200899
-0.143296
-0.0647006
0.025815
0.123535
0.22736
0.33688
0.451509
0.570435
0.677087
0.75758
0.815727
0.856493
0.881711
0.893939
0.898131
0.898886
0.898774
0.898621
-0.25086
-0.221848
-0.163357
-0.0836692
0.00806745
0.107187
0.212655
0.324165
0.441264
0.56346
0.674138
0.75869
0.820204
0.863005
0.88849
0.899913
0.903271
0.903645
0.903463
0.903309
-0.271831
-0.242225
-0.182897
-0.102219
-0.00941143
0.0909194
0.197818
0.311043
0.430316
0.555465
0.670003
0.758797
0.824172
0.869601
0.895739
0.906213
0.908219
0.907845
0.90754
0.907437
-0.292266
-0.261993
-0.201891
-0.12032
-0.0265609
0.0748132
0.182933
0.297615
0.418755
0.54651
0.664633
0.757752
0.827448
0.876188
0.903808
0.913711
0.913878
0.911886
0.911145
0.911324
-0.311994
-0.281132
-0.220285
-0.137912
-0.043323
0.05895
0.168094
0.283992
0.406696
0.536688
0.658013
0.755382
0.829747
0.882404
0.912663
0.923395
0.922225
0.917793
0.915091
0.914624
-0.33111
-0.299631
-0.238096
-0.155026
-0.0597311
0.0432874
0.153246
0.270117
0.394072
0.525925
0.650007
0.751413
0.830752
0.887717
0.921648
0.935515
0.935655
0.929333
0.921035
0.906941
-0.349539
-0.317476
-0.255441
-0.171859
-0.0760678
0.0274974
0.13798
0.255514
0.380356
0.513596
0.63998
0.745074
0.829896
0.891391
0.929033
0.947835
0.949993
0.937526
0.917798
0.906035
-0.367107
-0.334802
-0.272126
-0.188208
-0.0919862
0.0119213
0.122519
0.240507
0.36585
0.499954
0.62799
0.735882
0.826342
0.892273
0.930585
0.949203
0.954132
0.93094
0.863221
0.832814
-0.383145
-0.352851
-0.287821
-0.203572
-0.106705
-0.00294069
0.107177
0.225321
0.350768
0.485117
0.613964
0.723514
0.818661
0.889695
0.921329
0.934476
0.923949
0.869804
0.800704
0.758186
-0.438813
-0.368779
-0.302076
-0.219067
-0.121837
-0.0185464
0.091887
0.209675
0.334739
0.468621
0.597296
0.707311
0.802988
0.880567
0.88543
0.88816
0.838576
0.768225
0.691537
0.64885
-0.400229
-0.384165
-0.323379
-0.239476
-0.144184
-0.0409619
0.068449
0.185574
0.30962
0.442038
0.568731
0.676986
0.764695
0.846872
0.833732
0.720324
0.614967
0.541642
0.468152
0.498647
-0.431248
-0.401847
-0.340122
-0.257024
-0.16174
-0.0586599
0.0510118
0.167491
0.290452
0.421041
0.544899
0.64893
0.727351
0.771154
0.722651
0.573594
0.445579
0.354046
0.2552
0.305241
-0.455155
-0.422815
-0.359838
-0.276566
-0.181176
-0.0781968
0.0313907
0.14703
0.268578
0.396739
0.51686
0.61472
0.684296
0.693759
0.5872
0.414207
0.261382
0.142452
0.0112366
0.0440038
-0.478568
-0.444679
-0.380504
-0.296305
-0.200813
-0.0979754
0.0110934
0.125765
0.245708
0.371068
0.486527
0.576611
0.630911
0.609114
0.45063
0.254326
0.0640095
-0.10392
-0.292513
-0.310945
-0.501395
-0.467044
-0.401962
-0.316976
-0.221318
-0.118688
-0.0102615
0.103323
0.221406
0.343569
0.453659
0.535973
0.571017
0.513124
0.320768
0.110387
-0.106773
-0.29596
-0.537897
-0.836149
-0.524528
-0.490162
-0.424521
-0.339029
-0.243164
-0.140687
-0.0328273
0.0796375
0.195755
0.314463
0.418869
0.492984
0.507183
0.398209
0.207853
-0.00185693
-0.205983
-0.378149
-0.447241
-0.526431
-0.548927
-0.514485
-0.44853
-0.362786
-0.26685
-0.164614
-0.0574118
0.0537642
0.1676
0.282332
0.380707
0.443876
0.433275
0.29069
0.10759
-0.0831032
-0.245719
-0.338447
-0.362467
-0.378384
-0.574901
-0.540323
-0.474161
-0.38833
-0.292505
-0.190681
-0.0843713
0.0252177
0.136358
0.246475
0.338309
0.387517
0.359342
0.190954
0.0167718
-0.14883
-0.275166
-0.314082
-0.326948
-0.328274
-0.602655
-0.567855
-0.501483
-0.415657
-0.320082
-0.21889
-0.113723
-0.00604885
0.101965
0.2069
0.291252
0.326176
0.278798
0.0988922
-0.0661932
-0.214454
-0.290501
-0.307512
-0.308783
-0.30858
-0.632254
-0.597147
-0.530518
-0.444765
-0.349595
-0.249231
-0.14547
-0.0400477
0.0644349
0.163674
0.239656
0.263109
0.179777
0.0148258
-0.141886
-0.264017
-0.300586
-0.29887
-0.29785
-0.297213
-0.663416
-0.628017
-0.561166
-0.475568
-0.380957
-0.281647
-0.179577
-0.0767481
0.0238107
0.116901
0.184321
0.19083
0.0895068
-0.063443
-0.201863
-0.276877
-0.287329
-0.29011
-0.290854
-0.290548
-0.69559
-0.660031
-0.593175
-0.507838
-0.413983
-0.315982
-0.215889
-0.116013
-0.0197167
0.0669301
0.125696
0.117019
0.00814035
-0.129487
-0.24509
-0.276151
-0.284599
-0.286174
-0.286057
-0.285805
-0.728314
-0.692634
-0.626103
-0.541182
-0.44833
-0.351913
-0.254123
-0.15755
-0.0658576
0.0144364
0.0627681
0.0464425
-0.0674211
-0.182709
-0.274792
-0.290742
-0.283061
-0.282248
-0.282283
-0.282129
-0.760693
-0.7251
-0.659059
-0.575018
-0.483456
-0.388968
-0.293829
-0.200869
-0.114136
-0.0399366
-0.00143889
-0.0194055
-0.135674
-0.223206
-0.273528
-0.285706
-0.282816
-0.28124
-0.280627
-0.280405
-0.791154
-0.756255
-0.691085
-0.608425
-0.5186
-0.426453
-0.334354
-0.245273
-0.163728
-0.0955504
-0.0604552
-0.0929278
-0.195987
-0.26252
-0.259041
-0.278554
-0.283828
-0.282037
-0.281182
-0.2807
-0.818103
-0.784302
-0.721057
-0.640205
-0.55273
-0.463443
-0.374837
-0.289904
-0.213463
-0.151461
-0.116897
-0.163921
-0.257094
-0.303904
-0.305388
-0.301262
-0.295161
-0.290948
-0.28935
-0.288504
-0.839421
-0.807347
-0.746985
-0.668967
-0.584586
-0.498797
-0.414201
-0.333733
-0.262136
-0.206192
-0.174533
-0.219768
-0.313025
-0.413708
-0.413115
-0.365474
-0.330177
-0.316975
-0.311604
-0.309018
-0.852876
-0.823517
-0.766873
-0.692873
-0.612676
-0.531232
-0.451242
-0.375565
-0.308663
-0.257698
-0.228117
-0.257555
-0.332391
-0.486666
-0.455225
-0.380865
-0.353005
-0.340036
-0.332735
-0.3307
-0.855846
-0.830562
-0.778844
-0.710097
-0.635332
-0.559359
-0.484689
-0.414199
-0.351837
-0.303961
-0.268106
-0.255223
-0.241668
-0.344125
-0.320492
-0.302766
-0.301078
-0.299767
-0.299607
-0.299536
-0.846152
-0.825786
-0.780729
-0.719054
-0.651103
-0.581754
-0.513302
-0.448403
-0.390505
-0.344924
-0.295519
-0.222943
-0.044791
0.157637
0.0153656
-0.138293
-0.221354
-0.253237
-0.266408
-0.269683
-0.821749
-0.8064
-0.770706
-0.718541
-0.659023
-0.597405
-0.535951
-0.477105
-0.42439
-0.382427
-0.326383
-0.249285
-0.0155515
0.246989
0.0321143
-0.192141
-0.301738
-0.343837
-0.360617
-0.367425
-0.785151
-0.775249
-0.749544
-0.708687
-0.659047
-0.606028
-0.551995
-0.499401
-0.452757
-0.417128
-0.387432
-0.463055
-0.720775
-1.07458
-1.14639
-0.915982
-0.736775
-0.659397
-0.641402
-0.638693
-0.743024
-0.737432
-0.722085
-0.692247
-0.652986
-0.608257
-0.56128
-0.514546
-0.4724
-0.444543
-0.435955
-0.675831
-1.11212
-1.53845
-1.48569
-1.11636
-0.903842
-0.817777
-0.77654
-0.764396
-0.705147
-0.701823
-0.694512
-0.674606
-0.64363
-0.605769
-0.564375
-0.521221
-0.4806
-0.449315
-0.445366
-0.495269
-0.507017
-0.482259
-0.424343
-0.463497
-0.554763
-0.536709
-0.503165
-0.499888
-0.678198
-0.676175
-0.672598
-0.660086
-0.635218
-0.601543
-0.562841
-0.520159
-0.475971
-0.433439
-0.414712
-0.37991
-0.333565
-0.302396
-0.330084
-0.423159
-0.510002
-0.484757
-0.406079
-0.364031
-0.657724
-0.656969
-0.655881
-0.649696
-0.630276
-0.598754
-0.559436
-0.514696
-0.464985
-0.416432
-0.381093
-0.359236
-0.215571
-0.0332602
0.130649
0.216009
0.237341
0.244738
0.261097
0.275236
-0.646008
-0.64563
-0.645043
-0.642459
-0.628414
-0.597707
-0.55553
-0.505756
-0.450845
-0.388455
-0.327228
-0.264662
-0.0733978
0.187037
0.426228
0.594255
0.670599
0.717822
0.74197
0.749575
-0.63896
-0.638695
-0.63811
-0.637847
-0.629335
-0.598886
-0.552394
-0.496985
-0.431789
-0.355448
-0.274911
-0.177938
0.0405049
0.302935
0.537489
0.712332
0.843502
0.952866
1.02778
1.05825
-0.635146
-0.635361
-0.635909
-0.637428
-0.631978
-0.601878
-0.551164
-0.489285
-0.414801
-0.329337
-0.229132
-0.126631
0.111507
0.404767
0.689405
0.938293
1.13333
1.27444
1.35906
1.38967
-0.628951
-0.6299
-0.632159
-0.634882
-0.630572
-0.602247
-0.551576
-0.485129
-0.403246
-0.305378
-0.199948
-0.107712
0.116277
0.417809
0.751328
1.04853
1.2819
1.43115
1.50285
1.52379
-0.623784
-0.622913
-0.617842
-0.6093
-0.605008
-0.594767
-0.556502
-0.487826
-0.39855
-0.294136
-0.186336
-0.0803657
0.0819016
0.39038
0.686536
0.952004
1.16328
1.29126
1.34923
1.36443
-0.652068
-0.64649
-0.628424
-0.604313
-0.598818
-0.609371
-0.577929
-0.499171
-0.398527
-0.287429
-0.180171
-0.074311
0.0536607
0.284806
0.541225
0.760198
0.928947
1.02668
1.06905
1.07885
-0.734286
-0.734273
-0.739052
-0.751262
-0.746469
-0.725997
-0.634524
-0.518223
-0.399314
-0.28318
-0.177787
-0.0814595
0.0124191
0.175736
0.380039
0.548437
0.679956
0.751908
0.781541
0.785927
-0.854003
-0.872533
-0.910415
-0.936664
-0.925672
-0.853314
-0.693015
-0.531013
-0.394255
-0.27584
-0.1791
-0.0994451
-0.0344594
0.0819454
0.232954
0.35933
0.455247
0.505485
0.524593
0.525579
-0.871898
-0.892258
-0.927343
-0.952674
-0.937913
-0.84797
-0.671304
-0.504749
-0.370111
-0.260233
-0.176383
-0.112992
-0.0665602
0.0109919
0.116388
0.205007
0.267976
0.300648
0.311308
0.312163
-0.681322
-0.702124
-0.735484
-0.762538
-0.752483
-0.668801
-0.540522
-0.41945
-0.316708
-0.230838
-0.1646
-0.1164
-0.0800209
-0.0301732
0.0312942
0.0839695
0.120241
0.136686
0.1425
0.141631
-0.35505
-0.367099
-0.388907
-0.412867
-0.421586
-0.397195
-0.350865
-0.296513
-0.243321
-0.191045
-0.146108
-0.110865
-0.0831864
-0.0519427
-0.0220873
-0.000731526
0.0108034
0.0145334
0.0151278
0.0146834
-0.0675433
-0.0727237
-0.0866709
-0.110949
-0.140536
-0.165874
-0.17931
-0.179794
-0.168603
-0.148589
-0.126339
-0.104535
-0.0841496
-0.0703104
-0.060587
-0.0565379
-0.0588781
-0.0625457
-0.063671
-0.0639202
0.0905477
0.0879481
0.0777876
0.054204
0.0160699
-0.0276348
-0.0655334
-0.0927432
-0.107627
-0.111977
-0.110029
-0.103611
-0.094155
-0.0911301
-0.0901231
-0.0917116
-0.0962853
-0.0993784
-0.100062
-0.100246
0.143992
0.142156
0.134181
0.114486
0.0810877
0.0397886
-0.00143874
-0.0367412
-0.0636216
-0.0832244
-0.100177
-0.116438
-0.125554
-0.118644
-0.109627
-0.107458
-0.107607
-0.108924
-0.109146
-0.10951
0.146392
0.145009
0.139218
0.124852
0.100024
0.0677579
0.0323781
-0.00157498
-0.0319868
-0.0601028
-0.092258
-0.136211
-0.159955
-0.141563
-0.12129
-0.110081
-0.105797
-0.104688
-0.104348
-0.104581
0.130982
0.130037
0.126144
0.116401
0.0991874
0.0757856
0.0482769
0.0198633
-0.00800514
-0.0369574
-0.072851
-0.121821
-0.146726
-0.121069
-0.0988975
-0.0896661
-0.0873097
-0.0873035
-0.0872857
-0.0874374
0.112116
0.111543
0.109091
0.102815
0.0914031
0.0752889
0.0554847
0.0340271
0.0121652
-0.0102131
-0.037089
-0.0696507
-0.0780199
-0.0613694
-0.0514169
-0.050702
-0.0539063
-0.0563212
-0.0568999
-0.0568735
0.0944889
0.0942104
0.0927954
0.0889906
0.0817998
0.071318
0.0581006
0.0436172
0.0294937
0.0171258
0.00825956
0.00199923
0.00894333
0.016266
0.0108717
0.00248628
-0.00484109
-0.0083215
-0.00904856
-0.00910436
0.079063
0.0789404
0.078229
0.0761148
0.071919
0.0656309
0.0577099
0.0494885
0.0431006
0.0422059
0.0521271
0.0722128
0.0982264
0.0909701
0.0738472
0.0593493
0.0508904
0.0487158
0.0470716
0.0466472
0.0653038
0.0653103
0.065054
0.0640716
0.0619431
0.0586765
0.0547582
0.0515095
0.0515436
0.0599692
0.0838738
0.120223
0.152574
0.14172
0.120334
0.104868
0.0977707
0.0953891
0.0945774
0.0937911
0.0524042
0.0524914
0.0525134
0.0522597
0.0514945
0.050239
0.0490581
0.0492418
0.053537
0.0675063
0.0981514
0.139269
0.170862
0.160758
0.141919
0.131629
0.127699
0.126731
0.125354
0.124128
0.0398142
0.0399324
0.0400993
0.0402503
0.0402678
0.0402468
0.0406578
0.0427026
0.048838
0.0643442
0.0946134
0.131857
0.15567
0.146607
0.134843
0.130377
0.131268
0.132013
0.13068
0.129446
0.0272119
0.0273066
0.0274801
0.027813
0.0282244
0.0287813
0.0298024
0.0323029
0.0381748
0.0515173
0.0762994
0.103918
0.118273
0.10959
0.105229
0.106992
0.111331
0.112721
0.111507
0.110371
0.0147844
0.0148446
0.0149819
0.0152812
0.015715
0.0162768
0.0171722
0.0189598
0.0228702
0.0312618
0.0465968
0.0632665
0.0689471
0.0623124
0.0623613
0.0668621
0.0717405
0.0742038
0.0730256
0.0717959
0.0027472
0.00276539
0.00276915
0.00283758
0.00307455
0.00321544
0.00336335
0.00363071
0.00410438
0.0050845
0.007196
0.0105203
0.0134785
0.0158838
0.0155549
0.016661
0.0172591
0.0129037
0.0128621
0.0133002
-0.0641087
0.102659
0.297377
0.467309
0.603069
0.709955
0.798327
0.873561
0.907837
0.884565
0.238298
0.358907
0.488669
0.600801
0.69529
0.773462
0.836754
0.881696
0.904193
0.916303
0.456938
0.539675
0.628371
0.70669
0.774039
0.830388
0.875209
0.907968
0.931665
0.94967
0.6176
0.676823
0.738396
0.795438
0.845051
0.887191
0.921814
0.949446
0.972223
0.990537
0.742947
0.786027
0.83196
0.875731
0.914407
0.948198
0.97713
1.00122
1.0216
1.03944
0.847211
0.880069
0.918164
0.953691
0.986308
1.01555
1.04111
1.0626
1.08045
1.0978
0.939727
0.968411
1.00237
1.0345
1.06444
1.09162
1.11536
1.13508
1.15059
1.16767
1.0283
1.0575
1.0915
1.12354
1.15314
1.17973
1.20259
1.22108
1.23445
1.25149
1.1236
1.15681
1.19345
1.22703
1.25707
1.28326
1.30521
1.32249
1.33436
1.35176
1.23859
1.27642
1.31506
1.34931
1.37865
1.4034
1.42377
1.43966
1.45113
1.4692
1.38353
1.42208
1.45822
1.4889
1.51458
1.53667
1.55573
1.57126
1.58369
1.60168
1.55861
1.59023
1.61641
1.63886
1.65883
1.67755
1.69527
1.71175
1.7271
1.74516
1.74722
1.76442
1.77946
1.79569
1.81159
1.82613
1.83933
1.85326
1.8708
1.89095
1.92894
1.93848
1.95002
1.96083
1.97011
1.9797
1.99048
2.00184
2.01321
2.02856
2.13618
2.13984
2.12489
2.11008
2.10381
2.10948
2.12796
2.15827
2.19045
2.2171
2.4425
2.30763
2.23099
2.18861
2.17119
2.17515
2.20255
2.25897
2.36158
2.58595
0.746565
0.744436
0.739953
0.731328
0.719104
0.706976
0.696747
0.688853
0.683238
0.679988
0.679638
0.68238
0.687486
0.694711
0.704099
0.715639
0.72829
0.739324
0.745436
0.74849
0.671017
0.676864
0.683197
0.687689
0.690159
0.689835
0.687098
0.68329
0.679782
0.677526
0.677384
0.679585
0.68325
0.68754
0.691347
0.693231
0.692294
0.688812
0.683649
0.677028
0.66259
0.664886
0.66829
0.671286
0.673361
0.674857
0.675612
0.675297
0.674274
0.673395
0.673575
0.675005
0.676822
0.678128
0.678308
0.677418
0.675868
0.673531
0.670268
0.667347
0.657077
0.658163
0.659996
0.662373
0.664396
0.665824
0.666844
0.667597
0.668001
0.668228
0.668723
0.669533
0.670132
0.670199
0.669786
0.668936
0.667466
0.665381
0.663294
0.661911
0.651871
0.652533
0.653641
0.655345
0.657125
0.658756
0.660052
0.661068
0.661953
0.662748
0.663482
0.664036
0.664229
0.664062
0.663493
0.662437
0.661008
0.659463
0.658144
0.657364
0.646891
0.647351
0.648137
0.649433
0.650919
0.652434
0.653898
0.655197
0.656335
0.657394
0.658314
0.658883
0.659028
0.658752
0.658052
0.657061
0.655933
0.654799
0.653883
0.653366
0.642057
0.642402
0.643012
0.644078
0.64537
0.646742
0.648179
0.649624
0.650998
0.652282
0.653396
0.654088
0.654263
0.653985
0.653382
0.652603
0.651749
0.650881
0.650207
0.649829
0.637316
0.637584
0.638076
0.638983
0.640149
0.641443
0.642835
0.644321
0.645862
0.647384
0.648735
0.649604
0.649902
0.649777
0.649379
0.648815
0.648163
0.647522
0.647029
0.64674
0.632586
0.632799
0.633208
0.634004
0.635089
0.636334
0.637715
0.639247
0.640917
0.642674
0.644307
0.645432
0.645965
0.646077
0.645906
0.645559
0.645111
0.64466
0.644307
0.64408
0.627779
0.627951
0.628301
0.629023
0.630062
0.631284
0.632691
0.634305
0.636129
0.638136
0.640107
0.641582
0.642432
0.642825
0.642901
0.64278
0.642542
0.642261
0.642022
0.641842
0.622809
0.622947
0.623256
0.623933
0.624955
0.6262
0.627672
0.629409
0.63144
0.633752
0.636135
0.638047
0.639277
0.639996
0.640353
0.640469
0.64044
0.640322
0.640181
0.640036
0.617586
0.617698
0.617979
0.618637
0.619675
0.620988
0.622569
0.624484
0.626788
0.629487
0.632379
0.634815
0.636493
0.637589
0.638263
0.638641
0.638818
0.638868
0.638813
0.638695
0.612018
0.612106
0.612371
0.613033
0.614125
0.615548
0.617292
0.619452
0.622106
0.625298
0.628816
0.631882
0.634089
0.635621
0.636649
0.637331
0.637745
0.637949
0.637968
0.637872
0.605996
0.606063
0.606321
0.607011
0.608194
0.609774
0.611746
0.614229
0.617333
0.62114
0.625422
0.629246
0.632081
0.634124
0.635561
0.636579
0.637252
0.637623
0.637713
0.637634
0.599393
0.599441
0.599701
0.600441
0.601755
0.603548
0.60582
0.608719
0.612391
0.616959
0.622172
0.626907
0.630492
0.633139
0.635053
0.636447
0.63742
0.637971
0.638131
0.638066
0.592059
0.59209
0.592354
0.593166
0.594657
0.596728
0.599385
0.602812
0.607197
0.612703
0.619049
0.624879
0.629354
0.632712
0.635192
0.637032
0.638346
0.63909
0.63932
0.639266
0.583803
0.58382
0.584086
0.584997
0.586719
0.589134
0.592287
0.596384
0.60166
0.60832
0.616041
0.623183
0.628713
0.632908
0.636057
0.638436
0.640133
0.641087
0.641387
0.641341
0.574315
0.574302
0.57463
0.575679
0.577687
0.580556
0.584342
0.589286
0.595677
0.603765
0.613153
0.621855
0.628628
0.633807
0.637739
0.640745
0.642885
0.644074
0.644447
0.644406
0.563315
0.563277
0.563649
0.564892
0.567271
0.570726
0.575318
0.581335
0.589125
0.598971
0.610372
0.620926
0.629158
0.635494
0.640347
0.644075
0.646727
0.648167
0.648611
0.648571
0.550325
0.55026
0.55071
0.552205
0.555068
0.55929
0.564927
0.572323
0.58188
0.593895
0.607716
0.620452
0.63038
0.63805
0.643977
0.648537
0.651761
0.653467
0.653977
0.653934
0.534704
0.534609
0.535183
0.537028
0.540541
0.545784
0.552808
0.562006
0.573818
0.58852
0.605236
0.620509
0.632378
0.641562
0.648722
0.654221
0.658075
0.660049
0.660613
0.660562
0.515514
0.515393
0.516167
0.518527
0.522957
0.529623
0.538542
0.550146
0.564863
0.582883
0.603021
0.621198
0.635249
0.646136
0.654645
0.661196
0.665712
0.667937
0.668535
0.668466
0.491366
0.491228
0.492332
0.495486
0.501295
0.510041
0.521646
0.536518
0.554986
0.577066
0.601195
0.62263
0.639081
0.651825
0.661788
0.669485
0.674648
0.677075
0.677674
0.67758
0.459952
0.459834
0.461547
0.466079
0.474181
0.486159
0.501702
0.521064
0.544332
0.571291
0.599971
0.62497
0.643975
0.658686
0.670196
0.679051
0.684766
0.687298
0.687855
0.687729
0.417144
0.417186
0.420235
0.427635
0.439981
0.457236
0.478606
0.504015
0.53327
0.565936
0.599643
0.628404
0.650033
0.666749
0.679815
0.689752
0.695828
0.698311
0.698773
0.698613
0.355226
0.356414
0.363869
0.377665
0.397762
0.423407
0.45298
0.486089
0.522421
0.56144
0.600466
0.633067
0.657309
0.675963
0.69047
0.701256
0.70744
0.709635
0.709929
0.709744
0.281743
0.283478
0.297747
0.32144
0.352407
0.387956
0.426484
0.467811
0.511748
0.557803
0.603023
0.640393
0.668044
0.689198
0.70551
0.717232
0.723429
0.725435
0.725694
0.725603
0.205878
0.21201
0.233089
0.266967
0.308297
0.353465
0.400921
0.450531
0.50217
0.555382
0.606984
0.6493
0.68048
0.704302
0.722609
0.735092
0.740918
0.742496
0.742685
0.742655
0.143816
0.15224
0.177876
0.218742
0.268182
0.321561
0.377062
0.434414
0.4934
0.553508
0.611244
0.658231
0.692686
0.718849
0.738596
0.751572
0.757365
0.758775
0.759026
0.759058
0.0933243
0.102343
0.131518
0.177604
0.233177
0.293174
0.355489
0.419695
0.485401
0.55197
0.615508
0.666919
0.704415
0.732747
0.753989
0.76756
0.773366
0.775119
0.775457
0.775534
0.051033
0.0603361
0.0919596
0.142039
0.202646
0.26814
0.336233
0.406425
0.478165
0.550685
0.619676
0.675281
0.71569
0.746124
0.76877
0.783231
0.789543
0.791596
0.791965
0.792051
0.0145902
0.0240095
0.0574784
0.110758
0.175522
0.245702
0.318828
0.394323
0.471534
0.549559
0.623677
0.683268
0.726461
0.75892
0.78298
0.798362
0.805293
0.807514
0.807933
0.808002
-0.0176688
-0.0082061
0.0266811
0.0826634
0.150913
0.225131
0.302714
0.382985
0.465208
0.548354
0.627315
0.690692
0.736532
0.770875
0.796263
0.812516
0.820036
0.822453
0.822907
0.822972
-0.0470178
-0.037507
-0.00145407
0.0568706
0.128104
0.205859
0.287401
0.372002
0.458847
0.546812
0.630393
0.697398
0.745739
0.78181
0.808385
0.825352
0.833445
0.836047
0.836518
0.836566
-0.0743211
-0.0647549
-0.0276607
0.0326502
0.106557
0.187443
0.272524
0.361064
0.452201
0.544728
0.632767
0.703296
0.754026
0.791736
0.819336
0.836888
0.845363
0.848105
0.848598
0.848625
-0.100135
-0.0905042
-0.05244
0.00956006
0.0858815
0.169552
0.257823
0.349958
0.445081
0.541945
0.63433
0.708348
0.761427
0.800676
0.829202
0.847216
0.855842
0.858692
0.859193
0.859187
-0.124962
-0.115163
-0.0762481
-0.0126414
0.0658075
0.151963
0.243113
0.338529
0.437361
0.538355
0.635013
0.712546
0.768
0.808748
0.838083
0.856395
0.865103
0.867958
0.868461
0.868432
-0.149031
-0.139005
-0.0993388
-0.0341813
0.046152
0.134529
0.228275
0.326685
0.428955
0.533888
0.634759
0.715881
0.773811
0.816089
0.846161
0.864679
0.873368
0.876177
0.876639
0.87658
-0.17245
-0.162212
-0.121738
-0.0552096
0.0268102
0.117181
0.213253
0.31438
0.419823
0.52848
0.633512
0.718358
0.778934
0.822851
0.853657
0.872273
0.88083
0.883529
0.883934
0.883856
-0.195377
-0.184835
-0.143602
-0.0757931
0.00773768
0.0998838
0.198032
0.301607
0.409954
0.522112
0.631226
0.719957
0.783428
0.829171
0.86072
0.879297
0.887621
0.890129
0.890442
0.890328
-0.217775
-0.206952
-0.164979
-0.0959679
-0.0110731
0.0826471
0.182641
0.288397
0.39937
0.514775
0.627859
0.720625
0.787317
0.835175
0.867526
0.885896
0.893773
0.895992
0.896188
0.896051
-0.239701
-0.228568
-0.185805
-0.115721
-0.0296035
0.0655033
0.167121
0.274809
0.388123
0.50649
0.623374
0.720294
0.790578
0.840964
0.874293
0.892296
0.899438
0.901185
0.901234
0.901074
-0.260981
-0.249607
-0.206074
-0.135011
-0.0478068
0.0485222
0.151537
0.260913
0.376285
0.497311
0.61775
0.718876
0.793126
0.846571
0.881276
0.898892
0.904913
0.905837
0.905637
0.905467
-0.281755
-0.270032
-0.225775
-0.153818
-0.0656522
0.0317422
0.135979
0.246787
0.363941
0.487318
0.610996
0.716265
0.794811
0.851907
0.888661
0.906259
0.910862
0.910297
0.909472
0.909292
-0.301858
-0.289817
-0.244877
-0.172097
-0.0830608
0.0152474
0.120528
0.232553
0.351201
0.476574
0.603148
0.712359
0.79543
0.856722
0.896373
0.915013
0.918598
0.915782
0.913256
0.912274
-0.321351
-0.309004
-0.263324
-0.189797
-0.0999961
-0.000892857
0.105267
0.218289
0.338175
0.465216
0.594273
0.707056
0.794746
0.860604
0.903879
0.925192
0.929663
0.925447
0.918925
0.91043
-0.34015
-0.32755
-0.281211
-0.207071
-0.116665
-0.0169501
0.0898673
0.203602
0.324421
0.452748
0.583845
0.699804
0.79226
0.863172
0.910486
0.936036
0.944316
0.940469
0.930214
0.924719
-0.358207
-0.345379
-0.298523
-0.22389
-0.133073
-0.0329191
0.074341
0.188471
0.309894
0.439051
0.571664
0.690214
0.787186
0.863623
0.914181
0.943161
0.953834
0.954112
0.916351
0.864475
-0.375228
-0.361711
-0.315118
-0.240181
-0.149319
-0.0489531
0.0586361
0.173013
0.294646
0.424179
0.557652
0.678039
0.778407
0.861351
0.912728
0.937306
0.947872
0.929524
0.872943
0.810748
-0.391539
-0.377112
-0.330865
-0.255232
-0.164924
-0.0645917
0.0425281
0.157279
0.278824
0.408298
0.54183
0.663038
0.764683
0.85692
0.903633
0.942195
0.906511
0.857661
0.78631
0.719291
-0.377531
-0.359319
-0.308982
-0.228974
-0.13256
-0.0292446
0.0832075
0.200785
0.32555
0.459031
0.58733
0.697235
0.79142
0.888035
0.923098
0.841181
0.788428
0.721158
0.647317
0.598985
-0.401843
-0.385531
-0.349342
-0.278824
-0.188895
-0.089647
0.0177765
0.131963
0.252866
0.381294
0.513317
0.633316
0.733154
0.817495
0.891464
0.879344
0.754023
0.667361
0.602422
0.519513
-0.421779
-0.406134
-0.364328
-0.292491
-0.202054
-0.103192
0.00312787
0.116409
0.236378
0.363451
0.493885
0.611971
0.70864
0.781569
0.807547
0.727251
0.584999
0.487404
0.411001
0.323108
-0.442219
-0.429617
-0.383314
-0.310323
-0.219809
-0.120516
-0.0142226
0.0987708
0.217863
0.343459
0.471123
0.58471
0.671994
0.731048
0.707263
0.573852
0.420524
0.302066
0.203342
0.0675955
-0.46583
-0.452828
-0.404374
-0.330156
-0.239457
-0.140057
-0.033885
0.0785494
0.196555
0.320272
0.444544
0.552577
0.630786
0.668505
0.608926
0.425184
0.243614
0.0907497
-0.0496221
-0.245613
-0.488477
-0.475786
-0.426143
-0.350634
-0.259479
-0.160124
-0.0543432
0.0572552
0.173912
0.295348
0.415737
0.517462
0.588361
0.590741
0.48166
0.284088
0.0717207
-0.127604
-0.301906
-0.691821
-0.511234
-0.498874
-0.448701
-0.372252
-0.280715
-0.181329
-0.0759502
0.0347865
0.149963
0.268844
0.384931
0.479406
0.538946
0.508862
0.358058
0.158447
-0.0578361
-0.268245
-0.446206
-0.719767
-0.534953
-0.522729
-0.472304
-0.395268
-0.303471
-0.204045
-0.0990269
0.0108648
0.124489
0.240611
0.352085
0.438964
0.483541
0.436752
0.247557
0.0551202
-0.141201
-0.307059
-0.378561
-0.417143
-0.560131
-0.548028
-0.497341
-0.419984
-0.328127
-0.22884
-0.124339
-0.0155263
0.0962097
0.209068
0.315258
0.39398
0.422048
0.340679
0.149268
-0.0310189
-0.194302
-0.2998
-0.337351
-0.346471
-0.586981
-0.574886
-0.523987
-0.44642
-0.354629
-0.255667
-0.151905
-0.0444387
0.0650343
0.174113
0.274273
0.344636
0.346288
0.235652
0.0595534
-0.106929
-0.245214
-0.300095
-0.312048
-0.316935
-0.615702
-0.603505
-0.552328
-0.474597
-0.38298
-0.284532
-0.181731
-0.0759141
0.0309285
0.135771
0.229199
0.290315
0.267534
0.137522
-0.0237009
-0.180138
-0.278409
-0.30694
-0.302992
-0.302988
-0.646001
-0.633993
-0.582331
-0.504482
-0.413146
-0.31539
-0.213803
-0.109937
-0.00608855
0.0940615
0.180332
0.229991
0.198518
0.0473967
-0.0992353
-0.235941
-0.276058
-0.288521
-0.293455
-0.293639
-0.677728
-0.665721
-0.613784
-0.53591
-0.444994
-0.348139
-0.248028
-0.146426
-0.0459504
0.0491622
0.127856
0.166502
0.129117
-0.0294807
-0.165434
-0.259351
-0.303827
-0.291182
-0.288586
-0.288335
-0.710366
-0.698332
-0.646369
-0.56855
-0.478239
-0.38253
-0.284172
-0.185165
-0.0884401
0.00142373
0.072196
0.102007
0.043909
-0.0963416
-0.217643
-0.266986
-0.282659
-0.28393
-0.284314
-0.284213
-0.743185
-0.731185
-0.679274
-0.601852
-0.512426
-0.418144
-0.321878
-0.225791
-0.133175
-0.0487519
0.0146772
0.0292938
-0.0382907
-0.153907
-0.247935
-0.272438
-0.277885
-0.281287
-0.28138
-0.281387
-0.774919
-0.763372
-0.71159
-0.635126
-0.546858
-0.454373
-0.360575
-0.267742
-0.179503
-0.100831
-0.0429818
-0.0425152
-0.112259
-0.206026
-0.265187
-0.317022
-0.2927
-0.283005
-0.280704
-0.280265
-0.804122
-0.793074
-0.742295
-0.666975
-0.580586
-0.490372
-0.399492
-0.310277
-0.226546
-0.153791
-0.100532
-0.104995
-0.183328
-0.255436
-0.281305
-0.275542
-0.284861
-0.285506
-0.284447
-0.283923
-0.829099
-0.818743
-0.769447
-0.696254
-0.612371
-0.525036
-0.437623
-0.35245
-0.27328
-0.206159
-0.158455
-0.161355
-0.243035
-0.324428
-0.333453
-0.334092
-0.317055
-0.30502
-0.29958
-0.297642
-0.847483
-0.838056
-0.791074
-0.721041
-0.640736
-0.55714
-0.473786
-0.393118
-0.318634
-0.256482
-0.214595
-0.211453
-0.283441
-0.398751
-0.484533
-0.411244
-0.362073
-0.341779
-0.33132
-0.325624
-0.85722
-0.848622
-0.8051
-0.739429
-0.663896
-0.585165
-0.506733
-0.431002
-0.361406
-0.303507
-0.264509
-0.246967
-0.280968
-0.359191
-0.423066
-0.375292
-0.343699
-0.33052
-0.323945
-0.320938
-0.853996
-0.846955
-0.809879
-0.749544
-0.680154
-0.607602
-0.535088
-0.464947
-0.400408
-0.346215
-0.305054
-0.260775
-0.198811
-0.0877169
-0.17606
-0.20086
-0.244659
-0.26573
-0.274372
-0.277386
-0.836428
-0.83161
-0.802506
-0.750037
-0.688228
-0.623183
-0.55762
-0.493719
-0.434679
-0.384381
-0.341513
-0.277257
-0.108973
0.174528
0.289637
0.00764425
-0.179591
-0.256833
-0.282544
-0.291727
-0.805052
-0.801577
-0.781758
-0.739974
-0.687686
-0.631318
-0.573525
-0.516369
-0.463132
-0.417658
-0.38535
-0.346893
-0.312342
-0.278813
-0.344077
-0.44066
-0.471229
-0.470594
-0.477914
-0.483846
-0.764482
-0.76228
-0.750971
-0.721465
-0.679531
-0.632467
-0.58264
-0.532327
-0.484707
-0.446014
-0.421844
-0.483783
-0.820396
-1.4277
-1.65175
-1.41992
-1.07031
-0.873753
-0.794995
-0.773488
-0.723212
-0.72193
-0.716346
-0.698904
-0.667401
-0.628128
-0.5857
-0.541034
-0.497623
-0.461188
-0.451181
-0.513452
-0.716308
-0.882203
-0.867083
-0.654521
-0.580831
-0.609384
-0.630256
-0.629419
-0.69029
-0.689622
-0.686947
-0.67681
-0.654256
-0.621944
-0.584364
-0.543006
-0.500067
-0.460691
-0.43581
-0.396665
-0.407613
-0.373241
-0.403008
-0.502203
-0.628159
-0.661146
-0.61481
-0.555443
-0.667161
-0.666416
-0.665052
-0.661036
-0.645006
-0.61721
-0.581201
-0.53994
-0.494469
-0.447938
-0.405482
-0.391158
-0.337976
-0.219688
-0.122755
-0.0764228
-0.0974244
-0.110338
-0.0773245
-0.0217512
-0.651176
-0.650872
-0.650242
-0.648479
-0.639441
-0.614998
-0.578646
-0.534692
-0.485221
-0.430044
-0.378632
-0.35022
-0.243947
-0.0232977
0.205016
0.402712
0.496324
0.519662
0.53367
0.543817
-0.642025
-0.641874
-0.641397
-0.64063
-0.636742
-0.615436
-0.577181
-0.528725
-0.471688
-0.408244
-0.336252
-0.264541
-0.137069
0.11825
0.371961
0.574261
0.702152
0.795638
0.860898
0.895543
-0.636929
-0.636859
-0.636659
-0.636824
-0.636073
-0.618549
-0.577383
-0.522925
-0.459025
-0.384489
-0.29666
-0.209147
-0.0396033
0.230053
0.493354
0.72505
0.904924
1.05216
1.16314
1.22012
-0.632598
-0.632968
-0.634115
-0.636212
-0.63691
-0.621582
-0.578489
-0.520143
-0.449835
-0.363297
-0.265442
-0.165124
-0.0205367
0.263431
0.579283
0.88534
1.14393
1.32812
1.44081
1.48924
-0.624286
-0.625068
-0.625551
-0.625475
-0.624177
-0.613294
-0.578782
-0.522186
-0.444612
-0.350583
-0.24792
-0.136623
-0.00460589
0.25106
0.579424
0.881251
1.14253
1.32897
1.42893
1.46625
-0.631432
-0.630972
-0.623394
-0.604014
-0.587327
-0.593031
-0.586219
-0.531925
-0.447338
-0.345792
-0.236764
-0.125562
-0.0254931
0.199792
0.483794
0.745222
0.966195
1.11764
1.19598
1.22384
-0.687325
-0.683673
-0.67557
-0.661097
-0.654473
-0.657746
-0.636738
-0.557426
-0.454429
-0.342362
-0.23118
-0.126791
-0.0290651
0.118475
0.350985
0.561423
0.735635
0.852024
0.909048
0.92831
-0.799987
-0.798854
-0.817847
-0.849923
-0.857484
-0.833719
-0.740219
-0.596925
-0.460067
-0.338209
-0.227405
-0.133493
-0.0513975
0.0426489
0.218244
0.379937
0.513561
0.599789
0.639879
0.651984
-0.884819
-0.892906
-0.9257
-0.960328
-0.967972
-0.927875
-0.789376
-0.605921
-0.450113
-0.32547
-0.222629
-0.141511
-0.0754976
-0.015631
0.108672
0.227104
0.321077
0.380879
0.407106
0.414476
-0.800475
-0.809752
-0.840783
-0.874667
-0.885214
-0.838103
-0.697744
-0.540532
-0.404025
-0.294816
-0.207368
-0.14164
-0.090583
-0.0511651
0.0282635
0.109379
0.168235
0.203825
0.218788
0.222784
-0.520639
-0.530777
-0.554122
-0.583303
-0.599039
-0.571728
-0.493248
-0.402837
-0.318896
-0.245676
-0.182337
-0.133557
-0.0944943
-0.0643425
-0.0200302
0.020328
0.0501932
0.065878
0.0718575
0.0727714
-0.195014
-0.20035
-0.212902
-0.234381
-0.258765
-0.271279
-0.266684
-0.248157
-0.220843
-0.187473
-0.15248
-0.121104
-0.0932007
-0.0717584
-0.0503854
-0.035106
-0.0284909
-0.0280928
-0.0297646
-0.0299356
0.0293491
0.0270252
0.0201418
0.00254789
-0.0283074
-0.0669465
-0.101664
-0.125346
-0.135583
-0.133657
-0.123984
-0.110359
-0.0937556
-0.082881
-0.0789229
-0.0768634
-0.0790417
-0.0846207
-0.0867257
-0.0867284
0.127555
0.126045
0.121355
0.106451
0.0766913
0.034686
-0.00896927
-0.0466277
-0.0741287
-0.091231
-0.101172
-0.106926
-0.107134
-0.104604
-0.10163
-0.0995562
-0.102191
-0.105203
-0.106547
-0.106679
0.149452
0.148466
0.144917
0.133505
0.110236
0.0762979
0.0377123
-8.50814e-05
-0.0328217
-0.0593331
-0.0835653
-0.111294
-0.138603
-0.141002
-0.125615
-0.114056
-0.109313
-0.108673
-0.108494
-0.108496
0.139965
0.139351
0.136841
0.128888
0.112493
0.0878298
0.0578036
0.025922
-0.00485492
-0.0338338
-0.0653325
-0.107878
-0.155482
-0.151315
-0.125195
-0.10766
-0.0999817
-0.0978544
-0.0973092
-0.0972054
0.121663
0.121332
0.119694
0.114492
0.103538
0.0865216
0.0647301
0.0401325
0.0148975
-0.0104872
-0.0388053
-0.0773933
-0.115435
-0.103984
-0.0838222
-0.0740709
-0.0719295
-0.0731878
-0.0740771
-0.0741403
0.103074
0.102948
0.101968
0.098761
0.0917893
0.0805926
0.0657234
0.048367
0.0302929
0.0124623
-0.00526175
-0.0249394
-0.0407275
-0.0281347
-0.0205034
-0.0228184
-0.0286348
-0.0331812
-0.034851
-0.0349993
0.0864984
0.086474
0.085977
0.0841662
0.0800093
0.0730653
0.0636321
0.0525901
0.0416133
0.0326676
0.029688
0.0338618
0.0443585
0.0553891
0.0492911
0.0378195
0.0267991
0.0207775
0.0194939
0.0189219
0.0719892
0.0720486
0.0718383
0.0709493
0.0687161
0.0648264
0.0595134
0.0536259
0.0490034
0.0486717
0.0590815
0.0833887
0.114665
0.126708
0.108704
0.0909889
0.0791702
0.0753007
0.0735096
0.0724749
0.0587275
0.0588264
0.0588207
0.0585309
0.0575969
0.0558081
0.0534265
0.0513129
0.0514079
0.0573594
0.0767894
0.112465
0.152453
0.166952
0.14435
0.125953
0.116899
0.113832
0.112716
0.111492
0.0460332
0.0461452
0.0462577
0.0463252
0.0462038
0.0456395
0.0452201
0.0455117
0.0484267
0.0577237
0.0806761
0.118765
0.156828
0.169152
0.149358
0.137595
0.133649
0.133377
0.132452
0.130819
0.0334462
0.0335537
0.0337013
0.0339387
0.0341985
0.0344702
0.03498
0.0364024
0.040296
0.0499149
0.0713565
0.104583
0.133328
0.137945
0.124707
0.121076
0.122601
0.12458
0.124198
0.122954
0.0209018
0.0209845
0.0211035
0.0213669
0.0217643
0.0222813
0.0230642
0.024583
0.0279321
0.0354636
0.0515044
0.0750847
0.0930067
0.0938458
0.0850074
0.0868286
0.0921688
0.0956901
0.0955034
0.0941663
0.00276301
0.00276322
0.00278758
0.00294509
0.00314498
0.00328948
0.00347509
0.00386789
0.00447311
0.00592467
0.00868567
0.0118148
0.0158571
0.0154802
0.0158832
0.0178402
0.015694
0.0125857
0.0133337
0.0459046
-1.09926
-0.420713
0.0290054
0.288057
0.474425
0.617194
0.727959
0.817787
0.914088
1.0057
-0.0500638
0.144697
0.322412
0.472111
0.597237
0.699195
0.78221
0.850205
0.89243
0.896289
0.282573
0.397926
0.510924
0.611464
0.697907
0.770762
0.83044
0.875809
0.90503
0.922632
0.49287
0.571323
0.649142
0.720328
0.782383
0.835378
0.879009
0.91326
0.939337
0.958398
0.647051
0.700295
0.759127
0.812171
0.858603
0.899033
0.933368
0.961878
0.985232
1.00222
0.769036
0.809787
0.855445
0.895499
0.932666
0.965846
0.994916
1.01978
1.04057
1.05481
0.871538
0.905908
0.942855
0.977006
1.00915
1.03868
1.06494
1.08749
1.10612
1.11785
0.964578
0.995548
1.02943
1.06196
1.09262
1.1209
1.14597
1.1672
1.18412
1.19364
1.05543
1.08791
1.12316
1.1571
1.18835
1.21659
1.24111
1.26138
1.27682
1.28503
1.15727
1.19474
1.23298
1.26919
1.3012
1.32903
1.35244
1.37141
1.38553
1.39401
1.28412
1.32647
1.36562
1.40145
1.43183
1.45747
1.479
1.49661
1.5101
1.52026
1.4456
1.48704
1.52072
1.55025
1.57476
1.59626
1.61584
1.63325
1.64798
1.66067
1.63598
1.66677
1.68799
1.70711
1.72515
1.74237
1.75857
1.77439
1.79089
1.80781
1.83381
1.8452
1.85624
1.87032
1.8846
1.89743
1.90879
1.91964
1.93253
1.94941
2.0196
2.0295
2.03814
2.04058
2.04145
2.0457
2.05649
2.07243
2.09004
2.09464
2.32063
2.26522
2.21439
2.17415
2.15175
2.1477
2.1612
2.19499
2.25143
2.32699
0.888779
0.830085
0.787605
0.753745
0.729088
0.711534
0.699023
0.690094
0.683981
0.680498
0.680108
0.682968
0.688406
0.696343
0.707264
0.722317
0.743327
0.772423
0.811186
0.859012
0.69033
0.699088
0.70462
0.705442
0.701957
0.695909
0.689473
0.683998
0.680156
0.678502
0.679672
0.683264
0.688543
0.695018
0.701784
0.707055
0.708681
0.705446
0.698106
0.690438
0.667363
0.669394
0.673998
0.677508
0.680017
0.681441
0.68115
0.679408
0.677213
0.675638
0.675649
0.677471
0.680189
0.682811
0.684292
0.683955
0.6821
0.679302
0.675253
0.670871
0.660453
0.661319
0.663802
0.666514
0.668521
0.669878
0.670858
0.671303
0.671153
0.670893
0.671238
0.672317
0.673408
0.673887
0.673582
0.672736
0.671328
0.669091
0.666454
0.664488
0.654801
0.655263
0.656657
0.658676
0.660612
0.662183
0.663321
0.66421
0.664922
0.665491
0.666115
0.666752
0.667071
0.666976
0.666504
0.665541
0.664036
0.662211
0.660566
0.65955
0.649617
0.649904
0.650821
0.652287
0.653909
0.655506
0.656923
0.658086
0.659099
0.660043
0.660872
0.661411
0.661563
0.661337
0.660677
0.659616
0.658329
0.657014
0.655928
0.655304
0.64465
0.644851
0.645538
0.646708
0.648086
0.649523
0.650986
0.652379
0.65364
0.654809
0.655821
0.656445
0.656597
0.656298
0.655624
0.654735
0.653755
0.652759
0.651976
0.651537
0.639828
0.63998
0.640526
0.641505
0.642728
0.644057
0.64547
0.646941
0.648406
0.649809
0.651035
0.651807
0.652029
0.651812
0.651308
0.650637
0.649886
0.649133
0.648555
0.648226
0.635071
0.63519
0.635637
0.636482
0.637604
0.638873
0.640257
0.641763
0.643368
0.645007
0.646493
0.647478
0.64788
0.647867
0.647582
0.647126
0.646573
0.646026
0.645608
0.645353
0.630289
0.630385
0.630762
0.631517
0.632575
0.633807
0.635199
0.636767
0.638508
0.640384
0.642178
0.643467
0.644149
0.644396
0.644347
0.644111
0.643765
0.643398
0.643105
0.642904
0.625391
0.625471
0.625798
0.626494
0.62752
0.628751
0.630189
0.631859
0.633777
0.635927
0.638093
0.639776
0.640807
0.641356
0.641572
0.641566
0.641427
0.641227
0.641039
0.640878
0.62029
0.620356
0.620649
0.621312
0.622337
0.623615
0.625139
0.626957
0.629114
0.631608
0.634232
0.636394
0.637837
0.638737
0.639252
0.639494
0.639564
0.639526
0.639429
0.639299
0.614893
0.614948
0.615219
0.615874
0.616934
0.618302
0.619961
0.621988
0.624455
0.627386
0.630575
0.633312
0.635242
0.636546
0.637397
0.637916
0.638211
0.638331
0.638313
0.638207
0.609099
0.609146
0.609405
0.610076
0.611207
0.612709
0.614563
0.616873
0.619737
0.623219
0.627099
0.630526
0.633033
0.634807
0.63604
0.636884
0.637419
0.637698
0.637753
0.637667
0.602793
0.602831
0.603088
0.603796
0.605038
0.606725
0.608842
0.61152
0.614889
0.619056
0.623781
0.628038
0.631231
0.633561
0.635237
0.636434
0.63724
0.637696
0.637822
0.637751
0.595834
0.595864
0.596126
0.596895
0.598288
0.600222
0.602681
0.605825
0.609832
0.614844
0.620595
0.625853
0.629862
0.632847
0.635047
0.63665
0.63777
0.638414
0.638611
0.638553
0.588058
0.588075
0.588348
0.589199
0.590793
0.59304
0.595936
0.599676
0.60448
0.61053
0.61753
0.623988
0.628968
0.632722
0.635542
0.637632
0.63911
0.639956
0.640224
0.640175
0.579214
0.57924
0.579545
0.58049
0.582337
0.584982
0.58844
0.592933
0.598733
0.606069
0.614583
0.622471
0.628598
0.63326
0.636806
0.639475
0.641362
0.642432
0.642772
0.64273
0.569018
0.569033
0.56938
0.570472
0.572648
0.575819
0.57999
0.585435
0.592483
0.601402
0.611748
0.621336
0.628813
0.634543
0.638941
0.642274
0.64464
0.645956
0.646369
0.646331
0.557095
0.557105
0.557491
0.558779
0.561387
0.565237
0.570324
0.576982
0.5856
0.596473
0.609028
0.620629
0.62968
0.636654
0.642051
0.646152
0.649063
0.650639
0.651122
0.651083
0.542899
0.542905
0.543354
0.544907
0.548087
0.552832
0.559119
0.567349
0.577958
0.591243
0.606447
0.620409
0.63128
0.639678
0.646234
0.651211
0.654724
0.656571
0.657116
0.657071
0.525668
0.525669
0.526212
0.528147
0.532119
0.538085
0.545985
0.556292
0.569461
0.585735
0.604091
0.620769
0.633705
0.643713
0.651567
0.657529
0.661694
0.663805
0.664397
0.664339
0.504251
0.504247
0.504957
0.507482
0.512619
0.520325
0.530467
0.543569
0.560038
0.579986
0.602047
0.621811
0.637044
0.648842
0.658099
0.665155
0.669988
0.67233
0.672942
0.672863
0.476927
0.476923
0.477917
0.48142
0.488394
0.498712
0.512089
0.529023
0.549746
0.574158
0.600493
0.623677
0.641395
0.655114
0.665878
0.674089
0.679541
0.682043
0.682636
0.682528
0.440643
0.440655
0.44227
0.447679
0.457926
0.472373
0.490547
0.512714
0.538821
0.568533
0.599675
0.626539
0.64686
0.662573
0.674915
0.684249
0.690189
0.69273
0.693252
0.693107
0.389611
0.38985
0.393534
0.403329
0.419655
0.440904
0.466055
0.495113
0.527785
0.563561
0.599902
0.63058
0.653533
0.671235
0.685109
0.695438
0.701646
0.704065
0.704465
0.704282
0.316243
0.318547
0.32935
0.348568
0.375039
0.405786
0.439829
0.477028
0.517101
0.559526
0.601476
0.636277
0.662102
0.681987
0.697539
0.708788
0.715139
0.717377
0.717669
0.717484
0.238094
0.244395
0.263594
0.29292
0.330083
0.37059
0.413605
0.459085
0.506884
0.556532
0.604966
0.644841
0.674297
0.696897
0.714522
0.726819
0.733051
0.734896
0.735089
0.734983
0.17109
0.177759
0.203532
0.241447
0.287712
0.337201
0.388809
0.442379
0.497747
0.554441
0.609141
0.653823
0.686678
0.711766
0.731018
0.743792
0.749787
0.751438
0.75163
0.751575
0.11633
0.123263
0.153034
0.197092
0.250143
0.306996
0.366035
0.42692
0.489348
0.552744
0.613421
0.662647
0.698649
0.725938
0.7466
0.759965
0.766038
0.767807
0.767998
0.767981
0.0708167
0.0780642
0.110312
0.159056
0.217499
0.28035
0.34565
0.41294
0.481736
0.551336
0.617639
0.671171
0.710138
0.73955
0.761602
0.775812
0.782394
0.784115
0.784348
0.784348
0.0321495
0.0395684
0.0735632
0.125842
0.188789
0.256707
0.327383
0.400293
0.474826
0.550147
0.621737
0.679359
0.721178
0.752654
0.776134
0.791213
0.798325
0.800147
0.80043
0.80045
-0.00167256
0.00585581
0.0411178
0.0963301
0.163011
0.235274
0.310684
0.388623
0.468387
0.549013
0.625581
0.687087
0.73162
0.76505
0.789872
0.805838
0.813373
0.815484
0.815847
0.815889
-0.0321266
-0.0244906
0.0118043
0.069528
0.139374
0.21541
0.29502
0.377503
0.462079
0.547665
0.628957
0.694164
0.741273
0.776502
0.802552
0.819311
0.827274
0.829684
0.830102
0.830128
-0.0601565
-0.0524265
-0.0152164
0.0446428
0.117245
0.196606
0.279958
0.36657
0.455598
0.545871
0.631696
0.700471
0.750016
0.786921
0.81407
0.831471
0.83981
0.842446
0.842918
0.84293
-0.0865137
-0.0786646
-0.0405766
0.020998
0.0961682
0.178483
0.265191
0.355567
0.448732
0.543451
0.633674
0.705948
0.757852
0.796346
0.824432
0.842346
0.850939
0.853714
0.854212
0.854211
-0.111659
-0.103654
-0.06471
-0.00161212
0.0758157
0.16076
0.250501
0.344314
0.441321
0.540273
0.634802
0.710569
0.764829
0.804831
0.833793
0.852029
0.860757
0.863604
0.864093
0.864069
-0.135939
-0.127773
-0.0881053
-0.0234634
0.0559631
0.143257
0.235735
0.332682
0.433264
0.536251
0.635022
0.714337
0.771012
0.812519
0.842233
0.860699
0.869474
0.872318
0.872796
0.872751
-0.159522
-0.151105
-0.110817
-0.044737
0.0364697
0.12587
0.220805
0.320608
0.424497
0.531317
0.634275
0.717242
0.776469
0.81955
0.849997
0.868599
0.877294
0.880066
0.88051
0.880461
-0.182519
-0.173962
-0.132881
-0.0655417
0.0172647
0.108544
0.20568
0.308066
0.414996
0.525429
0.632514
0.719282
0.78127
0.826075
0.857254
0.875881
0.884378
0.887023
0.887395
0.887299
-0.205011
-0.196269
-0.154454
-0.0859236
-0.00168089
0.0912732
0.19037
0.29507
0.404758
0.51857
0.629689
0.72042
0.78546
0.832221
0.86416
0.882669
0.890815
0.893219
0.893484
0.893353
-0.227034
-0.2181
-0.175537
-0.105894
-0.0203623
0.0740778
0.174902
0.281658
0.393832
0.510759
0.625766
0.720598
0.789041
0.838108
0.870917
0.889127
0.896693
0.898718
0.898854
0.898697
-0.248527
-0.239393
-0.196067
-0.125423
-0.0387382
0.056999
0.159343
0.2679
0.382281
0.502018
0.620712
0.719737
0.791961
0.843806
0.877759
0.895562
0.902204
0.903611
0.90356
0.903384
-0.269429
-0.260092
-0.216039
-0.14448
-0.056768
0.0401065
0.143761
0.253879
0.370176
0.49242
0.614518
0.717734
0.794101
0.849298
0.88493
0.902458
0.907795
0.908085
0.907656
0.907484
-0.289747
-0.280195
-0.235435
-0.163029
-0.0744079
0.0234698
0.128242
0.239688
0.357617
0.482035
0.607214
0.714487
0.795281
0.854417
0.892512
0.910455
0.914433
0.912818
0.911358
0.911162
-0.309408
-0.299646
-0.254212
-0.181029
-0.0915919
0.00714185
0.112868
0.225418
0.344715
0.470965
0.598834
0.709893
0.795282
0.858825
0.900222
0.919983
0.923701
0.919948
0.91614
0.914573
-0.328439
-0.318475
-0.272356
-0.198481
-0.108345
-0.00889188
0.0976192
0.211041
0.331442
0.45918
0.589309
0.703733
0.793806
0.862114
0.907403
0.930673
0.936725
0.932808
0.92509
0.909431
-0.346866
-0.336684
-0.289968
-0.215563
-0.124909
-0.0249354
0.0821183
0.196098
0.317256
0.446052
0.577981
0.695321
0.790135
0.863735
0.912868
0.940322
0.950549
0.945346
0.93708
0.892713
-0.364957
-0.353889
-0.306959
-0.232143
-0.141189
-0.0408922
0.0665357
0.180803
0.302375
0.431777
0.564901
0.684474
0.783383
0.862868
0.914296
0.941931
0.952126
0.94982
0.898425
0.838406
-0.383733
-0.369006
-0.323087
-0.248065
-0.15741
-0.0569853
0.0506089
0.165156
0.286782
0.416331
0.549936
0.670883
0.772241
0.859333
0.908884
0.923014
0.932712
0.900541
0.835263
0.770859
-0.402296
-0.404086
-0.343972
-0.260868
-0.1704
-0.0703269
0.0349466
0.149816
0.271211
0.40049
0.533706
0.654806
0.756334
0.854881
0.869669
0.885715
0.865968
0.804158
0.730058
0.65987
-0.377942
-0.376719
-0.318081
-0.235364
-0.139762
-0.0364953
0.0735725
0.190983
0.315428
0.448439
0.576131
0.685502
0.777301
0.872341
0.88462
0.786168
0.702818
0.635908
0.563146
0.421003
-0.418911
-0.392532
-0.331132
-0.247566
-0.152318
-0.0491481
0.0603483
0.177175
0.300739
0.432336
0.557707
0.664135
0.746719
0.809185
0.779183
0.650199
0.531077
0.44936
0.365573
0.204222
-0.443403
-0.412245
-0.349831
-0.2668
-0.171438
-0.0684305
0.0412769
0.157352
0.279634
0.409048
0.531161
0.632263
0.706512
0.734053
0.656435
0.494402
0.35634
0.25377
0.139125
-0.0932492
-0.467322
-0.433815
-0.370131
-0.286392
-0.190951
-0.0880304
0.0213418
0.136511
0.257277
0.384079
0.501966
0.596019
0.65873
0.65176
0.518527
0.333113
0.163287
0.0223563
-0.136676
-0.516893
-0.490313
-0.455919
-0.391149
-0.306483
-0.210914
-0.108171
0.000573942
0.114714
0.23376
0.357565
0.470407
0.556512
0.601364
0.565212
0.384505
0.17919
-0.0323878
-0.209665
-0.455365
-1.00111
-0.51312
-0.478646
-0.413144
-0.327839
-0.232068
-0.129525
-0.0213965
0.0916206
0.208728
0.329171
0.436426
0.514724
0.540203
0.45535
0.261875
0.0497707
-0.165229
-0.364089
-0.529659
-1.11907
-0.536898
-0.502326
-0.436391
-0.350698
-0.254762
-0.152384
-0.0448378
0.0670229
0.182047
0.298846
0.400263
0.469126
0.47068
0.343083
0.156439
-0.0455392
-0.23071
-0.357698
-0.390236
-0.437151
-0.562076
-0.527412
-0.461212
-0.375355
-0.279435
-0.177385
-0.0705951
0.0398278
0.15236
0.26486
0.360037
0.416291
0.396044
0.239887
0.061219
-0.115963
-0.258856
-0.31941
-0.342053
-0.347809
-0.589008
-0.554102
-0.487703
-0.401798
-0.30606
-0.204523
-0.0987522
0.00991516
0.119548
0.227131
0.315344
0.356922
0.322112
0.14383
-0.025561
-0.180984
-0.288933
-0.315221
-0.316317
-0.316698
-0.617796
-0.582543
-0.515914
-0.430016
-0.334605
-0.233803
-0.129308
-0.0227175
0.083578
0.185718
0.265891
0.295164
0.229789
0.0559094
-0.10477
-0.241786
-0.287785
-0.301982
-0.30308
-0.302631
-0.648336
-0.612678
-0.545806
-0.46
-0.365058
-0.265197
-0.162246
-0.0580734
0.0444842
0.140692
0.212215
0.228269
0.13265
-0.0255791
-0.171882
-0.279503
-0.292733
-0.292625
-0.293717
-0.293344
-0.680168
-0.64428
-0.5772
-0.491579
-0.397285
-0.298601
-0.197485
-0.0960876
0.00238083
0.0922547
0.155198
0.15374
0.0481434
-0.0977284
-0.225148
-0.262082
-0.284255
-0.288008
-0.288444
-0.288203
-0.712945
-0.676742
-0.609754
-0.524451
-0.43103
-0.333786
-0.234807
-0.136539
-0.0424978
0.0409316
0.0944549
0.0811388
-0.030838
-0.156808
-0.259918
-0.300027
-0.287831
-0.284692
-0.284271
-0.284126
-0.745726
-0.709495
-0.642913
-0.558135
-0.465849
-0.370354
-0.273848
-0.179047
-0.0897906
-0.0125529
0.0299655
0.0139333
-0.102865
-0.201739
-0.277082
-0.275528
-0.280041
-0.281262
-0.281404
-0.281337
-0.777486
-0.741748
-0.675492
-0.591901
-0.501094
-0.407729
-0.314058
-0.223006
-0.13886
-0.0676313
-0.0320886
-0.0552708
-0.16632
-0.242403
-0.260827
-0.284814
-0.283621
-0.281441
-0.28042
-0.280071
-0.806645
-0.771882
-0.706704
-0.624684
-0.535872
-0.445099
-0.35469
-0.267645
-0.18869
-0.123564
-0.0889139
-0.129947
-0.225789
-0.276535
-0.274188
-0.282365
-0.286144
-0.284933
-0.284147
-0.283564
-0.831515
-0.798209
-0.734871
-0.655183
-0.569039
-0.481433
-0.394762
-0.312016
-0.238036
-0.179136
-0.145817
-0.194262
-0.286005
-0.347901
-0.348901
-0.330271
-0.310026
-0.301644
-0.298391
-0.296855
-0.849768
-0.818623
-0.757948
-0.681757
-0.599228
-0.515483
-0.433119
-0.355003
-0.285756
-0.232589
-0.202876
-0.242033
-0.330588
-0.470629
-0.454512
-0.383544
-0.349379
-0.335837
-0.327837
-0.324552
-0.859078
-0.830642
-0.774064
-0.702519
-0.624801
-0.545956
-0.468527
-0.395383
-0.330737
-0.281536
-0.250286
-0.262783
-0.30382
-0.444686
-0.406848
-0.354973
-0.336181
-0.326659
-0.322047
-0.320634
-0.856552
-0.832395
-0.781388
-0.715676
-0.644167
-0.571376
-0.499712
-0.431959
-0.371801
-0.324899
-0.283706
-0.241561
-0.150307
-0.136551
-0.176982
-0.224287
-0.257764
-0.270986
-0.276381
-0.277583
-0.838635
-0.820641
-0.778197
-0.719903
-0.656061
-0.590484
-0.52545
-0.463549
-0.408185
-0.364055
-0.311525
-0.219796
0.0337097
0.40521
0.156054
-0.103714
-0.228168
-0.272572
-0.288534
-0.292943
-0.806952
-0.794514
-0.762896
-0.714678
-0.659878
-0.602616
-0.54484
-0.489103
-0.439456
-0.399969
-0.365473
-0.325735
-0.293204
-0.258492
-0.40907
-0.462467
-0.469784
-0.473898
-0.481422
-0.485831
-0.766112
-0.758381
-0.738442
-0.701469
-0.656422
-0.607876
-0.557513
-0.508021
-0.46385
-0.432292
-0.4179
-0.608745
-1.09264
-1.63741
-1.60656
-1.21959
-0.957509
-0.821687
-0.780451
-0.771154
-0.724457
-0.720148
-0.709395
-0.68454
-0.648445
-0.607482
-0.563524
-0.519069
-0.478039
-0.450568
-0.445283
-0.622494
-0.802784
-0.928801
-0.745647
-0.597797
-0.585462
-0.626324
-0.628214
-0.630182
-0.691051
-0.688821
-0.683255
-0.66698
-0.639112
-0.603564
-0.564153
-0.52149
-0.479921
-0.442514
-0.433088
-0.407042
-0.382066
-0.373445
-0.449056
-0.564641
-0.66047
-0.643111
-0.581377
-0.555947
-0.666828
-0.665835
-0.663899
-0.654681
-0.63235
-0.599972
-0.561287
-0.517928
-0.470667
-0.425276
-0.39915
-0.372989
-0.280781
-0.169029
-0.0872407
-0.0834792
-0.107537
-0.101589
-0.0427086
-0.0234856
-0.651086
-0.650557
-0.649852
-0.645577
-0.628973
-0.598086
-0.557623
-0.510391
-0.458443
-0.404177
-0.356065
-0.319345
-0.139987
0.0923496
0.312844
0.46476
0.510857
0.527336
0.539942
0.546422
-0.641985
-0.641669
-0.641041
-0.639866
-0.628572
-0.598059
-0.553627
-0.501216
-0.441768
-0.371064
-0.299433
-0.213936
-0.0184416
0.248649
0.482256
0.644985
0.751472
0.832199
0.882733
0.901965
-0.636902
-0.636769
-0.636556
-0.636996
-0.630427
-0.600111
-0.551384
-0.492909
-0.422574
-0.342502
-0.251857
-0.148838
0.0947152
0.36214
0.614708
0.820109
0.981756
1.11338
1.19906
1.23083
-0.632733
-0.633375
-0.635072
-0.637635
-0.63273
-0.602429
-0.551108
-0.486604
-0.408325
-0.315959
-0.211189
-0.117053
0.109497
0.418488
0.7361
1.02374
1.24516
1.39341
1.47224
1.49748
-0.624748
-0.625324
-0.625607
-0.625402
-0.621374
-0.59878
-0.553298
-0.485523
-0.399984
-0.298555
-0.192271
-0.0915839
0.107629
0.413097
0.735022
1.01857
1.24729
1.38881
1.45391
1.47173
-0.631681
-0.628512
-0.614954
-0.593274
-0.58646
-0.594508
-0.564089
-0.492349
-0.398324
-0.290481
-0.182418
-0.0766925
0.0648532
0.342788
0.61787
0.862391
1.05219
1.16487
1.2148
1.22734
-0.686001
-0.680399
-0.668406
-0.656471
-0.65436
-0.65554
-0.601364
-0.508027
-0.398915
-0.285283
-0.178636
-0.075371
0.0358833
0.228728
0.460947
0.653189
0.802653
0.886683
0.922487
0.929643
-0.796676
-0.80629
-0.834761
-0.85749
-0.849949
-0.798943
-0.668977
-0.527422
-0.398326
-0.280156
-0.178082
-0.0902354
-0.0117851
0.126266
0.303021
0.450412
0.563623
0.624562
0.648442
0.651907
-0.884911
-0.906602
-0.944742
-0.968922
-0.955319
-0.872888
-0.695954
-0.524585
-0.385547
-0.269597
-0.178981
-0.107316
-0.053187
0.0432058
0.170732
0.277075
0.356519
0.396955
0.412225
0.413601
-0.802265
-0.824105
-0.858581
-0.884638
-0.871172
-0.777328
-0.617617
-0.469379
-0.346912
-0.247266
-0.171524
-0.116083
-0.0752661
-0.0133902
0.0691221
0.140995
0.189408
0.213611
0.221957
0.221561
-0.524391
-0.541008
-0.568875
-0.594506
-0.592148
-0.536333
-0.448185
-0.359749
-0.28138
-0.211843
-0.155829
-0.114189
-0.0824101
-0.0422941
0.00102435
0.0367679
0.0598508
0.0693272
0.0727743
0.0721321
-0.19735
-0.205483
-0.222618
-0.246904
-0.26747
-0.2703
-0.258978
-0.235289
-0.204949
-0.169537
-0.136076
-0.107453
-0.0832394
-0.0607337
-0.0415949
-0.0307856
-0.027402
-0.0290873
-0.0299176
-0.0303129
0.0280297
0.0245783
0.0129163
-0.01133
-0.0472237
-0.0853677
-0.114872
-0.132006
-0.135917
-0.129255
-0.117505
-0.102909
-0.087161
-0.0804196
-0.0774269
-0.077365
-0.0821843
-0.0859901
-0.0868295
-0.0869123
0.126668
0.124557
0.115504
0.0934935
0.0566926
0.0125347
-0.0287352
-0.0614936
-0.0837289
-0.09669
-0.104312
-0.108386
-0.10658
-0.103482
-0.10022
-0.100466
-0.103739
-0.106154
-0.106627
-0.106961
0.14894
0.147334
0.140465
0.123438
0.0942751
0.0573073
0.0184389
-0.0170511
-0.0465749
-0.0712856
-0.0968464
-0.126432
-0.146222
-0.133465
-0.118624
-0.111433
-0.108753
-0.108571
-0.108445
-0.108733
0.139695
0.138534
0.133743
0.121828
0.101032
0.073359
0.0418609
0.0104203
-0.0193179
-0.0488272
-0.0845977
-0.133551
-0.162263
-0.137748
-0.114646
-0.102694
-0.0985613
-0.0974975
-0.0971854
-0.0974017
0.121545
0.120796
0.117679
0.109808
0.0957127
0.0761746
0.0526156
0.0275829
0.00237155
-0.0242168
-0.0566302
-0.099349
-0.116687
-0.0946604
-0.0774253
-0.0721511
-0.0724703
-0.0737789
-0.0741459
-0.0742116
0.103056
0.102629
0.100739
0.0958075
0.0866873
0.073593
0.0572458
0.0393393
0.0214243
0.00375401
-0.0148431
-0.0351569
-0.038093
-0.0234528
-0.0214123
-0.0255558
-0.0312599
-0.0343596
-0.0350141
-0.0349722
0.0865114
0.0863298
0.0853015
0.0824268
0.0768721
0.0686421
0.0582256
0.047
0.0368128
0.0301559
0.0310025
0.038156
0.0583825
0.0547039
0.0434361
0.0315991
0.0232393
0.0198781
0.0191247
0.0188798
0.0720402
0.0719843
0.0715175
0.0700357
0.0669704
0.0623265
0.0565519
0.0510217
0.0480927
0.0522176
0.0697479
0.0992645
0.130016
0.120196
0.0998509
0.084063
0.0760657
0.0741168
0.0731273
0.0722594
0.058785
0.0588432
0.0587361
0.058163
0.0568077
0.0546613
0.0522512
0.0509248
0.0533648
0.0650743
0.0931179
0.133132
0.165675
0.155639
0.134348
0.12038
0.115039
0.113152
0.112051
0.111233
0.046093
0.0461993
0.0463021
0.0462998
0.0460545
0.0454146
0.0451937
0.0464836
0.0519995
0.0672599
0.0984846
0.138805
0.167447
0.157591
0.142151
0.134953
0.133359
0.133132
0.131617
0.130314
0.0335027
0.0336145
0.0338139
0.0340608
0.0343284
0.0346714
0.0355072
0.0379247
0.0441255
0.0589945
0.0871897
0.120643
0.139338
0.129903
0.121665
0.121466
0.123826
0.124715
0.123587
0.122496
0.0209478
0.0210294
0.0212219
0.021555
0.0220036
0.022616
0.0236904
0.0259402
0.0309951
0.0422852
0.0630351
0.0854407
0.0946059
0.0875833
0.0848819
0.0892086
0.0944282
0.0958721
0.0948162
0.0936407
0.00870458
0.00876887
0.00884979
0.00902409
0.00917578
0.00951611
0.00996504
0.0108199
0.0125454
0.0161062
0.0234372
0.0342015
0.0414549
0.0396639
0.0353257
0.0385615
0.0435208
0.0471349
0.0467829
0.0453858
-0.71421
-0.149933
0.170386
0.385497
0.549724
0.675069
0.775495
0.861869
0.970732
0.968788
0.0928015
0.240034
0.400484
0.537905
0.651
0.742682
0.818205
0.87585
0.899484
0.903728
0.356584
0.455809
0.563072
0.656428
0.735993
0.802258
0.855097
0.892284
0.915532
0.932661
0.543473
0.61186
0.685977
0.752488
0.810032
0.858377
0.897281
0.927137
0.950662
0.969387
0.683651
0.734773
0.786539
0.836169
0.879576
0.916949
0.94833
0.974102
0.995722
1.01409
0.797146
0.83438
0.8757
0.914569
0.949767
0.980891
1.00789
1.0306
1.04968
1.06748
0.894568
0.924776
0.960185
0.993363
1.02429
1.05225
1.07672
1.09725
1.11391
1.13128
0.984015
1.01249
1.04592
1.07754
1.10711
1.13388
1.15711
1.17619
1.19061
1.20774
1.07438
1.10535
1.14045
1.17307
1.20289
1.22934
1.25181
1.26973
1.28228
1.29954
1.17795
1.21368
1.25159
1.2857
1.31565
1.34129
1.36249
1.37907
1.39063
1.40847
1.30705
1.34609
1.38423
1.41728
1.44519
1.46873
1.48831
1.50379
1.51559
1.53384
1.46815
1.50417
1.53623
1.56299
1.58579
1.60628
1.62487
1.64089
1.65459
1.67246
1.65283
1.67787
1.69773
1.71623
1.73388
1.75061
1.76648
1.78246
1.79958
1.81872
1.8395
1.85034
1.86306
1.8776
1.89121
1.90328
1.91418
1.92553
1.94093
1.96036
2.02139
2.03482
2.03988
2.0409
2.04286
2.05022
2.06392
2.08152
2.09526
2.1066
2.29026
2.23967
2.1922
2.16062
2.14756
2.15212
2.17536
2.22041
2.28711
2.38123
0.745405
0.742396
0.736337
0.72541
0.712918
0.701606
0.692545
0.685787
0.68132
0.679423
0.680654
0.684642
0.690806
0.699092
0.709593
0.721912
0.734266
0.742977
0.74749
0.749656
0.673708
0.680355
0.685602
0.689218
0.69033
0.688694
0.685238
0.681445
0.67846
0.677148
0.678232
0.681273
0.685364
0.689591
0.692623
0.693154
0.690837
0.686459
0.680167
0.674342
0.663596
0.666558
0.66992
0.672409
0.674168
0.67535
0.675575
0.674827
0.673763
0.673312
0.674176
0.675919
0.677593
0.678384
0.677973
0.676723
0.674826
0.671959
0.668625
0.666337
0.657545
0.658968
0.66118
0.663451
0.665173
0.666366
0.667254
0.667839
0.66811
0.668423
0.669122
0.669889
0.67024
0.670045
0.669429
0.668294
0.666489
0.664268
0.66252
0.661436
0.652176
0.652994
0.654457
0.656231
0.65797
0.659444
0.660581
0.661521
0.662357
0.663129
0.663801
0.664182
0.664192
0.663839
0.66303
0.661758
0.660246
0.658732
0.657716
0.65705
0.647114
0.647668
0.64875
0.650163
0.651673
0.653177
0.654568
0.655777
0.65687
0.657891
0.658657
0.659008
0.658948
0.658454
0.657585
0.656511
0.655356
0.654286
0.653599
0.653131
0.642228
0.642643
0.643507
0.644716
0.646044
0.647452
0.648903
0.65032
0.651648
0.652883
0.653812
0.65424
0.654178
0.653717
0.65301
0.652181
0.651299
0.650503
0.65
0.649643
0.637449
0.637775
0.638488
0.639548
0.640782
0.642124
0.643565
0.645086
0.646627
0.64811
0.64925
0.649818
0.649884
0.649606
0.649115
0.648494
0.64783
0.647248
0.646873
0.646589
0.632691
0.632956
0.633562
0.634521
0.635694
0.637004
0.63846
0.640064
0.641787
0.643542
0.644957
0.645763
0.646066
0.646021
0.645751
0.645344
0.644878
0.644467
0.644188
0.643953
0.627863
0.628083
0.628615
0.629513
0.63065
0.631961
0.63347
0.635189
0.637111
0.639169
0.640936
0.642075
0.642677
0.642896
0.64286
0.642677
0.642398
0.642135
0.641932
0.641731
0.622875
0.623063
0.623545
0.624411
0.625548
0.626903
0.628503
0.630385
0.632562
0.634984
0.637188
0.638737
0.639691
0.640212
0.640435
0.640474
0.640385
0.640255
0.640113
0.639937
0.617638
0.617801
0.618254
0.619119
0.620298
0.62174
0.623479
0.625581
0.628086
0.630967
0.633703
0.635738
0.637104
0.63797
0.638485
0.638744
0.638858
0.638854
0.638762
0.638604
0.612056
0.612201
0.612643
0.613537
0.614797
0.616373
0.618312
0.620711
0.62363
0.627085
0.630466
0.633081
0.634928
0.636188
0.637026
0.637565
0.637872
0.637981
0.637932
0.637785
0.606021
0.606153
0.606601
0.607552
0.608938
0.610702
0.612914
0.615694
0.619142
0.623304
0.627466
0.630774
0.63319
0.634906
0.636112
0.636951
0.637476
0.637701
0.637689
0.63755
0.599406
0.599529
0.599997
0.601037
0.602597
0.604613
0.60718
0.610446
0.614554
0.619583
0.624692
0.628829
0.631919
0.634174
0.635802
0.636982
0.637751
0.638094
0.638118
0.637981
0.592059
0.592174
0.592674
0.593839
0.595627
0.59797
0.600988
0.60487
0.609799
0.615888
0.622142
0.62727
0.631156
0.634046
0.636178
0.637753
0.638793
0.63926
0.639316
0.639178
0.583788
0.583902
0.584438
0.585769
0.587844
0.590604
0.5942
0.598856
0.604802
0.61219
0.619823
0.626131
0.630956
0.634594
0.637331
0.639371
0.640707
0.641305
0.641392
0.641249
0.574282
0.574408
0.575039
0.576569
0.579017
0.582319
0.586648
0.592279
0.599492
0.608469
0.617756
0.625459
0.631392
0.635904
0.639354
0.641924
0.643604
0.644343
0.644458
0.644308
0.563263
0.563388
0.564137
0.56594
0.568866
0.572862
0.578123
0.584983
0.593771
0.604688
0.615954
0.625301
0.632534
0.638075
0.642344
0.645543
0.647602
0.648487
0.648627
0.648465
0.550251
0.550393
0.5513
0.553464
0.557012
0.56191
0.568375
0.576802
0.587559
0.600836
0.614458
0.625728
0.634458
0.641197
0.646416
0.650331
0.652805
0.653836
0.653995
0.653818
0.534601
0.534781
0.535917
0.53857
0.542948
0.549049
0.5571
0.567554
0.580787
0.596938
0.613332
0.626819
0.637255
0.645353
0.651663
0.656379
0.659292
0.660462
0.66063
0.660434
0.515376
0.515632
0.517115
0.520472
0.526012
0.533774
0.54397
0.557084
0.573443
0.593063
0.612677
0.628671
0.641026
0.650642
0.658144
0.663745
0.667096
0.668381
0.668544
0.668328
0.491184
0.491583
0.493616
0.49804
0.505305
0.515457
0.528636
0.545276
0.565561
0.589325
0.612613
0.631386
0.645837
0.657115
0.665899
0.672427
0.676176
0.67753
0.67767
0.677432
0.459718
0.460413
0.463415
0.469663
0.479701
0.493457
0.510875
0.532189
0.55734
0.585946
0.613334
0.635096
0.651768
0.664792
0.67495
0.682344
0.686385
0.687737
0.687831
0.687574
0.416865
0.418272
0.42334
0.433182
0.448052
0.467388
0.490782
0.518142
0.549165
0.583272
0.615077
0.639944
0.658881
0.673684
0.685195
0.693312
0.697447
0.698696
0.698725
0.698456
0.354962
0.359397
0.369983
0.386924
0.41001
0.437694
0.469058
0.503821
0.54157
0.581641
0.618026
0.646024
0.667186
0.683684
0.69637
0.704954
0.708931
0.709912
0.709857
0.709598
0.281256
0.289273
0.308584
0.336075
0.369722
0.406796
0.446725
0.48939
0.534455
0.581292
0.623193
0.655188
0.679279
0.697917
0.712013
0.721021
0.724818
0.725665
0.72566
0.725538
0.207255
0.220556
0.248937
0.286811
0.330475
0.376833
0.425356
0.476013
0.528502
0.582249
0.629855
0.665992
0.693136
0.714099
0.729723
0.738764
0.742041
0.742661
0.742674
0.742644
0.145782
0.162904
0.196952
0.242608
0.294445
0.348966
0.405392
0.463603
0.523219
0.58363
0.636678
0.676692
0.706621
0.729501
0.746037
0.755286
0.758369
0.758958
0.759045
0.759066
0.0953503
0.114519
0.153018
0.204462
0.262691
0.323958
0.387235
0.452252
0.518474
0.585166
0.643371
0.687036
0.719526
0.744232
0.761844
0.771285
0.774542
0.775367
0.775499
0.775562
0.0530352
0.0734565
0.115283
0.171339
0.234853
0.301769
0.370945
0.441987
0.514219
0.586761
0.649841
0.696978
0.731937
0.758408
0.777117
0.787252
0.790908
0.791864
0.792013
0.792101
0.0165543
0.0377795
0.0822647
0.142056
0.210011
0.281798
0.356153
0.432596
0.510333
0.588335
0.656025
0.706471
0.743799
0.77201
0.791812
0.802727
0.806751
0.807831
0.807976
0.808063
-0.0157481
0.00604687
0.0526926
0.115625
0.187357
0.2634
0.342384
0.42373
0.506551
0.589673
0.661734
0.715332
0.754893
0.784687
0.805581
0.81722
0.821633
0.822816
0.822947
0.823026
-0.04509
-0.0228711
0.0255923
0.091238
0.166258
0.246051
0.329186
0.415018
0.502573
0.590552
0.666801
0.7234
0.765049
0.796264
0.818105
0.830394
0.835178
0.83642
0.836548
0.836606
-0.0724296
-0.0497666
0.000322814
0.0682728
0.146221
0.229345
0.316226
0.406177
0.498172
0.590794
0.67111
0.730608
0.774233
0.806776
0.82942
0.842109
0.847197
0.848496
0.848619
0.848649
-0.0982899
-0.0751533
-0.0236896
0.0463394
0.126887
0.212992
0.303265
0.39701
0.493177
0.590265
0.674585
0.736957
0.782489
0.816251
0.839543
0.852524
0.857749
0.859094
0.8592
0.859185
-0.123094
-0.0994132
-0.0468472
0.0251643
0.108005
0.196787
0.290141
0.387376
0.48746
0.588881
0.677185
0.742464
0.789908
0.824801
0.848632
0.861758
0.867024
0.868355
0.868465
0.868417
-0.147111
-0.122966
-0.0692412
0.00451897
0.0894167
0.180604
0.276742
0.377189
0.480951
0.586561
0.67888
0.747169
0.796592
0.832601
0.856859
0.870048
0.875265
0.876557
0.876618
0.876543
-0.17052
-0.145849
-0.091014
-0.0157077
0.0710312
0.164367
0.26302
0.366405
0.473605
0.583253
0.679629
0.751102
0.802656
0.839835
0.86446
0.87759
0.882664
0.883873
0.883906
0.883803
-0.193384
-0.16815
-0.112274
-0.0355691
0.0528109
0.148066
0.248973
0.355017
0.465394
0.578914
0.679394
0.754278
0.808204
0.846655
0.871567
0.884497
0.889346
0.890417
0.890392
0.89026
-0.215693
-0.189971
-0.133074
-0.0550861
0.0347566
0.13171
0.23462
0.343054
0.456332
0.573523
0.678118
0.756676
0.813314
0.853228
0.87835
0.890868
0.895331
0.896203
0.89612
0.895981
-0.23751
-0.211252
-0.153394
-0.0742402
0.0168977
0.11534
0.220018
0.330568
0.446471
0.567072
0.675748
0.75824
0.818009
0.859725
0.885049
0.896895
0.90071
0.901292
0.901149
0.901006
-0.258739
-0.231959
-0.173193
-0.0930058
-0.000723402
0.0990264
0.205238
0.317637
0.435867
0.559578
0.672216
0.758867
0.822249
0.866277
0.892012
0.902949
0.905697
0.905762
0.905536
0.905411
-0.279398
-0.252053
-0.192466
-0.111332
-0.0180424
0.0828328
0.190369
0.304359
0.424597
0.551095
0.667468
0.758419
0.825901
0.872896
0.899642
0.909717
0.91083
0.909787
0.90933
0.909305
-0.299395
-0.271536
-0.211165
-0.129178
-0.035007
0.0668379
0.175486
0.290812
0.41277
0.541698
0.661472
0.756732
0.828729
0.879362
0.908153
0.918207
0.917517
0.914315
0.912584
0.912351
-0.318795
-0.290376
-0.229243
-0.146492
-0.0515432
0.0511262
0.16071
0.277131
0.40051
0.531476
0.654234
0.753631
0.830412
0.885165
0.91715
0.929085
0.928116
0.922365
0.915305
0.898512
-0.337535
-0.308565
-0.246838
-0.163475
-0.0679436
0.0353724
0.14563
0.262864
0.387313
0.519917
0.645223
0.748548
0.830586
0.889825
0.925777
0.941954
0.943564
0.937064
0.922375
0.937083
-0.355735
-0.326079
-0.263886
-0.180094
-0.0841318
0.0196341
0.130252
0.248036
0.373169
0.506913
0.634223
0.740846
0.828484
0.892199
0.930791
0.950417
0.955699
0.946137
0.885277
0.86954
-0.373996
-0.343508
-0.28013
-0.196012
-0.0995467
0.00435683
0.114788
0.232906
0.358361
0.492663
0.621226
0.730083
0.823118
0.891433
0.927254
0.946196
0.942131
0.905897
0.838361
0.79778
-0.393007
-0.361827
-0.29515
-0.210931
-0.11381
-0.0103114
0.0996233
0.217647
0.342967
0.477167
0.606072
0.71603
0.812177
0.886294
0.936823
0.91463
0.886571
0.821977
0.750024
0.706513
0.0283408
0.14305
0.264282
0.393269
0.525796
0.646107
0.746399
0.584712
-0.413452
-0.394703
-0.356377
-0.285413
-0.195273
-0.0964094
0.0103394
0.123954
0.244382
0.372153
0.503548
0.623013
0.722037
0.80123
0.853837
0.809298
0.665503
0.576324
0.506634
-0.430882
-0.417836
-0.373335
-0.300906
-0.210389
-0.111296
-0.00505294
0.108067
0.227612
0.353979
0.483131
0.599181
0.691901
0.758551
0.755538
0.649824
0.5042
0.397273
0.307524
-0.453891
-0.441168
-0.393667
-0.320146
-0.229589
-0.130215
-0.0239287
0.0888457
0.20743
0.332146
0.458174
0.569087
0.651351
0.700779
0.661338
0.49922
0.333074
0.199344
0.081124
-0.477118
-0.464225
-0.41511
-0.340274
-0.249363
-0.14999
-0.0439966
0.0680426
0.18539
0.308012
0.430413
0.535382
0.610628
0.632212
0.546203
0.35334
0.155847
-0.0226055
-0.189278
-0.499567
-0.487145
-0.437225
-0.361254
-0.269921
-0.170552
-0.0649895
0.0461684
0.162096
0.28227
0.400537
0.498763
0.564741
0.548059
0.418319
0.218163
0.000248968
-0.206085
-0.392712
-0.522629
-0.510473
-0.460233
-0.383524
-0.291851
-0.192422
-0.0872157
0.0231174
0.137559
0.255128
0.369004
0.459786
0.512022
0.473324
0.301468
0.104997
-0.104933
-0.301718
-0.423155
-0.462189
-0.547037
-0.535019
-0.484503
-0.407382
-0.315564
-0.216179
-0.111398
-0.00201036
0.110712
0.22527
0.334203
0.41713
0.453776
0.392105
0.197001
0.00935211
-0.169443
-0.303904
-0.349562
-0.373277
-0.572928
-0.561034
-0.510306
-0.432951
-0.341139
-0.242002
-0.137829
-0.0296565
0.0809932
0.192027
0.295304
0.370065
0.386322
0.287255
0.103761
-0.0694882
-0.220423
-0.302905
-0.322966
-0.328377
-0.600631
-0.588721
-0.537771
-0.460245
-0.368565
-0.269844
-0.166526
-0.059854
0.0483548
0.155382
0.252252
0.31846
0.305787
0.186019
0.017172
-0.145653
-0.264279
-0.308281
-0.307881
-0.308952
-0.630049
-0.618232
-0.566927
-0.489271
-0.397834
-0.299706
-0.197484
-0.0925999
0.0127923
0.115353
0.20526
0.261297
0.231552
0.0908288
-0.0627541
-0.214015
-0.279142
-0.296984
-0.298003
-0.297628
-0.661038
-0.649235
-0.597671
-0.519943
-0.428859
-0.331533
-0.230645
-0.127867
-0.0256656
0.0720093
0.154564
0.198598
0.165686
0.00811459
-0.135459
-0.248567
-0.29791
-0.290921
-0.290754
-0.290767
-0.693107
-0.68123
-0.62974
-0.552009
-0.461448
-0.365143
-0.265865
-0.165517
-0.0668674
0.0256418
0.100437
0.135087
0.0876236
-0.0642529
-0.194205
-0.271401
-0.287115
-0.286024
-0.286132
-0.28595
-0.725751
-0.713792
-0.66256
-0.585041
-0.495232
-0.400204
-0.302845
-0.205256
-0.110541
-0.0233717
0.0436328
0.0669313
0.00156082
-0.126287
-0.238735
-0.25766
-0.274515
-0.281302
-0.282306
-0.282232
-0.757977
-0.746015
-0.695251
-0.618423
-0.529642
-0.436215
-0.341125
-0.246623
-0.156168
-0.0745957
-0.0141038
-0.00749928
-0.0754121
-0.181795
-0.254803
-0.305645
-0.288088
-0.28277
-0.280855
-0.280508
-0.787925
-0.776835
-0.726887
-0.651105
-0.563857
-0.472449
-0.380039
-0.288967
-0.202973
-0.127276
-0.0715741
-0.0749002
-0.147935
-0.231346
-0.28022
-0.286673
-0.285503
-0.282828
-0.281472
-0.28099
-0.814864
-0.804075
-0.756113
-0.681834
-0.596772
-0.507928
-0.418699
-0.331449
-0.249988
-0.180104
-0.129332
-0.133835
-0.215031
-0.287955
-0.295681
-0.295694
-0.296569
-0.292759
-0.289881
-0.288979
-0.836123
-0.826011
-0.780528
-0.709174
-0.627041
-0.541488
-0.455996
-0.373018
-0.296177
-0.231611
-0.186809
-0.187393
-0.265547
-0.367648
-0.416901
-0.383087
-0.344198
-0.321997
-0.31376
-0.310108
-0.849699
-0.840661
-0.798439
-0.731035
-0.653041
-0.571736
-0.490724
-0.41245
-0.340397
-0.280459
-0.240368
-0.231678
-0.290777
-0.405694
-0.488156
-0.409805
-0.363651
-0.345274
-0.336001
-0.331124
-0.852986
-0.845609
-0.807813
-0.745631
-0.672955
-0.597152
-0.521536
-0.448506
-0.38141
-0.32552
-0.285913
-0.255354
-0.250126
-0.247917
-0.346839
-0.308982
-0.301612
-0.300306
-0.299551
-0.29966
-0.844188
-0.838263
-0.806354
-0.751089
-0.685317
-0.616287
-0.547113
-0.480029
-0.418135
-0.365866
-0.322745
-0.262875
-0.143974
0.0702123
0.0849498
-0.0686535
-0.190542
-0.240882
-0.26141
-0.268899
-0.819926
-0.815738
-0.791359
-0.746001
-0.689142
-0.628168
-0.566393
-0.505819
-0.4497
-0.401298
-0.360718
-0.294582
-0.151933
0.113105
0.150893
-0.0923122
-0.259616
-0.327649
-0.353896
-0.364736
-0.783513
-0.780927
-0.764893
-0.730539
-0.684543
-0.632693
-0.578896
-0.525173
-0.474752
-0.432942
-0.402513
-0.405618
-0.565431
-0.955296
-1.142
-1.0387
-0.814746
-0.685504
-0.647761
-0.638768
-0.741563
-0.739933
-0.731947
-0.708575
-0.673627
-0.630907
-0.584808
-0.537594
-0.492302
-0.455574
-0.438978
-0.530574
-0.876307
-1.36271
-1.56139
-1.32306
-0.986416
-0.854987
-0.793365
-0.769192
-0.704106
-0.703057
-0.699482
-0.686344
-0.660269
-0.625068
-0.585403
-0.542667
-0.500249
-0.463128
-0.449927
-0.444548
-0.517116
-0.503495
-0.448349
-0.432422
-0.525719
-0.551492
-0.518567
-0.496101
-0.677553
-0.676986
-0.674737
-0.668141
-0.648959
-0.619223
-0.582789
-0.541866
-0.497662
-0.454969
-0.419487
-0.38811
-0.365237
-0.313104
-0.306932
-0.366784
-0.480874
-0.508654
-0.441412
-0.377751
-0.657892
-0.657421
-0.656554
-0.654181
-0.641815
-0.615815
-0.579606
-0.537434
-0.490549
-0.439629
-0.392874
-0.385455
-0.29933
-0.121023
0.0528698
0.182778
0.231706
0.240024
0.252287
0.269237
-0.646069
-0.645861
-0.645366
-0.643995
-0.637817
-0.614829
-0.577609
-0.531839
-0.47878
-0.419678
-0.359306
-0.303091
-0.190214
0.0582118
0.311353
0.524095
0.638673
0.69723
0.732643
0.746806
-0.638993
-0.638876
-0.638448
-0.638266
-0.636137
-0.616773
-0.577176
-0.525699
-0.464832
-0.396168
-0.314891
-0.235788
-0.0829023
0.17432
0.425271
0.63423
0.781057
0.901736
0.99552
1.04802
-0.635132
-0.635224
-0.635572
-0.636432
-0.636694
-0.620723
-0.578272
-0.521031
-0.454127
-0.373403
-0.27976
-0.183444
-0.0213207
0.25872
0.551474
0.819445
1.04301
1.21056
1.32407
1.37954
-0.628644
-0.629322
-0.630894
-0.633533
-0.634372
-0.620351
-0.578806
-0.520312
-0.44634
-0.355492
-0.255328
-0.150882
-0.0133645
0.260589
0.587714
0.905511
1.1749
1.36715
1.47505
1.5171
-0.623282
-0.623747
-0.620946
-0.613642
-0.606233
-0.602875
-0.579847
-0.525565
-0.445096
-0.347796
-0.241754
-0.127903
-0.0144218
0.231062
0.542949
0.823809
1.06707
1.23737
1.32715
1.35993
-0.652465
-0.65048
-0.639388
-0.615224
-0.598633
-0.605211
-0.602239
-0.542314
-0.450636
-0.343894
-0.233325
-0.125633
-0.0260595
0.160223
0.418102
0.655566
0.852812
0.986015
1.05313
1.07617
-0.736345
-0.733172
-0.736032
-0.746721
-0.750243
-0.742208
-0.687714
-0.577238
-0.457957
-0.340932
-0.229294
-0.129427
-0.0386189
0.0786686
0.28319
0.467681
0.621633
0.722433
0.770643
0.786726
-0.856331
-0.859854
-0.889985
-0.927376
-0.936065
-0.902206
-0.778692
-0.608789
-0.458417
-0.333303
-0.225603
-0.138049
-0.0642352
0.0111511
0.159967
0.299364
0.412471
0.48527
0.518366
0.52517
-0.86926
-0.87921
-0.910246
-0.944154
-0.951873
-0.906193
-0.762341
-0.58404
-0.43256
-0.312939
-0.216732
-0.142729
-0.0844487
-0.036696
0.0643667
0.164325
0.240242
0.287449
0.308146
0.313641
-0.677922
-0.689477
-0.718178
-0.751789
-0.764612
-0.722234
-0.604869
-0.477909
-0.365091
-0.272012
-0.195811
-0.138531
-0.0936998
-0.0598264
0.000880542
0.0598246
0.104234
0.130533
0.14016
0.142533
-0.352014
-0.359689
-0.377106
-0.401403
-0.42088
-0.413534
-0.375698
-0.323712
-0.269569
-0.216917
-0.167631
-0.127399
-0.0938932
-0.0681189
-0.0362533
-0.0101241
0.00631486
0.0133169
0.014938
0.0151607
-0.0657983
-0.0693061
-0.0783542
-0.0976312
-0.125757
-0.154601
-0.174372
-0.181229
-0.175565
-0.159292
-0.137712
-0.1152
-0.0925983
-0.0767115
-0.0649552
-0.0577336
-0.0570169
-0.0608739
-0.0634424
-0.0636526
0.091619
0.0897223
0.084275
0.0679775
0.0366142
-0.00605594
-0.0478081
-0.0809286
-0.101826
-0.110968
-0.111775
-0.107299
-0.09785
-0.0917299
-0.0907239
-0.0904669
-0.0939335
-0.0981516
-0.0999807
-0.100023
0.14466
0.143455
0.139352
0.126116
0.099305
0.0607852
0.0186968
-0.0202537
-0.0514885
-0.0741524
-0.0918956
-0.108536
-0.121955
-0.122202
-0.113826
-0.107448
-0.107162
-0.108446
-0.109096
-0.109231
0.146772
0.145981
0.142966
0.133354
0.11366
0.0844883
0.0501168
0.0149536
-0.0174537
-0.0461386
-0.0751422
-0.11225
-0.152548
-0.152751
-0.130961
-0.114726
-0.107133
-0.105098
-0.104475
-0.104369
0.131166
0.130706
0.12866
0.122185
0.108709
0.0881085
0.0623215
0.0340054
0.00569873
-0.0220314
-0.0532397
-0.0965103
-0.142349
-0.133491
-0.108454
-0.0932695
-0.0878972
-0.0872409
-0.087326
-0.0872926
0.112184
0.111961
0.110679
0.10656
0.0977637
0.0838651
0.0657191
0.0448322
0.0231171
0.00128835
-0.0226398
-0.0531692
-0.0800555
-0.0668964
-0.0539566
-0.0503775
-0.0522409
-0.0553296
-0.0567794
-0.0568705
0.0944995
0.0944358
0.093718
0.0912824
0.0858394
0.0769388
0.0649669
0.0508987
0.0363828
0.0227373
0.0123926
0.00478565
0.00221447
0.0127354
0.0145612
0.00727378
-0.00166681
-0.0070367
-0.00879537
-0.00910375
0.0790226
0.0790281
0.078715
0.0774016
0.0742976
0.0690145
0.0618043
0.0535081
0.0458672
0.0414698
0.0456566
0.0611649
0.0828788
0.0944862
0.0816549
0.0662414
0.0545326
0.049192
0.0476706
0.0467632
0.0652489
0.065333
0.0652406
0.0646851
0.063167
0.0604289
0.0567389
0.0529103
0.0508669
0.0540339
0.0697019
0.101199
0.138227
0.151164
0.129673
0.111188
0.100424
0.0963884
0.0950599
0.0940137
0.0523447
0.0524524
0.0525142
0.0524413
0.051953
0.0508954
0.0495835
0.0488424
0.0505911
0.0586024
0.0804791
0.118423
0.158766
0.173467
0.151105
0.135367
0.129109
0.12708
0.126198
0.124533
0.0397542
0.0398691
0.0400131
0.0401905
0.0402745
0.0402325
0.0403432
0.0413488
0.0449966
0.054781
0.0775317
0.113522
0.148012
0.156101
0.140285
0.131658
0.130402
0.131842
0.131418
0.129942
0.0271608
0.0272554
0.0273806
0.0276118
0.0280182
0.0284695
0.0291739
0.0307716
0.0345903
0.0434483
0.0625424
0.0908006
0.114338
0.115634
0.106603
0.105801
0.10937
0.112326
0.112252
0.110851
0.0147451
0.0148127
0.0148965
0.0151202
0.0154709
0.015976
0.0166606
0.0178865
0.0205255
0.0262144
0.0380951
0.0555633
0.0682792
0.0677259
0.0607283
0.0647448
0.0694991
0.074131
0.0738266
0.0723496
0.00874285
0.00879888
0.00892335
0.00909762
0.00933792
0.00971815
0.0103188
0.0115159
0.0140191
0.0191803
0.0285695
0.0394182
0.0417704
0.0363179
0.0363124
0.0410784
0.0462303
0.0470375
0.0463143
0.0134952
-0.362114
-0.0205501
0.197361
0.386038
0.538314
0.659407
0.755906
0.837964
0.897798
0.893291
0.134207
0.28551
0.425982
0.546967
0.650236
0.736247
0.807
0.862024
0.895474
0.907745
0.395788
0.491695
0.585004
0.668921
0.741736
0.803591
0.854301
0.893041
0.920536
0.939383
0.574676
0.638777
0.706019
0.767946
0.82117
0.867056
0.90543
0.936422
0.961328
0.979227
0.710931
0.757041
0.808779
0.854483
0.895689
0.931907
0.963266
0.989758
1.01184
1.02729
0.821831
0.859112
0.899521
0.936248
0.9704
1.00137
1.02882
1.05237
1.07202
1.08483
0.918826
0.951009
0.985599
1.01869
1.04978
1.07842
1.10396
1.12575
1.14349
1.15391
1.00947
1.04061
1.07467
1.10782
1.13868
1.16686
1.19166
1.21242
1.22859
1.23715
1.10399
1.13869
1.17538
1.21069
1.2425
1.27067
1.29478
1.31448
1.32924
1.33718
1.21665
1.25693
1.2961
1.33284
1.36456
1.39159
1.41411
1.43232
1.44597
1.45503
1.36039
1.40304
1.44065
1.47429
1.50226
1.52601
1.5466
1.56398
1.57781
1.58893
1.53818
1.57575
1.60374
1.62805
1.64905
1.66832
1.68655
1.70369
1.71957
1.73408
1.73583
1.75684
1.77173
1.78751
1.80377
1.81906
1.83277
1.84602
1.86152
1.87987
1.92641
1.93358
1.94412
1.95566
1.96557
1.97476
1.985
1.99609
2.0077
2.01656
2.13944
2.14121
2.13328
2.11676
2.10561
2.10504
2.11719
2.14179
2.1759
2.20044
2.55908
2.36519
2.26414
2.20626
2.17712
2.17049
2.18569
2.2265
2.30236
2.44531
-0.377329
-0.381833
-0.342117
-0.269646
-0.179013
-0.0792952
0.839305
0.905775
0.897024
0.814248
0.739501
0.665644
0.437242
0.215375
-0.0538682
-0.409321
-0.757283
)
;

boundaryField
{
    wall-4
    {
        type            zeroGradient;
    }
    pressure-outlet-7
    {
        type            fixedValue;
        value           uniform 0;
    }
    velocity-inlet-6
    {
        type            zeroGradient;
    }
    velocity-inlet-5
    {
        type            zeroGradient;
    }
    frontAndBackPlanes
    {
        type            empty;
    }
}


// ************************************************************************* //
