/*--------------------------------*- C++ -*----------------------------------*\
| =========                 |                                                 |
| \\      /  F ield         | OpenFOAM: The Open Source CFD Toolbox           |
|  \\    /   O peration     | Version:  4.0                                   |
|   \\  /    A nd           | Web:      www.OpenFOAM.org                      |
|    \\/     M anipulation  |                                                 |
\*---------------------------------------------------------------------------*/
FoamFile
{
    version     2.0;
    format      ascii;
    class       volScalarField;
    location    "17";
    object      p;
}
// * * * * * * * * * * * * * * * * * * * * * * * * * * * * * * * * * * * * * //

dimensions      [0 2 -2 0 0 0 0];

internalField   nonuniform List<scalar> 
8800
(
0.410909
0.363133
0.324466
0.295491
0.274648
0.259841
0.249265
0.241793
0.23695
0.234802
0.235872
0.23984
0.246277
0.255419
0.268065
0.2857
0.310407
0.344294
0.386791
0.445488
0.242121
0.249803
0.257315
0.260648
0.259176
0.254136
0.247688
0.241645
0.236924
0.234017
0.23358
0.235865
0.240124
0.245858
0.252455
0.258601
0.26214
0.261344
0.255839
0.247102
0.220485
0.226664
0.230829
0.233828
0.235932
0.236593
0.235538
0.233452
0.231398
0.230369
0.231121
0.233264
0.235829
0.237792
0.23821
0.236859
0.234388
0.230895
0.226286
0.222513
0.214598
0.217272
0.220107
0.222606
0.22433
0.225564
0.22636
0.226512
0.2262
0.226027
0.226541
0.227419
0.22797
0.22778
0.226949
0.225659
0.223663
0.220935
0.218434
0.216928
0.209167
0.210613
0.212522
0.214718
0.216666
0.218149
0.219227
0.220048
0.220619
0.221043
0.221419
0.221588
0.221374
0.220782
0.219773
0.218224
0.216251
0.214163
0.212726
0.211905
0.204086
0.205012
0.206447
0.208271
0.210153
0.211896
0.213347
0.2145
0.215444
0.216173
0.21654
0.216466
0.216003
0.215134
0.213826
0.212207
0.21048
0.208873
0.20789
0.207372
0.199414
0.20007
0.201279
0.202937
0.204695
0.20647
0.208181
0.209655
0.210804
0.211662
0.212132
0.212078
0.211473
0.210372
0.208971
0.207461
0.205903
0.204525
0.203759
0.203408
0.195111
0.195561
0.19662
0.19816
0.199771
0.201351
0.202905
0.204456
0.205892
0.207034
0.207565
0.207419
0.206782
0.205861
0.204754
0.203467
0.202076
0.200851
0.200239
0.200019
0.19164
0.191902
0.192811
0.194258
0.19582
0.197404
0.198986
0.20047
0.201858
0.203076
0.203821
0.203948
0.203594
0.202833
0.201804
0.20063
0.199358
0.198283
0.197829
0.197726
0.18928
0.189422
0.190025
0.191106
0.192344
0.193639
0.195007
0.196508
0.198039
0.199463
0.200423
0.200748
0.200585
0.200134
0.199492
0.198715
0.197856
0.197181
0.196924
0.196875
0.187095
0.187197
0.187537
0.18817
0.189004
0.190026
0.191233
0.19261
0.194148
0.195744
0.197015
0.197721
0.197981
0.197918
0.19766
0.197336
0.197003
0.196747
0.196629
0.196584
0.184175
0.184257
0.1845
0.184924
0.185644
0.186526
0.187707
0.189186
0.190928
0.192822
0.19445
0.195477
0.19602
0.196233
0.1962
0.196234
0.196225
0.196174
0.19612
0.196078
0.180445
0.180506
0.180745
0.181191
0.181742
0.18265
0.183863
0.185438
0.187378
0.189628
0.191715
0.193191
0.194114
0.194695
0.195093
0.195305
0.195414
0.195424
0.195404
0.195371
0.176119
0.176156
0.176406
0.176936
0.177689
0.178611
0.180011
0.181823
0.184104
0.186832
0.189478
0.191464
0.192814
0.193695
0.194267
0.194613
0.194762
0.194805
0.194824
0.194804
0.171339
0.171362
0.171608
0.172195
0.173103
0.174256
0.175847
0.177959
0.180677
0.184025
0.187366
0.189963
0.191787
0.193075
0.193881
0.194367
0.194593
0.194706
0.194762
0.194746
0.166089
0.166115
0.16637
0.167013
0.168013
0.169432
0.171305
0.173833
0.177147
0.181292
0.185502
0.18882
0.191243
0.192863
0.193983
0.194678
0.195066
0.19528
0.19537
0.195352
0.160129
0.160156
0.160468
0.161166
0.162305
0.163935
0.166214
0.169319
0.173417
0.178582
0.183869
0.188101
0.191128
0.193307
0.194763
0.195703
0.196276
0.196599
0.196719
0.196694
0.15314
0.153174
0.153561
0.154393
0.155699
0.157677
0.160474
0.164318
0.169426
0.175885
0.182511
0.187806
0.191714
0.194427
0.196292
0.197525
0.198303
0.198738
0.198889
0.198857
0.14479
0.144835
0.145299
0.146311
0.14798
0.15042
0.153894
0.158711
0.165123
0.173212
0.181487
0.188122
0.192961
0.196374
0.198721
0.200291
0.201291
0.201846
0.202034
0.201993
0.13469
0.13475
0.135351
0.136634
0.138737
0.141836
0.146256
0.152366
0.160446
0.170577
0.180884
0.189108
0.195092
0.199317
0.202235
0.204197
0.205451
0.206141
0.206375
0.206324
0.122292
0.122369
0.123155
0.12484
0.127581
0.131597
0.137296
0.145098
0.155323
0.168006
0.180779
0.190905
0.198258
0.203457
0.207055
0.209485
0.211041
0.211892
0.212179
0.212113
0.106839
0.106948
0.108006
0.110269
0.113921
0.119217
0.126656
0.136719
0.149709
0.165556
0.181296
0.193679
0.202656
0.209015
0.213431
0.216429
0.218356
0.219397
0.219742
0.21966
0.087199
0.087359
0.0888321
0.0919786
0.096984
0.104134
0.114019
0.12712
0.143636
0.163342
0.182587
0.197602
0.208479
0.216214
0.221622
0.225323
0.227721
0.229015
0.229429
0.229321
0.0615335
0.0617829
0.0639742
0.0686173
0.0757678
0.0857308
0.0991115
0.116268
0.137224
0.161548
0.184839
0.202852
0.215909
0.225259
0.231869
0.236452
0.23945
0.241071
0.241573
0.241432
0.0267938
0.027275
0.0309365
0.0383233
0.0490888
0.0634248
0.08179
0.104298
0.13072
0.160414
0.188234
0.209562
0.22506
0.23628
0.244346
0.250056
0.253861
0.255916
0.256521
0.256331
-0.0229918
-0.0213889
-0.0139497
-0.000948579
0.0161051
0.0371624
0.062406
0.0916758
0.124537
0.160225
0.19292
0.217777
0.23591
0.249225
0.259025
0.266179
0.271112
0.273843
0.274619
0.274354
-0.0974589
-0.0884028
-0.071384
-0.0482118
-0.0216916
0.00833599
0.0419734
0.0790248
0.119044
0.161298
0.19934
0.228167
0.249397
0.265304
0.277404
0.286702
0.293526
0.297618
0.298953
0.298919
-0.177067
-0.15668
-0.129411
-0.0959006
-0.0597112
-0.0206012
0.0215072
0.0665222
0.114115
0.163688
0.208135
0.242036
0.267385
0.286819
0.302068
0.314202
0.323642
0.330419
0.333028
0.333164
-0.240293
-0.217466
-0.182005
-0.140252
-0.0955271
-0.0480369
0.00213233
0.0548145
0.109679
0.166172
0.216502
0.254847
0.283628
0.30584
0.323384
0.337442
0.348434
0.356315
0.358602
0.359007
-0.291607
-0.266672
-0.226411
-0.178738
-0.127442
-0.0730655
-0.0159232
0.043648
0.105173
0.167999
0.223538
0.265582
0.296952
0.321006
0.339854
0.354867
0.36653
0.374621
0.377344
0.377791
-0.333396
-0.307691
-0.263958
-0.211857
-0.155392
-0.0954779
-0.0324833
0.0330748
0.100531
0.169029
0.229135
0.274188
0.307428
0.332628
0.352167
0.367572
0.379406
0.387435
0.390376
0.39079
-0.368966
-0.342823
-0.296653
-0.240931
-0.180279
-0.115703
-0.0477035
0.0230669
0.0958032
0.169412
0.233572
0.28123
0.316015
0.342071
0.361996
0.37746
0.389237
0.397215
0.400297
0.400703
-0.400227
-0.373878
-0.325805
-0.267143
-0.202964
-0.13439
-0.062023
0.0134049
0.090932
0.16928
0.237282
0.287367
0.323512
0.350239
0.370416
0.385878
0.397582
0.405407
0.408599
0.40899
-0.428641
-0.402108
-0.352501
-0.291353
-0.224156
-0.152091
-0.0758251
0.00382001
0.0857844
0.168609
0.240263
0.292682
0.330174
0.357607
0.378095
0.393637
0.405282
0.412969
0.416181
0.416586
-0.455054
-0.428342
-0.377457
-0.314129
-0.2443
-0.169173
-0.08944
-0.00596326
0.0801203
0.167189
0.242502
0.297402
0.336389
0.364652
0.385535
0.401217
0.412868
0.420388
0.423556
0.424042
-0.480154
-0.45321
-0.40111
-0.335928
-0.263786
-0.18594
-0.1031
-0.0161359
0.073798
0.165054
0.244128
0.301676
0.342334
0.37159
0.393003
0.408919
0.420617
0.428056
0.431116
0.43161
-0.5042
-0.47699
-0.423785
-0.357028
-0.282809
-0.202539
-0.11691
-0.0267489
0.0668254
0.162151
0.245056
0.30548
0.348061
0.378529
0.400652
0.416935
0.428766
0.436157
0.439079
0.439505
-0.527536
-0.499949
-0.445883
-0.377597
-0.301515
-0.2191
-0.13095
-0.0378637
0.0590859
0.158332
0.245184
0.30877
0.353595
0.385535
0.408569
0.425363
0.437408
0.444792
0.44755
0.447876
-0.550199
-0.522193
-0.46742
-0.397721
-0.320008
-0.235672
-0.145273
-0.0495583
0.0505066
0.153542
0.244407
0.311421
0.358858
0.392582
0.41675
0.434211
0.446564
0.453961
0.456588
0.456755
-0.572255
-0.543913
-0.48837
-0.417435
-0.338282
-0.252258
-0.159882
-0.0618176
0.0411029
0.14772
0.242596
0.31328
0.363672
0.39956
0.425146
0.443452
0.456197
0.463601
0.466092
0.4661
-0.593775
-0.565038
-0.508777
-0.436751
-0.356341
-0.268834
-0.174723
-0.0745846
0.0308886
0.140819
0.239627
0.314166
0.367868
0.406338
0.433687
0.453047
0.466265
0.473651
0.475955
0.475815
-0.614809
-0.585602
-0.528631
-0.455647
-0.374128
-0.28534
-0.189728
-0.0878066
0.0198992
0.132823
0.235395
0.313863
0.371222
0.41275
0.442303
0.462955
0.476677
0.483963
0.485983
0.485716
-0.635173
-0.605531
-0.547907
-0.474077
-0.391589
-0.301703
-0.204833
-0.101396
0.00822048
0.123777
0.229813
0.31217
0.373421
0.418523
0.45089
0.473209
0.487398
0.494354
0.495975
0.495576
-0.654841
-0.624795
-0.566574
-0.491987
-0.40867
-0.317863
-0.219939
-0.115258
-0.0040535
0.113729
0.22285
0.308908
0.374124
0.42326
0.459254
0.483984
0.498672
0.504748
0.505619
0.505106
-0.673871
-0.643348
-0.584598
-0.509342
-0.425309
-0.333735
-0.234952
-0.129281
-0.016812
0.102778
0.21451
0.30395
0.373009
0.426413
0.466954
0.49546
0.511324
0.515618
0.514644
0.513997
-0.692109
-0.661182
-0.601929
-0.526078
-0.441446
-0.349238
-0.24978
-0.14335
-0.0299226
0.0910538
0.204852
0.297216
0.369789
0.42727
0.473048
0.507299
0.526768
0.529705
0.524506
0.522464
-0.709644
-0.678296
-0.618592
-0.542225
-0.457118
-0.364423
-0.264479
-0.157523
-0.0434502
0.0784933
0.193777
0.288477
0.36417
0.425013
0.475903
0.517784
0.544997
0.552763
0.543973
0.522544
-0.726419
-0.694702
-0.634708
-0.557958
-0.472601
-0.379603
-0.279446
-0.172267
-0.0579279
0.0644425
0.180579
0.276854
0.355318
0.418446
0.472247
0.521439
0.55606
0.563219
0.547651
0.522476
-0.742293
-0.710582
-0.650113
-0.573029
-0.48762
-0.394445
-0.29446
-0.187256
-0.073024
0.0492321
0.165487
0.262223
0.342856
0.40717
0.457624
0.506818
0.538382
0.535115
0.465305
0.423358
-0.756686
-0.726909
-0.66444
-0.58688
-0.501496
-0.408502
-0.30924
-0.202274
-0.0885196
0.0330265
0.148551
0.244559
0.326132
0.391833
0.432793
0.462158
0.478964
0.435748
0.360217
0.311019
-0.809792
-0.740581
-0.677434
-0.60095
-0.515607
-0.423103
-0.323853
-0.217566
-0.104721
0.0154764
0.129356
0.223596
0.302976
0.373921
0.383465
0.391731
0.363146
0.297463
0.212988
0.165513
-0.769672
-0.75491
-0.695871
-0.620926
-0.535837
-0.44387
-0.345826
-0.2407
-0.129629
-0.0121533
0.0976804
0.187545
0.258367
0.321015
0.324669
0.207192
0.0926465
0.0140027
-0.068176
-0.0246772
-0.797951
-0.770408
-0.711289
-0.636204
-0.551673
-0.460142
-0.362107
-0.257914
-0.148347
-0.0333741
0.0726404
0.157504
0.221033
0.252826
0.199778
0.0368376
-0.112272
-0.217711
-0.333411
-0.264618
-0.819376
-0.788517
-0.728932
-0.653458
-0.569119
-0.477839
-0.38014
-0.277053
-0.169273
-0.0573098
0.0442351
0.122812
0.176433
0.180257
0.0610229
-0.151633
-0.336991
-0.479812
-0.647103
-0.586102
-0.839838
-0.807557
-0.747087
-0.670967
-0.58659
-0.495549
-0.398545
-0.296661
-0.190821
-0.0821587
0.0142262
0.0859457
0.126286
0.0914076
-0.0947409
-0.342533
-0.581425
-0.797352
-1.04086
-1.03013
-0.859173
-0.826836
-0.765751
-0.689085
-0.604655
-0.513911
-0.417683
-0.317079
-0.213367
-0.108279
-0.0175714
0.0467756
0.0696958
-0.00638102
-0.245428
-0.517649
-0.803139
-1.06019
-1.37935
-1.75006
-0.878506
-0.846444
-0.785118
-0.708162
-0.623675
-0.53319
-0.437654
-0.338326
-0.23678
-0.135412
-0.0505221
0.00590653
0.0118736
-0.115647
-0.37897
-0.654473
-0.938414
-1.17888
-1.277
-1.42914
-0.898435
-0.866789
-0.805445
-0.728455
-0.64402
-0.55387
-0.459093
-0.361165
-0.262035
-0.164772
-0.086109
-0.0386456
-0.0554168
-0.238787
-0.49703
-0.754058
-0.983427
-1.12762
-1.15599
-1.18433
-0.919324
-0.887979
-0.826884
-0.749964
-0.66573
-0.576042
-0.482208
-0.385902
-0.289517
-0.196856
-0.124915
-0.0876564
-0.13389
-0.354553
-0.604208
-0.83374
-1.01574
-1.09421
-1.11248
-1.11573
-0.941334
-0.910112
-0.849347
-0.772616
-0.688679
-0.599614
-0.506895
-0.41244
-0.319121
-0.231547
-0.166773
-0.14199
-0.216233
-0.463827
-0.707386
-0.913845
-1.05464
-1.08717
-1.08685
-1.08653
-0.964369
-0.93326
-0.872785
-0.796312
-0.712784
-0.624464
-0.533015
-0.440625
-0.350621
-0.268574
-0.211424
-0.199071
-0.302011
-0.568275
-0.811158
-0.993548
-1.04578
-1.06816
-1.07461
-1.07538
-0.988144
-0.957237
-0.896992
-0.820886
-0.737851
-0.650402
-0.56037
-0.470217
-0.383728
-0.307473
-0.258279
-0.255603
-0.397089
-0.664891
-0.916519
-1.07406
-1.08502
-1.08019
-1.07665
-1.07549
-1.01217
-0.981605
-0.921716
-0.846075
-0.763614
-0.677126
-0.588621
-0.500842
-0.417968
-0.347564
-0.306123
-0.315718
-0.487069
-0.750099
-1.01301
-1.18264
-1.13412
-1.09935
-1.0804
-1.07407
-1.03583
-1.00586
-0.946553
-0.871463
-0.789625
-0.704196
-0.617281
-0.531941
-0.452685
-0.387964
-0.353763
-0.381035
-0.563351
-0.794198
-1.05798
-1.19266
-1.1551
-1.09114
-1.05809
-1.04973
-1.05865
-1.02923
-0.971114
-0.896485
-0.815359
-0.731005
-0.645708
-0.562732
-0.486998
-0.427404
-0.400038
-0.441882
-0.642548
-0.771645
-0.903225
-1.11775
-1.1553
-1.13079
-1.10967
-1.09354
-1.07958
-1.05118
-0.994084
-0.920392
-0.840101
-0.756804
-0.673077
-0.59223
-0.519689
-0.464395
-0.444174
-0.494819
-0.754773
-0.818436
-0.580341
-0.685466
-1.19598
-1.52553
-1.50531
-1.48233
-1.0975
-1.07061
-1.01501
-0.942216
-0.862864
-0.780671
-0.698461
-0.619186
-0.549075
-0.49742
-0.484864
-0.545147
-0.941427
-1.19342
-0.981626
-1.08118
-1.44509
-1.61123
-1.53759
-1.57512
-1.11141
-1.08644
-1.03275
-0.961043
-0.882625
-0.801542
-0.720377
-0.642378
-0.573254
-0.524405
-0.517703
-0.609991
-1.21697
-2.13414
-3.18824
-3.74429
-3.666
-3.0863
-2.50597
-2.33823
-1.11995
-1.09757
-1.04625
-0.975768
-0.898278
-0.81817
-0.737845
-0.660242
-0.590555
-0.540302
-0.534444
-0.660458
-1.40129
-2.62856
-4.05367
-4.54138
-4.47592
-4.05498
-3.52805
-3.21497
-1.12257
-1.10296
-1.05432
-0.985323
-0.90874
-0.829504
-0.749654
-0.67175
-0.599031
-0.540961
-0.526224
-0.598512
-1.12871
-1.78718
-2.45293
-2.78173
-2.67128
-2.34499
-2.02036
-1.82776
-1.11713
-1.10065
-1.05573
-0.988583
-0.912843
-0.834497
-0.755258
-0.67636
-0.598671
-0.52554
-0.472077
-0.460615
-0.491069
-0.416893
-0.194069
0.0996158
0.418789
0.674592
0.848891
0.924557
-1.10291
-1.08954
-1.04873
-0.983895
-0.9094
-0.832618
-0.754575
-0.674648
-0.590429
-0.496281
-0.396368
-0.318276
-0.0411789
0.473255
1.07993
1.65754
2.10401
2.37751
2.50691
2.54395
-1.0783
-1.06831
-1.0319
-0.969825
-0.897443
-0.823475
-0.748206
-0.669365
-0.580918
-0.469322
-0.333704
-0.191194
0.0488465
0.643381
1.30216
1.87043
2.2894
2.54143
2.66277
2.6988
-1.04127
-1.03433
-1.00239
-0.944011
-0.876342
-0.80747
-0.738488
-0.666333
-0.582056
-0.461311
-0.294508
-0.113426
0.0763147
0.518135
1.068
1.53107
1.87144
2.07656
2.18039
2.21409
-0.98678
-0.981917
-0.955984
-0.905513
-0.845596
-0.786012
-0.728823
-0.671358
-0.598937
-0.489265
-0.30692
-0.0973705
0.109395
0.354711
0.722448
1.05694
1.31909
1.48416
1.57543
1.60628
-0.917951
-0.913825
-0.894433
-0.855198
-0.80757
-0.761816
-0.722176
-0.689731
-0.660327
-0.601691
-0.457403
-0.222157
0.000295483
0.158247
0.369419
0.593937
0.779721
0.902309
0.965246
0.983377
-0.835823
-0.833298
-0.821442
-0.79687
-0.766586
-0.739661
-0.723615
-0.727527
-0.764502
-0.846891
-0.843409
-0.593844
-0.301001
-0.128153
0.0547308
0.242625
0.388164
0.486407
0.542898
0.554196
-0.760694
-0.75963
-0.753853
-0.741925
-0.728308
-0.720839
-0.730804
-0.780585
-0.920671
-1.22314
-1.46796
-1.19102
-0.743989
-0.50605
-0.303587
-0.103919
0.0522953
0.150446
0.192161
0.197428
-0.692324
-0.692572
-0.691326
-0.687776
-0.686528
-0.695326
-0.728928
-0.822491
-1.06926
-1.60995
-2.1668
-1.85827
-1.22454
-0.881613
-0.594452
-0.361049
-0.200826
-0.111339
-0.0774247
-0.07644
-0.617924
-0.6194
-0.620057
-0.620861
-0.626775
-0.64521
-0.692091
-0.805332
-1.08833
-1.72592
-2.33885
-2.03864
-1.45416
-1.07273
-0.752432
-0.519421
-0.381329
-0.318905
-0.29805
-0.297338
-0.52562
-0.527311
-0.529087
-0.532113
-0.540012
-0.559102
-0.602593
-0.70437
-0.954119
-1.48959
-1.95137
-1.72698
-1.32324
-0.983155
-0.709874
-0.541827
-0.470552
-0.449335
-0.441203
-0.438825
-0.41917
-0.420702
-0.422705
-0.425798
-0.432277
-0.446193
-0.476119
-0.543758
-0.704354
-1.03874
-1.30067
-1.1695
-0.902062
-0.661118
-0.510308
-0.453671
-0.448696
-0.453848
-0.45373
-0.451897
-0.309819
-0.310854
-0.312585
-0.31476
-0.318527
-0.32544
-0.339348
-0.369728
-0.439147
-0.578568
-0.683025
-0.588507
-0.439533
-0.343178
-0.316402
-0.331961
-0.351037
-0.362967
-0.366138
-0.365743
-0.209861
-0.210393
-0.211615
-0.212793
-0.214017
-0.215319
-0.217328
-0.221735
-0.23223
-0.247521
-0.227812
-0.198557
-0.139917
-0.146419
-0.176176
-0.208478
-0.230172
-0.241785
-0.246012
-0.246683
-0.127327
-0.1275
-0.128287
-0.128851
-0.128609
-0.12684
-0.122775
-0.115065
-0.101584
-0.0775486
-0.0445763
-0.0323964
-0.0225438
-0.0496818
-0.0841729
-0.111131
-0.128129
-0.137224
-0.141257
-0.142367
-0.0647669
-0.0647518
-0.06528
-0.0656485
-0.0650186
-0.0623832
-0.0566005
-0.0458794
-0.027902
-0.000816579
0.0245736
0.0262311
0.0186725
-0.00362313
-0.0283323
-0.0469033
-0.0586149
-0.0650165
-0.0680675
-0.0690749
-0.0207875
-0.0207106
-0.0211237
-0.021522
-0.0210859
-0.0188755
-0.0137966
-0.00436602
0.0107791
0.0313078
0.0467669
0.0453834
0.0348012
0.0190711
0.00330412
-0.00872635
-0.0165367
-0.0209255
-0.0230804
-0.0237505
0.00801213
0.0080836
0.00772979
0.00723224
0.00734085
0.00882003
0.0124666
0.0192816
0.0299759
0.0434748
0.0519868
0.0497951
0.0412673
0.0305814
0.0204823
0.0126159
0.00729323
0.00422287
0.00275323
0.00226729
0.0255013
0.0255397
0.0252215
0.0246602
0.0244637
0.0252343
0.0275625
0.0320227
0.0388551
0.0470246
0.0513886
0.0490907
0.0429227
0.0356996
0.0290609
0.0237526
0.019997
0.0177768
0.0167522
0.0164147
0.0351199
0.0351208
0.0348202
0.0342298
0.0338216
0.0340284
0.0352518
0.0378756
0.041957
0.0465753
0.0484792
0.0463063
0.0419481
0.0370401
0.0325393
0.0288561
0.0261552
0.0245291
0.0238081
0.0235804
0.0395101
0.0394832
0.0391943
0.0385978
0.038075
0.0379115
0.0383734
0.0396671
0.0418023
0.0441544
0.0447439
0.042853
0.0396911
0.0362455
0.0330985
0.0304818
0.0285125
0.0273152
0.0268038
0.0266469
0.0404975
0.0404554
0.04018
0.0396065
0.0390295
0.0386427
0.0386301
0.0391162
0.0400633
0.0410188
0.0408167
0.0391333
0.0367532
0.034265
0.0320026
0.0301018
0.0286481
0.0277615
0.0273953
0.0272857
0.0392826
0.0392355
0.0389792
0.0384461
0.0378583
0.037351
0.0370417
0.0370017
0.0372041
0.0373444
0.036745
0.0352874
0.033458
0.0316114
0.0299471
0.0285447
0.0274632
0.0268046
0.0265401
0.0264624
0.0366533
0.0366082
0.0363815
0.0359071
0.0353505
0.0348094
0.0343604
0.034041
0.0338222
0.0335036
0.0327157
0.0314465
0.0300029
0.0285987
0.027349
0.0262976
0.0254847
0.0249911
0.0247972
0.0247414
0.0331336
0.0330939
0.0329019
0.0324929
0.0319913
0.0314669
0.0309682
0.0305156
0.0300856
0.0295428
0.0286978
0.0276037
0.0264539
0.0253715
0.0244212
0.0236257
0.0230111
0.0226391
0.0224956
0.0224551
0.0290652
0.0290322
0.0288758
0.0285355
0.0281026
0.0276287
0.0271424
0.026653
0.026142
0.0255209
0.024708
0.0237804
0.0228611
0.02202
0.0212917
0.020686
0.0202187
0.0199371
0.0198306
0.0198011
0.0246714
0.0246448
0.0245218
0.0242485
0.0238898
0.0234846
0.0230482
0.0225841
0.0220778
0.0214704
0.0207393
0.0199697
0.0192405
0.0185886
0.0180311
0.0175701
0.0172155
0.0170032
0.0169245
0.0169032
0.020095
0.0200742
0.0199806
0.0197688
0.0194837
0.019154
0.0187875
0.0183847
0.0179348
0.0173991
0.0167839
0.0161681
0.0156026
0.015106
0.0146849
0.014338
0.0140719
0.013914
0.0138566
0.0138412
0.0154235
0.0154078
0.0153391
0.0151817
0.014966
0.0147133
0.0144276
0.0141077
0.0137454
0.0133158
0.0128363
0.0123712
0.0119528
0.0115891
0.0112818
0.0110284
0.0108341
0.0107198
0.0106789
0.0106678
0.0107056
0.0106944
0.0106466
0.010536
0.0103844
0.0102079
0.0100081
0.00978315
0.00952693
0.00922421
0.00889174
0.00857505
0.00829348
0.0080495
0.00784231
0.00766964
0.00753573
0.00745682
0.00742884
0.00742096
0.0059616
0.00595416
0.00592541
0.00585877
0.00577026
0.00567096
0.00556016
0.0054357
0.00529403
0.00512761
0.00494587
0.00477391
0.00462174
0.0044896
0.00437616
0.00427904
0.00420111
0.0041545
0.00413767
0.0041318
0.00121089
0.00121253
0.00122209
0.00122261
0.00120654
0.00118312
0.0011558
0.00112563
0.00109125
0.00105041
0.00100386
0.000958157
0.000918118
0.000883536
0.000854185
0.000829333
0.000809254
0.000799747
0.000805454
0.000810981
-0.748155
-0.521584
-0.265574
-0.0556809
0.114721
0.252159
0.368354
0.46651
0.511664
0.489224
-0.341748
-0.186503
-0.024748
0.114619
0.233019
0.332305
0.413195
0.471085
0.501204
0.512428
-0.0635672
0.0393691
0.14765
0.243968
0.327119
0.396937
0.452466
0.493024
0.521465
0.538539
0.131172
0.201842
0.277665
0.346441
0.406218
0.456826
0.498103
0.530588
0.556195
0.573917
0.278118
0.329186
0.383407
0.434651
0.479784
0.518917
0.552045
0.579201
0.601319
0.618813
0.396022
0.433814
0.476793
0.517191
0.553904
0.586509
0.614718
0.638135
0.657119
0.674309
0.496786
0.528227
0.565616
0.600673
0.633181
0.662473
0.687895
0.708843
0.72512
0.742158
0.590389
0.621318
0.657429
0.691279
0.722456
0.75038
0.774319
0.793603
0.807516
0.824575
0.68882
0.723032
0.76095
0.795643
0.826678
0.853718
0.876363
0.894159
0.906417
0.923866
0.805786
0.844002
0.883486
0.918487
0.948448
0.973726
0.994532
1.01076
1.0225
1.04062
0.951963
0.990926
1.02734
1.05844
1.08449
1.1069
1.12623
1.14197
1.15457
1.17261
1.12743
1.15949
1.18594
1.20859
1.22879
1.24771
1.26557
1.28217
1.29763
1.31574
1.31647
1.33384
1.34911
1.36551
1.38154
1.39618
1.40948
1.42348
1.44109
1.46128
1.49863
1.50813
1.51974
1.5306
1.53993
1.54961
1.56051
1.57195
1.58335
1.59873
1.7059
1.70961
1.69468
1.67989
1.67371
1.67946
1.69796
1.72831
1.76052
1.78719
2.01222
1.87738
1.80083
1.75859
1.74118
1.74515
1.77259
1.829
1.93163
2.15601
0.301503
0.299387
0.294904
0.286295
0.274098
0.262003
0.25181
0.243939
0.238311
0.234988
0.234476
0.236986
0.241865
0.248886
0.258104
0.269512
0.282063
0.293026
0.299111
0.302133
0.225897
0.23175
0.238114
0.242646
0.245153
0.244871
0.242176
0.238393
0.234882
0.232554
0.232238
0.234193
0.237607
0.241675
0.2453
0.247033
0.245981
0.242402
0.237161
0.230511
0.217418
0.219718
0.223167
0.226238
0.228394
0.229962
0.230775
0.230503
0.229478
0.228508
0.228493
0.229668
0.231215
0.23226
0.232216
0.231134
0.229412
0.226925
0.223554
0.220587
0.211835
0.212917
0.214819
0.217308
0.219448
0.220985
0.222092
0.222888
0.22329
0.223435
0.22372
0.224216
0.224496
0.224267
0.223582
0.222481
0.220781
0.218492
0.216247
0.214814
0.206584
0.20723
0.20844
0.21035
0.212347
0.214175
0.215626
0.216726
0.21761
0.218315
0.218807
0.21899
0.218807
0.218275
0.217337
0.215914
0.214133
0.212259
0.210704
0.209872
0.201698
0.202119
0.203026
0.204609
0.206407
0.208223
0.209948
0.211417
0.212577
0.213481
0.214097
0.214287
0.213996
0.21323
0.212009
0.210498
0.208878
0.207295
0.206071
0.205513
0.197207
0.197489
0.198227
0.199652
0.201328
0.203001
0.204679
0.206331
0.20781
0.208993
0.209765
0.20994
0.209513
0.208599
0.207409
0.206079
0.204642
0.203206
0.20217
0.201768
0.193228
0.193379
0.193976
0.195291
0.196872
0.198463
0.20001
0.201502
0.202938
0.204255
0.205196
0.205492
0.205233
0.204599
0.203674
0.202517
0.201219
0.199913
0.199021
0.198762
0.190357
0.190416
0.190841
0.191935
0.193352
0.194813
0.196344
0.197893
0.199413
0.200825
0.201941
0.202471
0.2024
0.20189
0.201074
0.200121
0.199043
0.197978
0.197329
0.197186
0.188245
0.18828
0.18853
0.189186
0.190134
0.191195
0.192356
0.193676
0.195141
0.196679
0.198029
0.19884
0.199106
0.199018
0.198721
0.198241
0.197676
0.197142
0.196835
0.196753
0.185742
0.185774
0.185945
0.186341
0.186964
0.187815
0.188903
0.190233
0.191772
0.193471
0.195112
0.196281
0.196898
0.197108
0.196989
0.196825
0.196699
0.196551
0.196444
0.19639
0.1824
0.182422
0.182568
0.182905
0.183411
0.18413
0.18515
0.186489
0.18817
0.190137
0.192156
0.193723
0.194659
0.195166
0.195533
0.195748
0.195815
0.19583
0.195795
0.19576
0.178337
0.178342
0.178477
0.178846
0.179421
0.180177
0.181281
0.182755
0.184644
0.186937
0.18943
0.191512
0.192919
0.193833
0.194406
0.194774
0.194998
0.19507
0.195076
0.195067
0.173785
0.173781
0.173904
0.17432
0.175011
0.175923
0.17716
0.17887
0.181092
0.183852
0.186953
0.189639
0.191544
0.192847
0.193729
0.194265
0.194548
0.194664
0.194718
0.194729
0.168788
0.168768
0.1689
0.169336
0.170093
0.171193
0.172729
0.174692
0.17733
0.180696
0.184554
0.187984
0.190484
0.192218
0.193402
0.194194
0.194629
0.19486
0.194979
0.195004
0.163234
0.163211
0.163369
0.163836
0.164685
0.165943
0.167705
0.170115
0.173344
0.177504
0.182324
0.186681
0.189893
0.192134
0.193715
0.194747
0.195387
0.195763
0.195949
0.195982
0.156811
0.156783
0.15697
0.157516
0.158471
0.159951
0.162066
0.165024
0.169021
0.1742
0.180232
0.185705
0.189728
0.192667
0.194671
0.196021
0.196897
0.19743
0.197682
0.197726
0.149172
0.149136
0.149364
0.150032
0.151226
0.153007
0.155608
0.159291
0.164285
0.170763
0.178308
0.185147
0.190255
0.193895
0.19643
0.198149
0.199289
0.199991
0.200314
0.200368
0.139979
0.139932
0.140235
0.141081
0.142555
0.144812
0.148103
0.152738
0.159017
0.167151
0.176585
0.185109
0.19145
0.195984
0.19914
0.201294
0.202732
0.20362
0.204023
0.20409
0.128788
0.128732
0.129142
0.130247
0.132138
0.135026
0.139234
0.145138
0.153107
0.163348
0.175115
0.185674
0.193491
0.199086
0.202993
0.205665
0.207456
0.208568
0.209069
0.209147
0.114949
0.114883
0.115452
0.116926
0.119412
0.123191
0.128666
0.136296
0.14647
0.159363
0.173985
0.186982
0.196562
0.203418
0.208215
0.211508
0.213721
0.215099
0.215721
0.215815
0.0974961
0.097421
0.0982368
0.100268
0.103638
0.108719
0.115996
0.12597
0.139019
0.155241
0.173315
0.189193
0.200844
0.20919
0.21505
0.219094
0.221825
0.22353
0.224304
0.224415
0.0750131
0.0749492
0.0761825
0.079079
0.0838028
0.0908286
0.100707
0.11391
0.130728
0.151082
0.173254
0.192471
0.206515
0.216605
0.223739
0.228703
0.232083
0.234199
0.235153
0.235286
0.0451526
0.0451519
0.0471433
0.051533
0.0585322
0.0686583
0.0823989
0.100066
0.121733
0.14709
0.174001
0.196981
0.213722
0.225819
0.234472
0.240579
0.244793
0.247448
0.248632
0.248789
0.00362151
0.00384937
0.00755317
0.0150822
0.026268
0.0415401
0.061006
0.0846822
0.112383
0.143593
0.175791
0.202866
0.222545
0.236882
0.247313
0.254843
0.260164
0.263562
0.265042
0.265217
-0.0574021
-0.055763
-0.0469422
-0.0328032
-0.0138247
0.00960947
0.0370825
0.0683996
0.103233
0.140973
0.178817
0.210164
0.232915
0.249648
0.26206
0.2713
0.278047
0.282449
0.284388
0.284617
-0.13043
-0.127759
-0.111299
-0.086468
-0.0569321
-0.0239987
0.0122389
0.0517462
0.0942622
0.139269
0.183776
0.220587
0.247601
0.267886
0.283372
0.295324
0.304593
0.310474
0.312523
0.313172
-0.205634
-0.197156
-0.172852
-0.137905
-0.0987588
-0.0566555
-0.0117717
0.0358585
0.0860372
0.138325
0.189557
0.231885
0.263144
0.28692
0.305444
0.320088
0.331583
0.339135
0.342769
0.34396
-0.263682
-0.253873
-0.224636
-0.183063
-0.13652
-0.0867837
-0.0342733
0.0208084
0.0781592
0.137278
0.194693
0.241855
0.276593
0.302997
0.323548
0.339778
0.35251
0.361374
0.366075
0.367445
-0.310669
-0.300313
-0.267682
-0.221369
-0.169295
-0.113554
-0.0547554
0.00674824
0.0704685
0.135759
0.198702
0.249993
0.28744
0.315623
0.337344
0.354367
0.367652
0.377169
0.382119
0.383579
-0.349514
-0.339091
-0.304407
-0.254439
-0.197949
-0.137372
-0.0733233
-0.00630239
0.0630184
0.133817
0.201692
0.256507
0.296098
0.325562
0.348017
0.365407
0.378829
0.388358
0.393316
0.394881
-0.383182
-0.372792
-0.336551
-0.283697
-0.223591
-0.158932
-0.0903833
-0.0185674
0.0557436
0.131521
0.203899
0.26196
0.303481
0.334008
0.356959
0.374498
0.387907
0.397428
0.402388
0.40389
-0.413192
-0.402867
-0.365468
-0.310268
-0.247136
-0.178984
-0.1065
-0.0303915
0.0484606
0.128879
0.205537
0.266663
0.309958
0.341438
0.364831
0.382526
0.395933
0.405427
0.410419
0.411768
-0.440756
-0.430454
-0.392144
-0.334917
-0.269216
-0.198007
-0.122041
-0.0420788
0.0409329
0.125702
0.206437
0.270594
0.315742
0.348276
0.37221
0.390121
0.403581
0.413057
0.418056
0.419266
-0.466637
-0.456336
-0.417207
-0.35823
-0.290267
-0.216386
-0.137342
-0.0539026
0.0329316
0.121796
0.20661
0.273958
0.321133
0.354861
0.379447
0.397673
0.411241
0.420696
0.425689
0.426795
-0.491284
-0.48096
-0.441088
-0.380594
-0.310638
-0.234374
-0.15258
-0.0660009
0.0243714
0.117195
0.206083
0.276767
0.326189
0.361333
0.386743
0.40541
0.419178
0.428662
0.433622
0.434686
-0.515072
-0.504664
-0.464064
-0.40227
-0.330505
-0.252116
-0.167862
-0.0784354
0.0152267
0.111798
0.204717
0.278938
0.330894
0.36774
0.394193
0.413457
0.427532
0.437102
0.441964
0.443016
-0.538187
-0.527613
-0.486357
-0.423395
-0.34999
-0.269736
-0.183273
-0.0912675
0.00538698
0.10549
0.202431
0.280387
0.335179
0.37403
0.401791
0.421844
0.436346
0.446067
0.450835
0.45186
-0.560644
-0.549885
-0.508084
-0.443991
-0.369165
-0.287248
-0.198833
-0.104543
-0.00517037
0.0982447
0.199126
0.280987
0.338948
0.380143
0.409514
0.43057
0.44563
0.455545
0.460229
0.461148
-0.582573
-0.571596
-0.529246
-0.464104
-0.388029
-0.304653
-0.214529
-0.118218
-0.0164044
0.0900489
0.194705
0.28057
0.342022
0.385976
0.417298
0.439591
0.455339
0.465482
0.470056
0.470838
-0.603906
-0.592712
-0.549822
-0.483745
-0.40657
-0.321915
-0.230296
-0.132228
-0.0282782
0.0808984
0.189106
0.278974
0.344159
0.391309
0.425018
0.448856
0.465421
0.475792
0.480222
0.48081
-0.624665
-0.61323
-0.569786
-0.502882
-0.424735
-0.338972
-0.246073
-0.146504
-0.0407249
0.0708382
0.182292
0.276046
0.345115
0.395859
0.432511
0.458323
0.475841
0.486314
0.490433
0.490812
-0.6447
-0.633095
-0.589109
-0.521472
-0.442467
-0.355751
-0.261792
-0.160962
-0.0536465
0.0599489
0.174254
0.271662
0.344644
0.399312
0.439545
0.468001
0.486729
0.497042
0.500528
0.500616
-0.664112
-0.652261
-0.607764
-0.539478
-0.459734
-0.372209
-0.277353
-0.175507
-0.0669404
0.0483329
0.16504
0.265737
0.342486
0.401231
0.445685
0.47783
0.498511
0.508303
0.510314
0.509867
-0.682776
-0.670676
-0.625728
-0.556851
-0.476454
-0.388262
-0.292672
-0.190016
-0.0804846
0.0360846
0.154739
0.258235
0.338455
0.401131
0.450221
0.487401
0.511812
0.521573
0.520466
0.518167
-0.700724
-0.688419
-0.642955
-0.573546
-0.492591
-0.403844
-0.307672
-0.204409
-0.0941579
0.0233653
0.143477
0.249168
0.332442
0.398577
0.452087
0.495437
0.526412
0.5397
0.535913
0.524517
-0.717892
-0.705428
-0.659555
-0.589702
-0.508343
-0.41923
-0.322678
-0.21908
-0.108417
0.0096448
0.13066
0.237871
0.323734
0.392844
0.449628
0.499321
0.539429
0.560518
0.559293
0.549569
-0.734258
-0.721587
-0.675543
-0.605286
-0.523706
-0.434422
-0.337666
-0.234037
-0.123281
-0.00514572
0.116174
0.224119
0.311779
0.383344
0.440666
0.492863
0.53701
0.561812
0.540051
0.476793
-0.749616
-0.736211
-0.690839
-0.620288
-0.53882
-0.449545
-0.352678
-0.249156
-0.138671
-0.0209033
0.100043
0.207877
0.295976
0.369891
0.424909
0.46699
0.50657
0.5107
0.45727
0.385868
-0.764127
-0.750613
-0.705282
-0.634216
-0.553367
-0.464137
-0.367911
-0.264377
-0.154432
-0.0374388
0.0823575
0.189092
0.275683
0.353436
0.403928
0.450859
0.433423
0.402639
0.330954
0.254529
-0.748533
-0.731039
-0.684263
-0.610616
-0.525358
-0.43291
-0.331999
-0.226081
-0.113784
0.00559983
0.11842
0.211628
0.288797
0.367383
0.433152
0.345775
0.299205
0.234984
0.154474
0.100311
-0.772103
-0.754668
-0.721188
-0.656215
-0.57574
-0.48718
-0.391066
-0.288465
-0.179784
-0.0648015
0.0518822
0.154899
0.236529
0.307446
0.372677
0.373549
0.252837
0.161652
0.0934502
-0.00156731
-0.789799
-0.774188
-0.734354
-0.668108
-0.587481
-0.499604
-0.404748
-0.303234
-0.195845
-0.0827985
0.0313054
0.130929
0.208738
0.266927
0.287569
0.214263
0.052051
-0.0573116
-0.142473
-0.245167
-0.807905
-0.795765
-0.75125
-0.683818
-0.603179
-0.515309
-0.420675
-0.319726
-0.213547
-0.102493
0.00808016
0.102351
0.172891
0.21662
0.187191
0.0388037
-0.144806
-0.28517
-0.402676
-0.562217
-0.828766
-0.816143
-0.769835
-0.701406
-0.62065
-0.532836
-0.43848
-0.338333
-0.233541
-0.124807
-0.018236
0.0701198
0.132286
0.157975
0.0841704
-0.13378
-0.35875
-0.546895
-0.724433
-0.961858
-0.84835
-0.836045
-0.788829
-0.719382
-0.638347
-0.550654
-0.456803
-0.357674
-0.254479
-0.148382
-0.0461807
0.0358517
0.0889489
0.088358
-0.0447524
-0.300573
-0.569389
-0.834072
-1.05769
-1.55948
-0.867399
-0.855757
-0.808266
-0.738123
-0.656889
-0.569284
-0.475942
-0.377821
-0.276304
-0.173031
-0.075496
-0.000347092
0.0432662
0.00338209
-0.184079
-0.44989
-0.737005
-1.02259
-1.27145
-1.70711
-0.886905
-0.875693
-0.828309
-0.757832
-0.676508
-0.588992
-0.496119
-0.398966
-0.29916
-0.198828
-0.106141
-0.0381433
-0.00574937
-0.0810017
-0.311739
-0.572322
-0.841347
-1.07904
-1.18532
-1.22458
-0.90734
-0.896415
-0.849223
-0.778723
-0.697478
-0.610189
-0.517911
-0.421911
-0.32408
-0.22709
-0.139784
-0.0796427
-0.0613485
-0.165573
-0.429875
-0.675779
-0.901716
-1.06878
-1.11861
-1.13513
-0.928768
-0.918119
-0.871337
-0.800736
-0.719677
-0.632756
-0.541234
-0.446581
-0.351
-0.257782
-0.176379
-0.124625
-0.121799
-0.269479
-0.537733
-0.769855
-0.965178
-1.07251
-1.09729
-1.09893
-0.951327
-0.940858
-0.894299
-0.82381
-0.743016
-0.656596
-0.56598
-0.472873
-0.379787
-0.290699
-0.21574
-0.172466
-0.196091
-0.38068
-0.641393
-0.864096
-1.01794
-1.07132
-1.07632
-1.07956
-0.974804
-0.964474
-0.918018
-0.847838
-0.76737
-0.681558
-0.591995
-0.500601
-0.41022
-0.325538
-0.257419
-0.222487
-0.27362
-0.486554
-0.742463
-0.963893
-1.0522
-1.06481
-1.07221
-1.07395
-0.998744
-0.988754
-0.942453
-0.872626
-0.792525
-0.707427
-0.619023
-0.529487
-0.441983
-0.361821
-0.300685
-0.274948
-0.347041
-0.582355
-0.838352
-1.07214
-1.11267
-1.09459
-1.08295
-1.0774
-1.02279
-1.01306
-0.967267
-0.897684
-0.818144
-0.733828
-0.64668
-0.559095
-0.474569
-0.398915
-0.344769
-0.328399
-0.415687
-0.655789
-0.911951
-1.15943
-1.21699
-1.13442
-1.08418
-1.06884
-1.04632
-1.03684
-0.991707
-0.922794
-0.843704
-0.760265
-0.674448
-0.588819
-0.50727
-0.435937
-0.38861
-0.378251
-0.486514
-0.702063
-0.889335
-1.12572
-1.17949
-1.11263
-1.06403
-1.04573
-1.06853
-1.05951
-1.01511
-0.94696
-0.868679
-0.786067
-0.701598
-0.61786
-0.539061
-0.471727
-0.430496
-0.423004
-0.565296
-0.761452
-0.750388
-0.855409
-1.06173
-1.28003
-1.31842
-1.26799
-1.08843
-1.07993
-1.03672
-0.969464
-0.892079
-0.810474
-0.727204
-0.645244
-0.568698
-0.504897
-0.468358
-0.467487
-0.665716
-0.934142
-0.777479
-0.304303
-0.884824
-1.47241
-1.58861
-1.56489
-1.10502
-1.09715
-1.05556
-0.989468
-0.912998
-0.83239
-0.750371
-0.669753
-0.594755
-0.533495
-0.500463
-0.514508
-0.800377
-1.3482
-1.86117
-2.10493
-2.41183
-2.25032
-1.89945
-1.77236
-1.11709
-1.10993
-1.07049
-1.00581
-0.930359
-0.850766
-0.769783
-0.690079
-0.615723
-0.554554
-0.524221
-0.556787
-0.937104
-1.86014
-3.33533
-4.28893
-4.56286
-4.17393
-3.51213
-3.04575
-1.12305
-1.11685
-1.08059
-1.01748
-0.943063
-0.864412
-0.784263
-0.705062
-0.630012
-0.565968
-0.531772
-0.564157
-0.932694
-1.82592
-2.934
-3.81504
-4.02057
-3.75129
-3.3353
-2.99176
-1.1219
-1.11698
-1.08469
-1.02327
-0.949978
-0.872263
-0.792951
-0.713657
-0.636603
-0.565067
-0.51316
-0.514549
-0.661029
-0.962677
-1.16861
-1.28875
-1.16435
-0.904319
-0.66052
-0.481149
-1.11243
-1.10871
-1.08047
-1.02207
-0.949885
-0.8734
-0.794987
-0.715703
-0.635618
-0.553323
-0.473983
-0.417526
-0.318708
-0.0610582
0.337076
0.845372
1.32623
1.68322
1.89184
1.97746
-1.09338
-1.09072
-1.06719
-1.01219
-0.941355
-0.866798
-0.790389
-0.712557
-0.630499
-0.537101
-0.426067
-0.298928
-0.140577
0.297697
0.964895
1.6008
2.13982
2.50309
2.68536
2.74553
-1.06326
-1.06159
-1.04231
-0.991274
-0.923518
-0.852153
-0.780075
-0.706658
-0.626228
-0.525947
-0.389748
-0.226503
-0.077096
0.299182
0.909403
1.4839
1.94517
2.2564
2.42085
2.48183
-1.01779
-1.01675
-1.00086
-0.956199
-0.894715
-0.829456
-0.765277
-0.700776
-0.630381
-0.536752
-0.391189
-0.194403
0.00269037
0.23804
0.674294
1.10718
1.4608
1.70795
1.84803
1.91122
-0.954609
-0.953762
-0.941953
-0.906612
-0.854677
-0.800023
-0.748583
-0.70057
-0.650735
-0.582569
-0.451687
-0.241672
-0.0081742
0.158658
0.39966
0.687556
0.942195
1.13405
1.25855
1.32069
-0.878337
-0.877087
-0.869009
-0.84439
-0.80699
-0.767875
-0.734681
-0.712476
-0.705182
-0.704259
-0.685076
-0.527475
-0.252094
-0.0538529
0.110138
0.312873
0.492751
0.622123
0.703147
0.747704
-0.796995
-0.796284
-0.79182
-0.77847
-0.757842
-0.73748
-0.726105
-0.735279
-0.787245
-0.91817
-1.09244
-1.03605
-0.672173
-0.386393
-0.221436
-0.0265494
0.14267
0.267833
0.340404
0.364118
-0.726325
-0.726307
-0.724996
-0.719539
-0.711646
-0.707657
-0.717287
-0.759701
-0.88162
-1.19022
-1.68634
-1.76164
-1.26107
-0.815346
-0.582478
-0.347266
-0.156288
-0.0286023
0.0358526
0.0539362
-0.656665
-0.657506
-0.658031
-0.65701
-0.657339
-0.664797
-0.690102
-0.757157
-0.928842
-1.35899
-2.10352
-2.28686
-1.68648
-1.16351
-0.842656
-0.563779
-0.367293
-0.252653
-0.202688
-0.191359
-0.573425
-0.574797
-0.576475
-0.577807
-0.58195
-0.594322
-0.624711
-0.696339
-0.870612
-1.29645
-2.00116
-2.13602
-1.66037
-1.2389
-0.900581
-0.640274
-0.483406
-0.413675
-0.388929
-0.381834
-0.472826
-0.474293
-0.476177
-0.47853
-0.483314
-0.494747
-0.519915
-0.576283
-0.709797
-1.02611
-1.51341
-1.6038
-1.30218
-0.986285
-0.714807
-0.549601
-0.482557
-0.468788
-0.465979
-0.462106
-0.363438
-0.364637
-0.366232
-0.36843
-0.372066
-0.379383
-0.394272
-0.426313
-0.499588
-0.667912
-0.914586
-0.943479
-0.763774
-0.566068
-0.435016
-0.396187
-0.399887
-0.411913
-0.417949
-0.417346
-0.257551
-0.258367
-0.259435
-0.261079
-0.263018
-0.265971
-0.271111
-0.281553
-0.304865
-0.355579
-0.417765
-0.406697
-0.308791
-0.236424
-0.230023
-0.254408
-0.280566
-0.297617
-0.305252
-0.306761
-0.16581
-0.166287
-0.166862
-0.167927
-0.168543
-0.168457
-0.167372
-0.164986
-0.161031
-0.154239
-0.132235
-0.107153
-0.0701095
-0.0739645
-0.107962
-0.141488
-0.166734
-0.18147
-0.188428
-0.190788
-0.0933476
-0.0935894
-0.0938404
-0.0945678
-0.094615
-0.0932189
-0.0895006
-0.0820949
-0.0688393
-0.0467119
-0.0147387
0.00359023
0.00667465
-0.00819982
-0.038363
-0.0648166
-0.083216
-0.0938895
-0.0992486
-0.101449
-0.0405011
-0.0406097
-0.0407096
-0.0413067
-0.0413228
-0.0398968
-0.0360134
-0.0282448
-0.0147709
0.00601249
0.0305704
0.0412442
0.0346973
0.019597
-0.000782288
-0.0183538
-0.0305705
-0.0378127
-0.0415775
-0.0432138
-0.00464344
-0.00469175
-0.00474773
-0.00532734
-0.00550119
-0.00453534
-0.00157063
0.00453828
0.0150298
0.0303221
0.046154
0.0511109
0.0442703
0.0324722
0.0192727
0.00801284
-2.81864e-05
-0.00496337
-0.00756384
-0.00867468
0.0180036
0.0179733
0.0179144
0.0173527
0.0169933
0.0174386
0.0193834
0.0235526
0.0306326
0.0405852
0.0499814
0.0518299
0.0465266
0.0381555
0.0294847
0.0221281
0.0166784
0.0131912
0.0113499
0.0106002
0.0311581
0.0311259
0.0310445
0.0305105
0.0300192
0.0300283
0.0310661
0.0336373
0.0380902
0.0441304
0.0493139
0.0494886
0.0454573
0.0396773
0.0338872
0.0289265
0.0251175
0.0225882
0.0212597
0.0207504
0.0378776
0.0378399
0.0377331
0.0372275
0.0366587
0.0363704
0.0367274
0.0380351
0.0405075
0.0438804
0.0464846
0.0459115
0.0428856
0.0388648
0.0348849
0.0314441
0.0287313
0.0268793
0.0259161
0.0255681
0.0403749
0.0403355
0.040213
0.0397447
0.0391414
0.0386849
0.038617
0.0391274
0.0403083
0.0419481
0.0430036
0.0420846
0.0397142
0.0368088
0.0339861
0.0315315
0.0295599
0.0281897
0.0274865
0.0272453
0.0401352
0.0400984
0.0399714
0.0395391
0.0389379
0.0383919
0.0380557
0.0380511
0.038433
0.0390301
0.0391643
0.0380885
0.036199
0.034048
0.0319935
0.0302045
0.0287528
0.0277342
0.027219
0.0270494
0.0381273
0.0380952
0.0379749
0.0375875
0.0370228
0.0364544
0.0359831
0.0356799
0.0355698
0.0355407
0.0351819
0.0340973
0.0325664
0.0309257
0.0293918
0.0280622
0.0269792
0.0262165
0.0258356
0.0257144
0.0349954
0.0349688
0.0348628
0.0345282
0.034023
0.0334794
0.0329645
0.0325215
0.0321607
0.0317977
0.0311821
0.0301378
0.0288795
0.0276051
0.0264391
0.0254361
0.0246201
0.0240451
0.0237607
0.0236728
0.0311633
0.031142
0.0310535
0.0307738
0.0303376
0.0298467
0.0293433
0.0288524
0.0283768
0.0278596
0.0271538
0.026202
0.0251694
0.0241697
0.023274
0.0225108
0.021892
0.0214564
0.021243
0.0211787
0.0269069
0.0268902
0.0268192
0.0265937
0.0262312
0.0258096
0.0253551
0.0248815
0.0243872
0.0238319
0.0231322
0.0222967
0.0214552
0.02067
0.0199791
0.0193958
0.0189247
0.0185941
0.0184341
0.0183871
0.0224052
0.0223921
0.0223371
0.0221611
0.0218711
0.0215248
0.0211383
0.0207187
0.0202621
0.0197413
0.0191111
0.0184094
0.0177373
0.0171273
0.0165988
0.0161558
0.015799
0.0155497
0.015431
0.0153968
0.0177714
0.0177613
0.01772
0.0175875
0.0173645
0.0170933
0.016784
0.0164396
0.016056
0.0156142
0.0150912
0.0145332
0.0140165
0.0135565
0.0131619
0.0128324
0.0125672
0.0123829
0.0122964
0.0122718
0.013071
0.0130632
0.0130337
0.0129384
0.012776
0.0125768
0.0123478
0.01209
0.0117995
0.0114635
0.0110709
0.010663
0.0102929
0.00996711
0.0096883
0.00945475
0.00926581
0.00913447
0.0090737
0.00905664
0.00833695
0.00833115
0.00831169
0.00824843
0.00814084
0.00801149
0.00786485
0.00770022
0.00751425
0.00729912
0.00704996
0.00679438
0.00656484
0.00636346
0.0061904
0.00604345
0.00592183
0.00583585
0.00579628
0.00578508
0.00121023
0.00121719
0.001225
0.00121636
0.00119547
0.00116973
0.00114101
0.00110871
0.00107178
0.00102836
0.000981221
0.000937562
0.000900089
0.000868277
0.000841302
0.000818605
0.000802573
0.00080141
0.000809612
0.00248263
-2.00151
-1.11326
-0.593731
-0.282487
-0.0507739
0.129562
0.273704
0.395638
0.517887
0.615729
-0.719777
-0.461525
-0.233672
-0.0466234
0.109307
0.238592
0.345784
0.433834
0.489709
0.499277
-0.282339
-0.135936
0.00332981
0.127717
0.234972
0.326134
0.401214
0.458478
0.495891
0.517141
-0.0177798
0.0781936
0.171919
0.25829
0.334022
0.398753
0.451929
0.493466
0.524646
0.545848
0.166864
0.232809
0.300569
0.363058
0.418317
0.466176
0.506496
0.539588
0.566087
0.584478
0.308098
0.35459
0.407483
0.454088
0.49687
0.534727
0.567578
0.595336
0.618097
0.633313
0.422638
0.460287
0.502139
0.540154
0.575848
0.608335
0.636975
0.661358
0.681254
0.693673
0.522964
0.556183
0.592915
0.627902
0.660721
0.690851
0.717424
0.739828
0.75758
0.767605
0.618446
0.652329
0.689224
0.724652
0.757225
0.786617
0.812097
0.833142
0.849136
0.857703
0.723124
0.761338
0.800509
0.837669
0.870516
0.89908
0.923097
0.942567
0.957062
0.965801
0.851773
0.894508
0.934118
0.97056
1.00145
1.02754
1.04943
1.06736
1.08111
1.09144
1.0141
1.05597
1.09008
1.11975
1.14455
1.16632
1.18612
1.20372
1.21861
1.23141
1.20493
1.2359
1.2575
1.27682
1.29503
1.3124
1.32873
1.34465
1.36125
1.37824
1.4032
1.41471
1.42588
1.44009
1.45445
1.46735
1.47881
1.48975
1.50272
1.51964
1.58926
1.5992
1.60789
1.61034
1.61119
1.61552
1.62644
1.64246
1.66013
1.66476
1.89039
1.83503
1.78422
1.74398
1.72168
1.71771
1.73119
1.76501
1.82148
1.89706
0.443721
0.385028
0.342571
0.308731
0.284093
0.26656
0.25407
0.245152
0.239029
0.235484
0.234934
0.237564
0.242774
0.250512
0.261275
0.276209
0.297136
0.326168
0.364877
0.412675
0.245238
0.254014
0.259581
0.260425
0.256975
0.250965
0.244563
0.239106
0.235229
0.233446
0.234416
0.237766
0.242813
0.24909
0.255701
0.260851
0.262393
0.2591
0.251664
0.243988
0.222228
0.224266
0.2289
0.232458
0.235021
0.2365
0.236264
0.234557
0.232349
0.230686
0.230514
0.232091
0.23456
0.236949
0.23822
0.237711
0.235716
0.232797
0.228674
0.224256
0.215234
0.216107
0.21865
0.221456
0.223558
0.224997
0.226037
0.226524
0.226383
0.226048
0.226193
0.226982
0.227768
0.227966
0.227421
0.226364
0.224765
0.222356
0.219583
0.217567
0.209523
0.209989
0.21147
0.213646
0.215748
0.217474
0.218729
0.219672
0.220365
0.220839
0.221238
0.221543
0.22153
0.221119
0.220335
0.219061
0.217264
0.215176
0.213334
0.212265
0.204322
0.204603
0.205633
0.207344
0.209223
0.211057
0.212669
0.213958
0.214998
0.215843
0.216407
0.216552
0.216278
0.21562
0.214525
0.213038
0.211337
0.209641
0.208283
0.207612
0.199576
0.199761
0.200578
0.202076
0.203818
0.205586
0.207349
0.208962
0.210273
0.211272
0.211952
0.21217
0.21184
0.210969
0.20969
0.20822
0.206681
0.205172
0.20405
0.203576
0.195212
0.195327
0.195993
0.197356
0.198968
0.20057
0.20213
0.203689
0.205203
0.206518
0.207384
0.207561
0.207144
0.206343
0.205328
0.204127
0.20278
0.201418
0.200455
0.200126
0.191684
0.191738
0.192256
0.193498
0.195039
0.196611
0.198207
0.199741
0.20118
0.202502
0.203519
0.203952
0.203824
0.203254
0.202339
0.20123
0.199998
0.198767
0.197972
0.197777
0.189294
0.189321
0.189649
0.190525
0.191721
0.192983
0.194312
0.195751
0.19728
0.198781
0.200013
0.200656
0.20071
0.200388
0.199827
0.199121
0.198282
0.197474
0.197003
0.196898
0.187104
0.187129
0.187329
0.18782
0.188569
0.189496
0.190602
0.191904
0.193364
0.194953
0.196436
0.197432
0.1979
0.19798
0.197804
0.197493
0.19717
0.196857
0.196671
0.196605
0.184181
0.184202
0.184355
0.184695
0.185246
0.186056
0.187078
0.188411
0.190032
0.191868
0.193688
0.195038
0.195785
0.196167
0.196231
0.196216
0.196236
0.196202
0.196143
0.1961
0.180445
0.18046
0.180599
0.180942
0.181445
0.18215
0.183212
0.184605
0.186366
0.188475
0.190715
0.192531
0.193711
0.194437
0.19491
0.195207
0.195375
0.195427
0.195413
0.195392
0.176112
0.176117
0.176246
0.176641
0.177294
0.178106
0.179265
0.18086
0.182906
0.185417
0.188195
0.190562
0.192208
0.193301
0.19402
0.194464
0.194707
0.194789
0.194817
0.194821
0.171322
0.171329
0.171443
0.171862
0.172594
0.173657
0.174992
0.176834
0.179242
0.18228
0.185734
0.188769
0.190956
0.192487
0.193519
0.194168
0.194497
0.194657
0.194742
0.194764
0.166065
0.166068
0.166202
0.166647
0.167472
0.168666
0.170295
0.172479
0.175388
0.179123
0.183429
0.187294
0.190135
0.192146
0.193481
0.194381
0.1949
0.195188
0.19534
0.195372
0.1601
0.160103
0.160276
0.160755
0.161684
0.163048
0.164983
0.167653
0.171238
0.175873
0.181264
0.186148
0.189736
0.19233
0.194109
0.195288
0.196025
0.196464
0.19668
0.19672
0.153103
0.153109
0.153313
0.153924
0.154974
0.156593
0.15896
0.162251
0.166707
0.172496
0.179244
0.185361
0.189917
0.193189
0.195452
0.196975
0.197961
0.198559
0.198842
0.19889
0.144744
0.144752
0.145007
0.145728
0.147062
0.149089
0.152009
0.156118
0.161711
0.168971
0.177411
0.185051
0.190749
0.194824
0.19766
0.199588
0.200851
0.201619
0.201976
0.202034
0.13463
0.134642
0.134973
0.135899
0.137572
0.140147
0.143858
0.149081
0.156152
0.165274
0.175812
0.185306
0.192352
0.197394
0.200915
0.203317
0.2049
0.205858
0.206303
0.206375
0.122213
0.122229
0.122659
0.123875
0.126068
0.129407
0.134209
0.140914
0.149902
0.161386
0.174507
0.18623
0.19489
0.20109
0.205426
0.208394
0.210358
0.211544
0.212091
0.212177
0.106736
0.106758
0.107338
0.108976
0.111909
0.116335
0.122638
0.131338
0.142851
0.157319
0.173588
0.187968
0.198544
0.206118
0.21143
0.215081
0.217511
0.218975
0.219636
0.21974
0.0870596
0.0870946
0.0879026
0.090184
0.0942369
0.100255
0.108703
0.120155
0.134968
0.153152
0.173193
0.190684
0.203493
0.212684
0.219165
0.223655
0.226667
0.228494
0.229304
0.229421
0.0613356
0.0613904
0.0625908
0.0659735
0.0718786
0.0803578
0.0919713
0.107221
0.126308
0.149049
0.173512
0.19456
0.209917
0.220982
0.228857
0.234379
0.238131
0.24042
0.241426
0.241558
0.0264948
0.0266025
0.0286473
0.034164
0.0433114
0.0557789
0.0721034
0.0925558
0.117083
0.145264
0.174758
0.19975
0.217935
0.231129
0.240652
0.247459
0.252183
0.255096
0.256351
0.256493
-0.0234591
-0.0230213
-0.0184118
-0.00804779
0.00712475
0.0261305
0.0492941
0.0765967
0.107746
0.142152
0.177144
0.206345
0.227554
0.243082
0.254504
0.262896
0.268915
0.272752
0.274414
0.274571
-0.0966915
-0.0937629
-0.0808428
-0.0602632
-0.0353149
-0.00708852
0.0247653
0.0601607
0.0987788
0.14004
0.181029
0.214889
0.239572
0.257913
0.271761
0.282368
0.290427
0.295935
0.298562
0.299021
-0.174579
-0.167079
-0.144115
-0.113001
-0.0780929
-0.0404566
0.000155192
0.0437503
0.0901231
0.138809
0.186733
0.226376
0.255597
0.277728
0.294894
0.308496
0.319239
0.327489
0.332305
0.333115
-0.238186
-0.230864
-0.2009
-0.161481
-0.11816
-0.0720331
-0.0231811
0.0282804
0.0821187
0.137888
0.19229
0.237127
0.270224
0.29543
0.31512
0.330809
0.343269
0.352982
0.357959
0.35891
-0.289418
-0.281503
-0.247875
-0.202993
-0.153413
-0.100512
-0.0447093
0.0137072
0.0743341
0.136612
0.19687
0.246181
0.282364
0.309753
0.330993
0.34779
0.36112
0.371181
0.376515
0.377684
-0.331291
-0.323171
-0.287382
-0.238466
-0.183986
-0.12573
-0.0642117
0.000149399
0.0667599
0.134867
0.200341
0.253456
0.292015
0.320872
0.343005
0.360329
0.373963
0.383962
0.389452
0.390705
-0.366894
-0.358672
-0.321504
-0.269465
-0.211016
-0.148334
-0.0819581
-0.0124718
0.0594072
0.132751
0.2029
0.259356
0.299933
0.329955
0.352688
0.370217
0.383824
0.393746
0.399298
0.400641
-0.398212
-0.389959
-0.35182
-0.297226
-0.235524
-0.169065
-0.098497
-0.0244811
0.0521447
0.130283
0.204828
0.264441
0.306855
0.337853
0.361019
0.378662
0.39221
0.402021
0.407539
0.408946
-0.426666
-0.418364
-0.379425
-0.322765
-0.25829
-0.18856
-0.114285
-0.0362027
0.0447707
0.127397
0.206116
0.268736
0.31294
0.344928
0.368581
0.386402
0.399933
0.409649
0.41508
0.416565
-0.453101
-0.444756
-0.405148
-0.346685
-0.279796
-0.207223
-0.129678
-0.0479364
0.0370257
0.12386
0.206623
0.27236
0.318507
0.351624
0.375864
0.393934
0.407523
0.417178
0.422441
0.42399
-0.478165
-0.469749
-0.429535
-0.369473
-0.300491
-0.225391
-0.144938
-0.0598929
0.0287397
0.119604
0.206458
0.275453
0.323716
0.358134
0.383111
0.401548
0.415265
0.424908
0.430035
0.431581
-0.502206
-0.493701
-0.452901
-0.391477
-0.320597
-0.243241
-0.160187
-0.0721509
0.0198958
0.114621
0.205528
0.277948
0.328584
0.364541
0.390457
0.409414
0.423371
0.433055
0.438061
0.439504
-0.525501
-0.516864
-0.475443
-0.412875
-0.340263
-0.260918
-0.175531
-0.0847795
0.0104141
0.108775
0.20371
0.279779
0.333105
0.370893
0.397976
0.417627
0.431938
0.441712
0.446628
0.447908
-0.548113
-0.53937
-0.497422
-0.433734
-0.359596
-0.278486
-0.191019
-0.0978365
0.000209032
0.101997
0.200924
0.280819
0.337169
0.37714
0.405658
0.426189
0.440982
0.450898
0.455749
0.456837
-0.570168
-0.561193
-0.518858
-0.454088
-0.378615
-0.29595
-0.206655
-0.111321
-0.0106898
0.0942778
0.197072
0.280925
0.340601
0.38314
0.413426
0.435069
0.45047
0.460568
0.465327
0.466252
-0.591653
-0.582568
-0.539698
-0.473972
-0.397325
-0.313291
-0.222395
-0.12517
-0.0222562
0.0855962
0.192065
0.279938
0.343226
0.388726
0.421183
0.444214
0.460368
0.470674
0.475282
0.476033
-0.612575
-0.603338
-0.559952
-0.493368
-0.415691
-0.330458
-0.23818
-0.139327
-0.0344309
0.0759864
0.18586
0.277693
0.344812
0.393704
0.428815
0.453581
0.470615
0.48109
0.485444
0.48598
-0.632868
-0.623485
-0.579583
-0.51224
-0.433647
-0.347392
-0.253935
-0.153712
-0.0471258
0.0655006
0.17843
0.274051
0.345087
0.397762
0.436118
0.463155
0.481234
0.491696
0.495606
0.495884
-0.652485
-0.642968
-0.59856
-0.530547
-0.451152
-0.364023
-0.269587
-0.168225
-0.0602484
0.0542325
0.169794
0.2689
0.343796
0.400502
0.442767
0.472928
0.492496
0.502594
0.50553
0.505426
-0.671422
-0.661759
-0.616866
-0.548243
-0.468156
-0.380279
-0.285042
-0.182763
-0.0736857
0.0422806
0.160026
0.262188
0.340722
0.40147
0.448212
0.482719
0.504975
0.514572
0.51526
0.514223
-0.689612
-0.679797
-0.634464
-0.565287
-0.484595
-0.396105
-0.300218
-0.197234
-0.0873145
0.0297759
0.14922
0.253899
0.335707
0.400187
0.451557
0.491759
0.519094
0.529961
0.527075
0.523006
-0.70708
-0.697144
-0.651353
-0.581679
-0.500493
-0.411528
-0.315143
-0.21167
-0.101164
0.0166876
0.137321
0.24386
0.3285
0.396183
0.45154
0.498217
0.533713
0.55133
0.549333
0.532226
-0.723873
-0.71375
-0.66766
-0.597579
-0.516071
-0.426845
-0.330177
-0.22652
-0.115774
0.00237884
0.123628
0.23131
0.318204
0.3886
0.446018
0.497767
0.541902
0.561516
0.564825
0.515301
-0.740253
-0.729225
-0.68333
-0.612876
-0.531252
-0.441968
-0.345148
-0.24156
-0.130898
-0.0128914
0.108326
0.216325
0.304418
0.377134
0.433542
0.482686
0.525744
0.546723
0.503981
0.433978
-0.757055
-0.742842
-0.698226
-0.627551
-0.546332
-0.457065
-0.360292
-0.256778
-0.146529
-0.0291041
0.0913668
0.198794
0.286402
0.361928
0.415126
0.443364
0.475612
0.463542
0.398988
0.3253
-0.773321
-0.777359
-0.715303
-0.639276
-0.558599
-0.469516
-0.375046
-0.271562
-0.16198
-0.0455218
0.0733894
0.179123
0.264313
0.345384
0.380748
0.36029
0.383526
0.332747
0.256506
0.176392
-0.74856
-0.747877
-0.691324
-0.617033
-0.531858
-0.439631
-0.340915
-0.235351
-0.123637
-0.00515046
0.10635
0.19815
0.272149
0.347316
0.385287
0.281948
0.197361
0.129425
0.0491327
-0.121234
-0.786848
-0.762391
-0.70304
-0.62797
-0.543171
-0.451434
-0.353427
-0.248746
-0.138375
-0.0220747
0.0859075
0.173417
0.240816
0.287669
0.261312
0.125878
-0.00840721
-0.0996019
-0.195232
-0.390499
-0.808895
-0.779422
-0.720041
-0.644794
-0.560399
-0.469023
-0.371088
-0.267435
-0.158737
-0.0452364
0.0586335
0.140467
0.199142
0.217711
0.135452
-0.0567351
-0.221161
-0.342302
-0.478335
-0.758084
-0.830099
-0.798125
-0.737998
-0.662187
-0.577836
-0.486667
-0.38928
-0.286786
-0.179961
-0.0696174
0.0294163
0.104586
0.151992
0.137695
-0.0170199
-0.247761
-0.458469
-0.631375
-0.837544
-1.29285
-0.849885
-0.817341
-0.756372
-0.679917
-0.595514
-0.504613
-0.408001
-0.30675
-0.20195
-0.095045
-0.00144631
0.0666205
0.0985369
0.0433591
-0.171069
-0.433396
-0.702804
-0.945169
-1.24515
-2.08263
-0.869084
-0.836751
-0.775386
-0.698509
-0.614046
-0.52344
-0.427572
-0.327617
-0.224986
-0.121762
-0.0339771
0.0263892
0.0410562
-0.0588691
-0.314937
-0.591339
-0.881842
-1.15246
-1.39756
-2.40003
-0.88871
-0.856695
-0.795199
-0.718159
-0.633675
-0.54334
-0.448171
-0.349512
-0.249134
-0.149759
-0.067935
-0.0160063
-0.0193388
-0.177467
-0.43971
-0.708463
-0.967558
-1.15465
-1.19466
-1.25989
-0.909149
-0.877536
-0.816083
-0.739074
-0.654714
-0.564781
-0.470449
-0.373304
-0.275511
-0.180487
-0.105148
-0.062839
-0.0944603
-0.297938
-0.551351
-0.794437
-0.996452
-1.11008
-1.12856
-1.13835
-0.930666
-0.899152
-0.83807
-0.761169
-0.677063
-0.587666
-0.494368
-0.398965
-0.304072
-0.213899
-0.145488
-0.114305
-0.174924
-0.409884
-0.656173
-0.872261
-1.0364
-1.08873
-1.09841
-1.09849
-0.953276
-0.921831
-0.861022
-0.784354
-0.700603
-0.611897
-0.519797
-0.426351
-0.334662
-0.249805
-0.18881
-0.170887
-0.258304
-0.516937
-0.758795
-0.952449
-1.05474
-1.07254
-1.0784
-1.07923
-0.976817
-0.945457
-0.884956
-0.808517
-0.725217
-0.637324
-0.546567
-0.455275
-0.367015
-0.287848
-0.234692
-0.227561
-0.34878
-0.618198
-0.863366
-1.02984
-1.05594
-1.06956
-1.07377
-1.07378
-1.0008
-0.969784
-0.909449
-0.833426
-0.750673
-0.663702
-0.574421
-0.485443
-0.400755
-0.327433
-0.282251
-0.284979
-0.443836
-0.710209
-0.964934
-1.13112
-1.10719
-1.09086
-1.07946
-1.07618
-1.02482
-0.994279
-0.93431
-0.858787
-0.776631
-0.690666
-0.602949
-0.516389
-0.435333
-0.367807
-0.330168
-0.348686
-0.525954
-0.77968
-1.04782
-1.21863
-1.15015
-1.10105
-1.07398
-1.06592
-1.04829
-1.0183
-0.959174
-0.884066
-0.802556
-0.717694
-0.631589
-0.547451
-0.469995
-0.407929
-0.377233
-0.412841
-0.601268
-0.788046
-1.01195
-1.15079
-1.15046
-1.08411
-1.05114
-1.04217
-1.0705
-1.04137
-0.982974
-0.908658
-0.827913
-0.744087
-0.659607
-0.577726
-0.50367
-0.446344
-0.422684
-0.469434
-0.691561
-0.770492
-0.749424
-0.967168
-1.18277
-1.32213
-1.29293
-1.25586
-1.09027
-1.06243
-1.00502
-0.93162
-0.851792
-0.769069
-0.686089
-0.606121
-0.534945
-0.48153
-0.465459
-0.519924
-0.83699
-0.934172
-0.52235
-0.567375
-1.22197
-1.58116
-1.56959
-1.56477
-1.1067
-1.08047
-1.02446
-0.952103
-0.873179
-0.791584
-0.709909
-0.631361
-0.561991
-0.511775
-0.502857
-0.57645
-1.06894
-1.63105
-1.94409
-2.30756
-2.37435
-2.07554
-1.79659
-1.79628
-1.11851
-1.09431
-1.04021
-0.968971
-0.891016
-0.810482
-0.72978
-0.652112
-0.582845
-0.534128
-0.528339
-0.645019
-1.3475
-2.52581
-4.00696
-4.5099
-4.43144
-3.85518
-3.23916
-2.96743
-1.12478
-1.10294
-1.05125
-0.981114
-0.904199
-0.824589
-0.744546
-0.666863
-0.596132
-0.54283
-0.535576
-0.653368
-1.33624
-2.35924
-3.48376
-3.98799
-3.93136
-3.54397
-3.10594
-2.95025
-1.12364
-1.10508
-1.05641
-0.987546
-0.911622
-0.832866
-0.753259
-0.67492
-0.599938
-0.535409
-0.50496
-0.52675
-0.814526
-1.08582
-1.23695
-1.25825
-1.03773
-0.778211
-0.55786
-0.428364
-1.11386
-1.09866
-1.05402
-0.987008
-0.912076
-0.834478
-0.755728
-0.676245
-0.595388
-0.511816
-0.434605
-0.392908
-0.220243
0.122683
0.579634
1.10084
1.52092
1.80761
1.94498
1.99519
-1.0945
-1.08287
-1.04272
-0.977949
-0.904456
-0.828979
-0.752025
-0.672197
-0.585171
-0.481219
-0.36222
-0.244939
0.0216974
0.624612
1.28993
1.88795
2.34674
2.61408
2.72698
2.75387
-1.06405
-1.05555
-1.02017
-0.958374
-0.8881
-0.816276
-0.743564
-0.66712
-0.579869
-0.462964
-0.309935
-0.147606
0.0682826
0.595045
1.20764
1.73093
2.12066
2.35537
2.46114
2.49087
-1.0183
-1.01191
-0.981745
-0.926612
-0.862174
-0.79735
-0.733489
-0.667345
-0.587513
-0.467626
-0.293113
-0.0962651
0.091859
0.4378
0.899637
1.29542
1.59917
1.78998
1.88769
1.92085
-0.955076
-0.950222
-0.927214
-0.881748
-0.827274
-0.773989
-0.724829
-0.678887
-0.624296
-0.527852
-0.353472
-0.124525
0.0910335
0.261595
0.543649
0.821077
1.04684
1.20415
1.29767
1.32804
-0.877891
-0.874642
-0.85886
-0.8266
-0.787137
-0.750281
-0.721807
-0.706202
-0.705718
-0.709889
-0.625013
-0.391109
-0.142661
0.0228374
0.21042
0.408046
0.564393
0.667525
0.730379
0.754749
-0.796776
-0.794908
-0.786326
-0.768646
-0.747148
-0.730151
-0.727034
-0.753005
-0.837543
-1.01939
-1.12704
-0.860435
-0.504045
-0.308273
-0.124555
0.0634991
0.212161
0.31093
0.35732
0.364299
-0.726331
-0.726062
-0.722762
-0.715599
-0.708732
-0.71002
-0.73261
-0.805964
-1.00346
-1.43066
-1.84845
-1.54598
-0.996231
-0.700994
-0.462396
-0.244412
-0.0840376
0.0111046
0.0495124
0.052302
-0.656997
-0.657942
-0.657653
-0.656703
-0.659688
-0.674307
-0.716149
-0.823493
-1.10074
-1.7181
-2.33504
-2.04384
-1.38492
-0.998391
-0.693989
-0.455846
-0.300258
-0.221333
-0.193497
-0.19321
-0.574012
-0.575682
-0.577053
-0.579256
-0.586701
-0.606377
-0.653156
-0.764407
-1.04122
-1.64622
-2.19502
-1.91886
-1.42868
-1.07098
-0.756935
-0.549215
-0.439604
-0.397913
-0.383879
-0.382205
-0.473507
-0.475203
-0.477187
-0.480453
-0.487936
-0.504944
-0.542495
-0.628848
-0.837493
-1.27787
-1.6404
-1.4723
-1.14115
-0.835058
-0.618713
-0.505053
-0.472416
-0.4674
-0.463955
-0.461565
-0.364047
-0.365348
-0.367263
-0.369941
-0.375124
-0.385511
-0.407226
-0.455478
-0.56789
-0.798866
-0.974978
-0.860836
-0.6607
-0.488763
-0.407082
-0.395018
-0.406053
-0.416121
-0.418057
-0.416949
-0.258025
-0.258795
-0.260279
-0.261931
-0.264328
-0.268147
-0.275369
-0.290907
-0.325904
-0.391125
-0.422301
-0.35943
-0.265433
-0.228776
-0.239456
-0.268321
-0.290307
-0.302535
-0.306467
-0.306675
-0.166143
-0.166474
-0.167457
-0.168267
-0.168605
-0.168054
-0.166358
-0.163217
-0.15826
-0.146635
-0.115776
-0.0923462
-0.0655861
-0.089181
-0.124965
-0.155602
-0.175282
-0.185739
-0.190011
-0.191027
-0.093567
-0.0936265
-0.094262
-0.0946875
-0.0941411
-0.0917097
-0.0863654
-0.0763482
-0.0591105
-0.03124
-0.000945601
0.00419255
0.0030309
-0.022459
-0.0524587
-0.0751563
-0.089394
-0.0970883
-0.10066
-0.101744
-0.0406417
-0.0405838
-0.0410422
-0.0414086
-0.04084
-0.0383293
-0.0327122
-0.0223293
-0.00533776
0.0188336
0.0389951
0.0387156
0.0284998
0.00961076
-0.0102059
-0.0251785
-0.0347401
-0.0400371
-0.0426148
-0.0434534
-0.00473512
-0.00465564
-0.00503552
-0.00548385
-0.00520663
-0.00335655
0.00101793
0.00918233
0.022128
0.0389886
0.0505522
0.0485945
0.0388266
0.0258436
0.0132636
0.00356648
-0.00285101
-0.00650238
-0.00827027
-0.0088574
0.0179396
0.0179964
0.0176629
0.0171273
0.0170733
0.0181875
0.0211489
0.026706
0.0353185
0.0459086
0.0520851
0.0498185
0.0425361
0.0337457
0.0255864
0.0191522
0.0146972
0.0120941
0.0108692
0.010464
0.0311089
0.0311281
0.0308206
0.0302422
0.0299274
0.0303921
0.0321352
0.035628
0.0409754
0.0471763
0.0501302
0.0478524
0.0426615
0.0367235
0.031279
0.026869
0.0236887
0.0217894
0.0209303
0.0206532
0.0378376
0.037823
0.0375279
0.0369298
0.0364541
0.0364524
0.0372474
0.0391274
0.0421322
0.0454872
0.0466386
0.0446157
0.0409286
0.0368343
0.033085
0.0299907
0.027689
0.0262951
0.0256887
0.0255
0.0403423
0.0403064
0.0400243
0.0394368
0.0388812
0.0385922
0.0387929
0.0396386
0.0411045
0.0426687
0.0428108
0.0410241
0.0382866
0.0353672
0.0327068
0.0304809
0.0287901
0.0277598
0.0273276
0.0271967
0.0401093
0.0400638
0.0397964
0.03924
0.0386513
0.0381915
0.038008
0.0381981
0.0387294
0.0392211
0.0387805
0.0372115
0.0351328
0.0329974
0.0310627
0.0294334
0.0281808
0.0274172
0.0271065
0.0270143
0.0381072
0.0380604
0.0378177
0.037312
0.0367357
0.0362032
0.0358092
0.0356043
0.0355612
0.0354372
0.0347266
0.0333676
0.0317459
0.0301392
0.0287001
0.0274878
0.0265508
0.0259809
0.0257547
0.0256889
0.0349801
0.0349373
0.0347275
0.0342852
0.0337539
0.0332165
0.0327338
0.0323343
0.0319909
0.0315369
0.0307054
0.029524
0.0282366
0.0270054
0.0259169
0.0250034
0.024297
0.0238685
0.0237017
0.0236541
0.0311518
0.0311153
0.030941
0.0305664
0.0300982
0.0295957
0.0290967
0.0286154
0.0281311
0.0275351
0.0266989
0.0256897
0.0246613
0.0237074
0.0228761
0.0221825
0.0216471
0.0213235
0.0211996
0.021165
0.0268984
0.0268685
0.0267293
0.0264232
0.0260272
0.0255862
0.0251215
0.0246391
0.0241224
0.0234993
0.0227218
0.0218737
0.0210536
0.0203123
0.0196745
0.0191457
0.0187386
0.018494
0.0184022
0.018377
0.0223989
0.0223751
0.0222675
0.022026
0.0217044
0.0213366
0.0209334
0.0204965
0.0200133
0.0194365
0.0187605
0.0180684
0.0174237
0.0168529
0.0163672
0.0159663
0.0156584
0.0154751
0.0154077
0.0153894
0.0177666
0.0177483
0.0176679
0.0174843
0.0172345
0.0169436
0.0166168
0.0162537
0.0158447
0.0153588
0.0148095
0.0142694
0.0137792
0.0133513
0.0129895
0.0126915
0.012463
0.0123283
0.0122797
0.0122664
0.0130673
0.0130539
0.0129965
0.0128635
0.0126805
0.0124661
0.0122229
0.0119495
0.0116387
0.0112707
0.0108638
0.0104734
0.0101246
0.00982215
0.00956628
0.00935449
0.00919147
0.00909599
0.00906216
0.0090526
0.00833406
0.00832491
0.0082871
0.00819869
0.0080785
0.00794046
0.00778514
0.00761031
0.00741117
0.00717659
0.00691996
0.00667656
0.00646079
0.00627369
0.00611401
0.00597929
0.00587326
0.00581072
0.00578883
0.00578198
0.00358178
0.00357844
0.00357226
0.00354374
0.00349315
0.003436
0.00337249
0.00330196
0.00322236
0.00312981
0.00302295
0.0029144
0.00281747
0.00273278
0.00265975
0.00259656
0.0025418
0.0025022
0.00248635
0.0024802
-1.46048
-0.801109
-0.426042
-0.161435
0.0436407
0.204251
0.337525
0.453728
0.581189
0.570853
-0.535435
-0.339621
-0.135635
0.0350923
0.177142
0.29458
0.392446
0.467319
0.500264
0.504204
-0.189335
-0.0646573
0.0677993
0.183421
0.282538
0.365728
0.432286
0.479482
0.508825
0.524956
0.0421307
0.12608
0.216433
0.297529
0.367799
0.42681
0.474117
0.510175
0.537357
0.555322
0.209617
0.269145
0.332693
0.391617
0.443187
0.487264
0.523916
0.55359
0.577391
0.595312
0.339998
0.383962
0.43102
0.476097
0.516424
0.551776
0.582108
0.607279
0.627748
0.645298
0.447994
0.481942
0.521417
0.558355
0.592543
0.623161
0.649735
0.671832
0.689414
0.706693
0.543866
0.574606
0.610679
0.644599
0.676181
0.704619
0.729187
0.749284
0.764337
0.781464
0.638189
0.670609
0.707281
0.741296
0.772366
0.799879
0.823207
0.841794
0.854801
0.872094
0.744225
0.78071
0.819607
0.854614
0.885353
0.911668
0.933416
0.950431
0.962309
0.980199
0.87493
0.914322
0.953029
0.986654
1.01505
1.03899
1.05892
1.07468
1.08669
1.105
1.0367
1.07346
1.10563
1.13263
1.15573
1.17645
1.19525
1.21145
1.22528
1.24319
1.22183
1.24722
1.26735
1.28603
1.30384
1.32071
1.33669
1.35278
1.36998
1.38915
1.40893
1.41992
1.43276
1.44742
1.4611
1.47325
1.48425
1.49568
1.51114
1.5306
1.59105
1.60456
1.60965
1.61064
1.61264
1.62011
1.63392
1.65159
1.66536
1.67672
1.86004
1.80949
1.76203
1.73049
1.71754
1.72213
1.74535
1.79045
1.85717
1.9513
0.300345
0.297348
0.291292
0.280389
0.267928
0.256651
0.247622
0.240871
0.236366
0.234349
0.235379
0.239132
0.245079
0.253177
0.263528
0.275732
0.288001
0.296658
0.301158
0.303295
0.228588
0.235252
0.240539
0.244194
0.245345
0.243752
0.240331
0.236551
0.233533
0.232099
0.232967
0.235754
0.239605
0.243631
0.246496
0.246895
0.244474
0.240006
0.233663
0.227822
0.21842
0.221408
0.224832
0.227401
0.229239
0.230485
0.230762
0.23004
0.228935
0.228337
0.228971
0.230448
0.231853
0.2324
0.231782
0.230352
0.228293
0.225291
0.221878
0.219583
0.212293
0.213747
0.216057
0.218445
0.220281
0.221574
0.222529
0.223136
0.22337
0.223542
0.223967
0.224412
0.224452
0.223975
0.223098
0.221722
0.219698
0.217291
0.215433
0.214352
0.206872
0.207724
0.209353
0.211345
0.213293
0.214947
0.216206
0.217187
0.217983
0.218595
0.218947
0.218945
0.218588
0.217869
0.216689
0.215058
0.213202
0.21139
0.210226
0.209579
0.201892
0.20247
0.203774
0.205495
0.207314
0.209103
0.210717
0.212028
0.213056
0.213836
0.214257
0.214203
0.213677
0.212675
0.21128
0.209699
0.208068
0.206596
0.205737
0.205314
0.197339
0.19776
0.198887
0.200486
0.202163
0.203835
0.20551
0.207098
0.208437
0.209448
0.209936
0.209802
0.20911
0.20803
0.206763
0.205374
0.203898
0.202602
0.201916
0.20163
0.193298
0.193579
0.194574
0.196075
0.197666
0.199241
0.200762
0.202224
0.203618
0.204802
0.205433
0.20542
0.204959
0.204172
0.203123
0.201881
0.200544
0.199379
0.198841
0.198685
0.19038
0.190546
0.191319
0.19263
0.194076
0.195567
0.197113
0.19866
0.200135
0.201448
0.202294
0.202503
0.202197
0.20151
0.200611
0.199601
0.198484
0.197576
0.197221
0.197154
0.188254
0.18836
0.188809
0.189639
0.190648
0.191764
0.192991
0.194388
0.195906
0.197413
0.198518
0.199031
0.199094
0.198894
0.198504
0.197965
0.197393
0.196952
0.196777
0.196732
0.18575
0.185834
0.186113
0.186624
0.187359
0.188325
0.189542
0.190975
0.192606
0.194337
0.19578
0.196644
0.197057
0.197088
0.196889
0.19677
0.196621
0.196492
0.196412
0.196368
0.182403
0.182473
0.182711
0.183138
0.183739
0.184598
0.185776
0.187288
0.189122
0.191186
0.193029
0.194262
0.194947
0.195352
0.195676
0.195786
0.195831
0.195816
0.195777
0.195738
0.178335
0.178386
0.178632
0.179115
0.179766
0.180685
0.181969
0.183646
0.18574
0.188211
0.190567
0.192289
0.193422
0.19415
0.194618
0.194908
0.195049
0.195076
0.195075
0.195047
0.173772
0.173813
0.17407
0.174634
0.175441
0.176458
0.177953
0.179912
0.182402
0.185425
0.188401
0.190676
0.192266
0.193336
0.194023
0.194438
0.194621
0.194694
0.19473
0.194711
0.168767
0.168811
0.169072
0.169678
0.170572
0.171966
0.173629
0.175925
0.178917
0.182641
0.186399
0.189342
0.191435
0.192864
0.193838
0.194447
0.194765
0.194931
0.195003
0.194984
0.163208
0.163259
0.163552
0.164214
0.165256
0.166756
0.168818
0.171616
0.175301
0.179929
0.184651
0.188415
0.191086
0.19301
0.194287
0.195108
0.195602
0.195878
0.195982
0.195959
0.156778
0.15684
0.157199
0.157931
0.15914
0.160917
0.163427
0.16688
0.171455
0.177229
0.183149
0.187889
0.191338
0.193763
0.195415
0.196509
0.197202
0.197589
0.197725
0.197697
0.149129
0.149209
0.149634
0.150565
0.152029
0.154187
0.1573
0.161609
0.167328
0.174552
0.18196
0.187893
0.192234
0.195284
0.197375
0.198781
0.199691
0.200196
0.200367
0.200332
0.139924
0.140029
0.140584
0.141733
0.143574
0.146307
0.150232
0.155651
0.162842
0.171895
0.181136
0.188529
0.193916
0.197708
0.200322
0.202089
0.203241
0.203877
0.204089
0.204044
0.128717
0.128865
0.129602
0.131088
0.133439
0.136942
0.141948
0.148841
0.157934
0.169277
0.180761
0.189893
0.196531
0.20122
0.204459
0.206654
0.208093
0.208888
0.209147
0.209091
0.114857
0.115071
0.116071
0.118031
0.121119
0.125687
0.132182
0.141041
0.152568
0.166753
0.180945
0.192155
0.200286
0.206036
0.21002
0.21273
0.214509
0.215499
0.215816
0.215745
0.0973749
0.0976951
0.0990969
0.10177
0.105939
0.112048
0.120614
0.132086
0.146728
0.16441
0.181834
0.195486
0.205374
0.212385
0.217264
0.220601
0.2228
0.224028
0.224419
0.224329
0.0748563
0.0753765
0.0774212
0.0811921
0.0869963
0.0953761
0.106861
0.121847
0.140463
0.162383
0.183585
0.200056
0.211985
0.220488
0.226451
0.230564
0.233294
0.234813
0.235293
0.235179
0.0449524
0.04587
0.0490404
0.0546801
0.06317
0.0750465
0.0907151
0.110386
0.133953
0.160877
0.18638
0.206018
0.220265
0.230512
0.237797
0.242893
0.246315
0.248213
0.248802
0.248658
0.00338795
0.00521382
0.0108878
0.0201838
0.0333729
0.0507284
0.0722971
0.0980168
0.127549
0.160178
0.190405
0.21348
0.230276
0.242512
0.251389
0.257749
0.262116
0.264526
0.26524
0.265056
-0.0575764
-0.0521716
-0.040433
-0.0239378
-0.00265432
0.0228191
0.0522303
0.0853541
0.121727
0.160572
0.195768
0.22242
0.241906
0.256306
0.267019
0.274958
0.280563
0.283712
0.284666
0.284383
-0.130445
-0.1211
-0.0995932
-0.0721917
-0.0409372
-0.00635521
0.0315231
0.0725724
0.116404
0.162361
0.203662
0.235087
0.258437
0.276131
0.289723
0.300254
0.308088
0.311889
0.312935
0.31316
-0.203616
-0.186967
-0.156124
-0.118798
-0.0781335
-0.0346478
0.0116157
0.0605503
0.111844
0.16494
0.212406
0.248624
0.275793
0.296726
0.313181
0.326203
0.336058
0.341217
0.343692
0.344062
-0.261428
-0.241378
-0.204784
-0.160325
-0.112108
-0.0609649
-0.00714966
0.0491066
0.107408
0.167157
0.220176
0.260463
0.290642
0.313879
0.332124
0.346561
0.357562
0.36414
0.367154
0.367558
-0.308397
-0.286362
-0.245581
-0.195957
-0.141931
-0.0846344
-0.0244389
0.0382319
0.102822
0.168574
0.226472
0.270099
0.302473
0.32715
0.346353
0.361454
0.373013
0.380114
0.383243
0.38365
-0.347297
-0.324425
-0.280586
-0.226885
-0.168227
-0.105881
-0.0402823
0.0279702
0.0981362
0.169264
0.231443
0.277821
0.311857
0.337512
0.357248
0.372578
0.384181
0.391338
0.394474
0.394926
-0.381052
-0.357598
-0.311414
-0.254389
-0.191898
-0.125241
-0.0549874
0.0181759
0.093356
0.169364
0.235476
0.284373
0.319861
0.346264
0.366298
0.381667
0.393227
0.400467
0.403471
0.403912
-0.411125
-0.387319
-0.33927
-0.279502
-0.213764
-0.143381
-0.0690034
0.00858907
0.0883822
0.168996
0.238847
0.290093
0.326897
0.353964
0.374274
0.38971
0.401213
0.408513
0.411424
0.411777
-0.438693
-0.414615
-0.365041
-0.302939
-0.234371
-0.160719
-0.0826678
-0.00105842
0.0830082
0.167977
0.241438
0.295075
0.333288
0.361125
0.381791
0.397345
0.408845
0.416156
0.419016
0.419201
-0.464624
-0.440206
-0.389349
-0.32517
-0.254144
-0.177614
-0.0962827
-0.0110173
0.0770162
0.166191
0.243378
0.29958
0.339361
0.368091
0.389219
0.40497
0.416515
0.423783
0.426609
0.426694
-0.489311
-0.464565
-0.412524
-0.346588
-0.273375
-0.194277
-0.110005
-0.0214045
0.0703823
0.163689
0.244675
0.30363
0.345217
0.375033
0.396773
0.412832
0.424485
0.43173
0.434522
0.434568
-0.513091
-0.488001
-0.434903
-0.367401
-0.292218
-0.210842
-0.123916
-0.0322552
0.0630434
0.160348
0.245208
0.307181
0.350869
0.382032
0.404568
0.421064
0.432908
0.440121
0.442859
0.442871
-0.536155
-0.51069
-0.456733
-0.387737
-0.310808
-0.227401
-0.138091
-0.0436515
0.0548847
0.15605
0.244903
0.310163
0.356252
0.389053
0.412615
0.429702
0.441829
0.449068
0.451688
0.451692
-0.558605
-0.532744
-0.477968
-0.407649
-0.32919
-0.243981
-0.15256
-0.0556332
0.0458981
0.150753
0.243629
0.312448
0.361293
0.396059
0.420904
0.438758
0.451253
0.458525
0.461006
0.460968
-0.580494
-0.554242
-0.498645
-0.42716
-0.347356
-0.260565
-0.167289
-0.0681503
0.0360873
0.144393
0.241253
0.313848
0.365847
0.402965
0.429386
0.448184
0.46113
0.468434
0.470746
0.470622
-0.601764
-0.575153
-0.518777
-0.446271
-0.365285
-0.277112
-0.18222
-0.0811505
0.0254748
0.136948
0.237662
0.314162
0.369668
0.409599
0.437981
0.457941
0.471394
0.478699
0.480799
0.480549
-0.622443
-0.595455
-0.538346
-0.464935
-0.382913
-0.293556
-0.197284
-0.0945709
0.0141334
0.128425
0.232767
0.313191
0.372471
0.415728
0.446596
0.46801
0.481955
0.489077
0.490876
0.490514
-0.642422
-0.615096
-0.55732
-0.483112
-0.400193
-0.309824
-0.2124
-0.10831
0.00214744
0.118865
0.226502
0.310737
0.373969
0.421042
0.455107
0.478494
0.492901
0.499485
0.500766
0.500294
-0.661765
-0.634026
-0.57567
-0.500748
-0.417058
-0.325847
-0.227468
-0.122257
-0.0103877
0.108353
0.218844
0.306642
0.373808
0.425071
0.463224
0.489608
0.504709
0.509985
0.510141
0.509575
-0.68032
-0.652248
-0.59335
-0.517795
-0.433454
-0.341543
-0.242408
-0.136325
-0.0233413
0.0970005
0.209834
0.300802
0.371666
0.427176
0.470288
0.501368
0.518592
0.521866
0.519023
0.517818
-0.698217
-0.669742
-0.61032
-0.534203
-0.449312
-0.356836
-0.257104
-0.150375
-0.0365739
0.08494
0.199559
0.293165
0.367328
0.426602
0.475029
0.5128
0.535601
0.539638
0.530895
0.511848
-0.715354
-0.686516
-0.62672
-0.55016
-0.464912
-0.372046
-0.271961
-0.164865
-0.0506106
0.0716071
0.187403
0.283011
0.360146
0.422309
0.475247
0.520982
0.553494
0.562779
0.547665
0.560805
-0.731891
-0.702589
-0.642506
-0.565606
-0.48021
-0.387108
-0.286964
-0.179754
-0.0654305
0.0569537
0.173253
0.269909
0.349542
0.413376
0.466661
0.517155
0.551098
0.564013
0.505017
0.475232
-0.748339
-0.718514
-0.657432
-0.580131
-0.494746
-0.401605
-0.301915
-0.194788
-0.0807423
0.0412252
0.157229
0.253738
0.335053
0.399906
0.445955
0.48992
0.515198
0.490957
0.419288
0.370312
-0.765292
-0.734755
-0.671016
-0.593519
-0.508162
-0.415426
-0.316474
-0.209801
-0.0964474
0.0244948
0.139321
0.234576
0.315625
0.383248
0.42509
0.433368
0.425218
0.369085
0.290177
0.241133
-0.381289
-0.278082
-0.168878
-0.0530519
0.0646191
0.168691
0.25152
0.0797503
-0.782658
-0.763172
-0.72732
-0.662021
-0.581482
-0.493391
-0.398027
-0.296072
-0.188048
-0.0740209
0.0415128
0.143178
0.223467
0.288452
0.333147
0.300677
0.148197
0.0512205
-0.0246553
-0.797808
-0.785104
-0.742387
-0.675479
-0.594832
-0.506971
-0.412291
-0.311073
-0.204278
-0.0922062
0.0202126
0.117309
0.191793
0.243119
0.238908
0.125607
-0.0440021
-0.168163
-0.271828
-0.818298
-0.805928
-0.760418
-0.692546
-0.611876
-0.52403
-0.42949
-0.32889
-0.223375
-0.113434
-0.00481637
0.0865494
0.153011
0.187995
0.136099
-0.047495
-0.249923
-0.411612
-0.556889
-0.838543
-0.826034
-0.779236
-0.710319
-0.62943
-0.541677
-0.44756
-0.347906
-0.243903
-0.136455
-0.0320157
0.053268
0.111168
0.125095
0.0240167
-0.218669
-0.466294
-0.690538
-0.910435
-0.857723
-0.845788
-0.798411
-0.728623
-0.647493
-0.559841
-0.466261
-0.367648
-0.265288
-0.160599
-0.0607171
0.0179185
0.0665717
0.0467265
-0.115915
-0.378649
-0.66194
-0.937676
-1.18927
-0.876764
-0.865469
-0.818097
-0.747811
-0.666521
-0.57894
-0.485827
-0.388175
-0.287478
-0.185623
-0.0904322
-0.0187437
0.0198985
-0.0391113
-0.24852
-0.513591
-0.795974
-1.07139
-1.24447
-1.30335
-0.89672
-0.885751
-0.83853
-0.768115
-0.686832
-0.599404
-0.506814
-0.410209
-0.311358
-0.212644
-0.122566
-0.0583795
-0.0327764
-0.122041
-0.372174
-0.626639
-0.873702
-1.07386
-1.14307
-1.17425
-0.917527
-0.906879
-0.860042
-0.789573
-0.708424
-0.621307
-0.529377
-0.434028
-0.33729
-0.242134
-0.157707
-0.101644
-0.0909963
-0.214812
-0.484684
-0.724275
-0.932792
-1.06957
-1.11687
-1.11574
-0.939485
-0.929001
-0.882573
-0.812114
-0.731206
-0.644521
-0.553428
-0.459531
-0.365164
-0.273967
-0.195724
-0.148107
-0.157015
-0.325323
-0.589613
-0.816786
-0.996194
-1.06911
-1.08296
-1.08713
-0.962448
-0.952088
-0.90588
-0.835685
-0.755074
-0.668937
-0.578836
-0.486562
-0.394802
-0.307887
-0.23631
-0.197032
-0.235318
-0.434154
-0.692015
-0.915863
-1.03669
-1.07659
-1.07534
-1.07542
-0.9862
-0.975891
-0.929969
-0.860117
-0.77986
-0.694389
-0.60539
-0.514908
-0.425949
-0.343524
-0.278882
-0.248121
-0.31085
-0.536074
-0.792096
-1.01998
-1.06825
-1.07536
-1.07677
-1.07602
-1.00991
-1.00012
-0.954626
-0.885052
-0.805304
-0.72058
-0.632789
-0.544221
-0.458188
-0.380296
-0.32267
-0.301441
-0.382352
-0.622527
-0.881551
-1.1221
-1.17692
-1.11671
-1.08783
-1.07629
-1.03338
-1.02387
-0.979439
-0.910186
-0.83096
-0.747064
-0.660578
-0.573974
-0.490938
-0.417469
-0.366795
-0.353621
-0.450196
-0.680741
-0.920797
-1.16575
-1.22204
-1.12351
-1.0699
-1.05281
-1.05608
-1.0469
-1.00333
-0.934941
-0.856318
-0.77326
-0.688136
-0.603467
-0.523344
-0.454025
-0.409879
-0.400751
-0.524358
-0.725466
-0.814814
-1.05367
-1.1472
-1.14524
-1.11808
-1.10238
-1.07702
-1.06824
-1.02588
-0.958367
-0.880628
-0.798512
-0.714616
-0.631794
-0.554235
-0.488713
-0.449983
-0.444234
-0.611504
-0.827335
-0.716409
-0.429407
-0.920042
-1.40888
-1.52111
-1.49123
-1.095
-1.08681
-1.04615
-0.979797
-0.902908
-0.821779
-0.739093
-0.657915
-0.58221
-0.519914
-0.485291
-0.490635
-0.726748
-1.10593
-1.14196
-0.954353
-1.27941
-1.5835
-1.56193
-1.56253
-1.10895
-1.10155
-1.06303
-0.99814
-0.922191
-0.842084
-0.760605
-0.680498
-0.605939
-0.545196
-0.513599
-0.536435
-0.874899
-1.61569
-2.74051
-3.49501
-3.8045
-3.40933
-2.76501
-2.34764
-1.11766
-1.11134
-1.07547
-1.01236
-0.937385
-0.858239
-0.777668
-0.698266
-0.623813
-0.561558
-0.530742
-0.567308
-0.964527
-1.9578
-3.39819
-4.36074
-4.59403
-4.28852
-3.78548
-3.3256
-1.12088
-1.11532
-1.08243
-1.02134
-0.9474
-0.869101
-0.78936
-0.710161
-0.634184
-0.567004
-0.525927
-0.546395
-0.821835
-1.45972
-2.12278
-2.68549
-2.76816
-2.51821
-2.17087
-1.90322
-1.11585
-1.11145
-1.08212
-1.02397
-0.95099
-0.873721
-0.794804
-0.715425
-0.63693
-0.560166
-0.495226
-0.471612
-0.476554
-0.470131
-0.318652
-0.0522689
0.263025
0.556259
0.772855
0.896532
-1.10185
-1.09857
-1.07323
-1.01837
-0.946913
-0.871078
-0.793445
-0.714607
-0.633261
-0.545165
-0.450061
-0.354282
-0.196162
0.189577
0.776793
1.37936
1.90109
2.26187
2.45611
2.53227
-1.07744
-1.07537
-1.05429
-1.00315
-0.93382
-0.86048
-0.785856
-0.709777
-0.627892
-0.529993
-0.405118
-0.258122
-0.122648
0.329093
0.980107
1.6015
2.10114
2.4342
2.61511
2.68828
-1.04065
-1.03956
-1.02255
-0.975314
-0.910563
-0.841744
-0.773107
-0.703459
-0.626711
-0.527602
-0.382891
-0.204361
-0.0304908
0.259382
0.803813
1.3112
1.71904
1.98907
2.13825
2.20477
-0.98627
-0.985596
-0.972714
-0.93294
-0.875771
-0.815353
-0.756884
-0.699628
-0.637472
-0.553679
-0.414026
-0.202074
0.0185614
0.212649
0.538237
0.897598
1.19955
1.4125
1.53741
1.60075
-0.917413
-0.916677
-0.906935
-0.87675
-0.831548
-0.783965
-0.740952
-0.704774
-0.673108
-0.629812
-0.545537
-0.349268
-0.0974606
0.0782118
0.258376
0.485102
0.693524
0.849496
0.939952
0.980296
-0.83613
-0.835173
-0.829053
-0.810498
-0.781796
-0.752151
-0.729796
-0.722827
-0.743168
-0.799446
-0.861835
-0.748161
-0.432648
-0.205351
-0.042606
0.152712
0.321365
0.442637
0.520647
0.553153
-0.760804
-0.760478
-0.757587
-0.748525
-0.734845
-0.723154
-0.722565
-0.74854
-0.835383
-1.05434
-1.3727
-1.38308
-0.959021
-0.597688
-0.406994
-0.199831
-0.0193696
0.108658
0.17716
0.198013
-0.692167
-0.692511
-0.692291
-0.689572
-0.686456
-0.688924
-0.707449
-0.764166
-0.916254
-1.29972
-1.95564
-2.10032
-1.52734
-1.00166
-0.734213
-0.46838
-0.272046
-0.147814
-0.0890407
-0.0743628
-0.617435
-0.618644
-0.619927
-0.620154
-0.622809
-0.633678
-0.663306
-0.735997
-0.912382
-1.35505
-2.11735
-2.2826
-1.72862
-1.24444
-0.904554
-0.624145
-0.439337
-0.343061
-0.304981
-0.296166
-0.52501
-0.526401
-0.528227
-0.530265
-0.535067
-0.547557
-0.576312
-0.642223
-0.800843
-1.18177
-1.78912
-1.90158
-1.51412
-1.14972
-0.831157
-0.613175
-0.496332
-0.457012
-0.444661
-0.439079
-0.418517
-0.419872
-0.421657
-0.424018
-0.428348
-0.43791
-0.458198
-0.502729
-0.606389
-0.848523
-1.21054
-1.27047
-1.03606
-0.777149
-0.572832
-0.471661
-0.448258
-0.451404
-0.45453
-0.452424
-0.309273
-0.310284
-0.311626
-0.313579
-0.316371
-0.321415
-0.331091
-0.351422
-0.397173
-0.499958
-0.647952
-0.655889
-0.512939
-0.383281
-0.320516
-0.322945
-0.342178
-0.358135
-0.365387
-0.365965
-0.20946
-0.210096
-0.210901
-0.212231
-0.21342
-0.214632
-0.216163
-0.21904
-0.225904
-0.240598
-0.242137
-0.227368
-0.155381
-0.137411
-0.160719
-0.19343
-0.220701
-0.237089
-0.244581
-0.246598
-0.127055
-0.127401
-0.12779
-0.128656
-0.128898
-0.127957
-0.12517
-0.119496
-0.109245
-0.0914297
-0.0604496
-0.0381508
-0.0221356
-0.0338373
-0.0680368
-0.0987976
-0.120757
-0.133472
-0.139694
-0.142093
-0.0645911
-0.0647551
-0.0649122
-0.0655532
-0.0655416
-0.0640186
-0.0599905
-0.0520065
-0.0379629
-0.0154728
0.0135034
0.0279359
0.0242045
0.00847143
-0.0166422
-0.0384519
-0.0535232
-0.0623405
-0.0668502
-0.0687813
-0.0206745
-0.020746
-0.0208153
-0.0213983
-0.0214836
-0.0202672
-0.0167931
-0.00973156
0.00242975
0.0206009
0.0405916
0.0480537
0.0408417
0.0272192
0.0108254
-0.00322772
-0.0131173
-0.0190766
-0.0222107
-0.0235423
0.00808782
0.00805228
0.00799855
0.00742565
0.0071552
0.00785856
0.0103038
0.0154082
0.0241354
0.0366201
0.0489139
0.0520544
0.0459718
0.035983
0.0253069
0.0162371
0.00964726
0.00551742
0.00333615
0.00242086
0.0255568
0.0255268
0.025458
0.02491
0.0244771
0.0246876
0.0261591
0.0294917
0.0351546
0.0429606
0.0500163
0.0509027
0.0462752
0.0393035
0.032236
0.0262192
0.021676
0.0187118
0.0171497
0.0165321
0.0351642
0.0351288
0.035034
0.0345132
0.0339781
0.0338205
0.0344826
0.0363674
0.039756
0.0443372
0.0480588
0.0477657
0.0442772
0.0394779
0.0346981
0.0305806
0.0273738
0.0252119
0.0240813
0.0236613
0.0395463
0.0395071
0.039391
0.0389039
0.0383124
0.0379274
0.0380467
0.0389048
0.0406445
0.0430429
0.0447824
0.0440178
0.0413557
0.0379506
0.0346105
0.0317142
0.0294069
0.027816
0.0269937
0.0267044
0.0405267
0.0404881
0.0403619
0.0399115
0.0393057
0.0387965
0.0385777
0.0388048
0.0395461
0.0406007
0.0411262
0.0400996
0.0379833
0.0354915
0.033091
0.0310003
0.0293111
0.0281304
0.0275289
0.0273269
0.0393055
0.0392709
0.0391459
0.0387349
0.0381482
0.0375832
0.0371642
0.0369838
0.0370818
0.037322
0.0371725
0.0360851
0.03439
0.0325177
0.0307475
0.0292089
0.0279574
0.0270774
0.0266353
0.0264923
0.0366709
0.0366416
0.0365279
0.0361668
0.0356301
0.03507
0.0345686
0.034182
0.0339252
0.0337002
0.0331878
0.0321161
0.0307283
0.0292843
0.0279492
0.0267958
0.0258564
0.0251948
0.0248662
0.0247632
0.0331468
0.033123
0.0330257
0.0327186
0.0322469
0.0317263
0.0312113
0.0307343
0.0303018
0.0298443
0.0291679
0.0281649
0.0270249
0.0258973
0.0248767
0.0240025
0.0232922
0.0227921
0.0225461
0.0224711
0.0290751
0.0290563
0.0289768
0.0287245
0.0283247
0.0278672
0.0273851
0.0268969
0.0264028
0.025855
0.0251428
0.0242469
0.0233132
0.0224267
0.02164
0.0209726
0.0204324
0.0200525
0.0198677
0.0198128
0.0246787
0.024664
0.0246014
0.0244011
0.0240752
0.0236909
0.0232689
0.0228189
0.022338
0.0217928
0.0211214
0.0203509
0.0195963
0.0189026
0.0182971
0.0177881
0.0173775
0.0170898
0.0169517
0.0169117
0.0201005
0.0200891
0.0200412
0.0198876
0.0196319
0.0193233
0.0189744
0.0185903
0.0181668
0.0176813
0.0171009
0.01647
0.0158769
0.0153444
0.0148856
0.0145019
0.0141934
0.0139781
0.0138763
0.0138474
0.0154276
0.0154189
0.0153836
0.0152702
0.0150785
0.0148437
0.0145741
0.0142719
0.0139327
0.0135412
0.0130812
0.0125977
0.012155
0.0117634
0.0114282
0.0111482
0.0109227
0.0107661
0.0106928
0.0106724
0.0107087
0.0107022
0.0106775
0.0105983
0.0104634
0.010299
0.0101107
0.00989883
0.00965955
0.00938261
0.00906055
0.0087286
0.00842931
0.0081665
0.00794125
0.00775155
0.00759689
0.00748867
0.00743835
0.00742434
0.00596414
0.00595908
0.00594403
0.00589612
0.00581578
0.0057219
0.00561698
0.00549977
0.00536746
0.00521443
0.00503767
0.00485708
0.00469514
0.00455308
0.00443057
0.00432551
0.00423695
0.00417329
0.00414351
0.00413452
0.00357947
0.0035768
0.0035619
0.00352012
0.00346524
0.00340506
0.00333821
0.00326329
0.00317796
0.0030778
0.00296812
0.00286457
0.00277365
0.00269495
0.00262714
0.00256804
0.00251924
0.00249158
0.00248409
0.000811654
-1.11012
-0.685413
-0.390737
-0.156381
0.0331739
0.186648
0.312407
0.420284
0.498255
0.499029
-0.476861
-0.278334
-0.102657
0.0476882
0.176361
0.284902
0.375156
0.445552
0.489439
0.506427
-0.139047
-0.0193281
0.0947002
0.197491
0.287189
0.363719
0.426571
0.474537
0.508466
0.530096
0.0809479
0.160484
0.239956
0.313202
0.377462
0.432679
0.478619
0.515352
0.544184
0.563872
0.241727
0.295519
0.355927
0.409801
0.457978
0.500094
0.536228
0.566339
0.590894
0.607518
0.368234
0.40893
0.455659
0.497394
0.536048
0.570732
0.601189
0.627025
0.648235
0.661877
0.473954
0.508767
0.54722
0.583441
0.617287
0.648268
0.675713
0.698946
0.7177
0.728727
0.570545
0.603306
0.639583
0.674684
0.707234
0.736869
0.762889
0.784579
0.801412
0.810416
0.668664
0.704307
0.742256
0.77877
0.811632
0.840724
0.865608
0.885909
0.901117
0.909379
0.783565
0.824268
0.864081
0.901662
0.934064
0.961656
0.984667
1.00326
1.01721
1.02649
0.928605
0.971804
1.0096
1.04362
1.07199
1.09608
1.11697
1.13459
1.14861
1.15987
1.10697
1.14473
1.17316
1.19768
1.2189
1.23838
1.25678
1.27405
1.29005
1.30465
1.30503
1.32616
1.34127
1.35725
1.37366
1.38906
1.40287
1.41621
1.43178
1.45019
1.49606
1.50324
1.51381
1.52541
1.53536
1.54462
1.55499
1.56617
1.57783
1.58672
1.70918
1.71096
1.70306
1.68654
1.67546
1.67499
1.68717
1.71181
1.74596
1.77052
2.12881
1.93493
1.83392
1.77619
1.74711
1.74048
1.75571
1.79655
1.8724
2.01536
-0.748249
-0.752898
-0.714822
-0.647365
-0.56674
-0.477744
0.327747
0.398102
0.398753
0.322044
0.250082
0.172846
-0.103597
-0.379297
-0.723054
-1.17745
-1.70025
)
;

boundaryField
{
    wall-4
    {
        type            zeroGradient;
    }
    pressure-outlet-7
    {
        type            fixedValue;
        value           uniform 0;
    }
    velocity-inlet-6
    {
        type            zeroGradient;
    }
    velocity-inlet-5
    {
        type            zeroGradient;
    }
    frontAndBackPlanes
    {
        type            empty;
    }
}


// ************************************************************************* //
