/*--------------------------------*- C++ -*----------------------------------*\
| =========                 |                                                 |
| \\      /  F ield         | OpenFOAM: The Open Source CFD Toolbox           |
|  \\    /   O peration     | Version:  4.0                                   |
|   \\  /    A nd           | Web:      www.OpenFOAM.org                      |
|    \\/     M anipulation  |                                                 |
\*---------------------------------------------------------------------------*/
FoamFile
{
    version     2.0;
    format      ascii;
    class       volVectorField;
    location    "67";
    object      U;
}
// * * * * * * * * * * * * * * * * * * * * * * * * * * * * * * * * * * * * * //

dimensions      [0 1 -1 0 0 0 0];

internalField   nonuniform List<vector> 
2200
(
(0.878834 -0.0304118 0)
(1.00578 -0.0512797 0)
(1.00327 -0.0353993 0)
(1.00025 -0.0244391 0)
(0.999877 -0.0166639 0)
(1.00004 -0.0107335 0)
(1.00004 -0.00683891 0)
(0.999997 -0.00419047 0)
(0.99991 -0.00220141 0)
(1.00019 -0.000653412 0)
(1.0001 0.00113096 0)
(1.00038 0.00265628 0)
(1.00038 0.00453317 0)
(1.00028 0.00711567 0)
(1.00012 0.0108378 0)
(1.00004 0.0166613 0)
(1.00036 0.0243739 0)
(1.00347 0.0348579 0)
(1.00599 0.0513827 0)
(0.879054 0.0302939 0)
(0.71203 -0.03276 0)
(0.996647 -0.0630031 0)
(1.03332 -0.0561341 0)
(1.02491 -0.046399 0)
(1.01588 -0.0360868 0)
(1.00965 -0.0263481 0)
(1.00591 -0.0181106 0)
(1.00377 -0.0114135 0)
(1.00266 -0.00601993 0)
(1.00221 -0.00156532 0)
(1.00195 0.00250139 0)
(1.00207 0.00701455 0)
(1.00324 0.0123663 0)
(1.00547 0.018952 0)
(1.00939 0.0272531 0)
(1.01549 0.0369956 0)
(1.02459 0.0474872 0)
(1.03315 0.0580103 0)
(0.996704 0.0631455 0)
(0.711778 0.0330384 0)
(0.535581 -0.0238921 0)
(0.969934 -0.0569236 0)
(1.05645 -0.0547191 0)
(1.05225 -0.048732 0)
(1.03626 -0.0403901 0)
(1.02447 -0.032216 0)
(1.01592 -0.0239334 0)
(1.01039 -0.0160265 0)
(1.00712 -0.00872794 0)
(1.00543 -0.00201248 0)
(1.00565 0.00441561 0)
(1.00738 0.0108453 0)
(1.0105 0.0177604 0)
(1.01576 0.0254666 0)
(1.02406 0.0334314 0)
(1.03609 0.041396 0)
(1.05217 0.0493966 0)
(1.0563 0.0532918 0)
(0.969198 0.0576463 0)
(0.534363 0.0239427 0)
(0.392388 -0.0136435 0)
(0.911887 -0.0463786 0)
(1.05755 -0.0468624 0)
(1.06962 -0.0442812 0)
(1.05492 -0.0381313 0)
(1.03936 -0.0314419 0)
(1.02758 -0.0246388 0)
(1.01913 -0.0174295 0)
(1.01386 -0.00993306 0)
(1.01136 -0.00244545 0)
(1.01097 0.00507264 0)
(1.01294 0.0125068 0)
(1.01808 0.0198948 0)
(1.02658 0.0266864 0)
(1.0385 0.0331284 0)
(1.054 0.0395918 0)
(1.06823 0.0456661 0)
(1.05547 0.0482909 0)
(0.9099 0.0470025 0)
(0.389903 0.0137777 0)
(0.307804 -0.00450988 0)
(0.846827 -0.0323616 0)
(1.04944 -0.0398957 0)
(1.07951 -0.03813 0)
(1.06828 -0.0334621 0)
(1.05176 -0.0278478 0)
(1.03835 -0.0224432 0)
(1.02806 -0.0163426 0)
(1.02087 -0.00940574 0)
(1.01681 -0.00168221 0)
(1.01676 0.00614032 0)
(1.02068 0.0135031 0)
(1.02753 0.0197994 0)
(1.0373 0.0255171 0)
(1.0502 0.0304227 0)
(1.06664 0.0357455 0)
(1.07765 0.0401083 0)
(1.04721 0.0417855 0)
(0.842892 0.0330002 0)
(0.303669 0.00474345 0)
(0.264428 0.000104083 0)
(0.789196 -0.0200562 0)
(1.03356 -0.0314312 0)
(1.0837 -0.0320004 0)
(1.07738 -0.0287178 0)
(1.06088 -0.0238248 0)
(1.04731 -0.0193306 0)
(1.03653 -0.0142569 0)
(1.02882 -0.00821644 0)
(1.02448 -0.00130503 0)
(1.02395 0.00617208 0)
(1.02716 0.0128398 0)
(1.03432 0.0186842 0)
(1.04497 0.0231814 0)
(1.0586 0.0271417 0)
(1.07486 0.0315325 0)
(1.08033 0.0342477 0)
(1.02919 0.0333625 0)
(0.782528 0.0207485 0)
(0.258643 0.000124221 0)
(0.240505 0.00107019 0)
(0.738572 -0.0122677 0)
(1.0138 -0.0249521 0)
(1.0841 -0.0266982 0)
(1.08311 -0.0243875 0)
(1.06789 -0.0202182 0)
(1.05427 -0.0162158 0)
(1.04327 -0.0116287 0)
(1.03492 -0.00615366 0)
(1.0298 0.000354676 0)
(1.02942 0.00694668 0)
(1.03398 0.0129183 0)
(1.04164 0.0173904 0)
(1.05178 0.0213857 0)
(1.0647 0.024758 0)
(1.0794 0.0282077 0)
(1.07985 0.0297799 0)
(1.00745 0.027285 0)
(0.728716 0.0131617 0)
(0.232956 -0.000832001 0)
(0.226248 0.000964384 0)
(0.695857 -0.00801061 0)
(0.993416 -0.0206824 0)
(1.08248 -0.0230336 0)
(1.08701 -0.0211652 0)
(1.0735 -0.0175952 0)
(1.0601 -0.0137278 0)
(1.04963 -0.00946616 0)
(1.04183 -0.0045746 0)
(1.03701 0.000991213 0)
(1.03611 0.00708585 0)
(1.039 0.0123215 0)
(1.04565 0.0168268 0)
(1.05574 0.020155 0)
(1.06917 0.023149 0)
(1.08189 0.0258868 0)
(1.07554 0.0268512 0)
(0.983143 0.0235084 0)
(0.681566 0.0091537 0)
(0.216475 -0.000705413 0)
(0.216695 0.000625741 0)
(0.660457 -0.00564473 0)
(0.972794 -0.0175573 0)
(1.07965 -0.0201182 0)
(1.09041 -0.0185205 0)
(1.0784 -0.0153321 0)
(1.06491 -0.0116698 0)
(1.05423 -0.00738931 0)
(1.04604 -0.00246262 0)
(1.04074 0.00303618 0)
(1.03996 0.00836158 0)
(1.04387 0.0129835 0)
(1.0508 0.0165406 0)
(1.06011 0.0198338 0)
(1.07253 0.0225285 0)
(1.08336 0.0246799 0)
(1.07085 0.0250948 0)
(0.959071 0.021082 0)
(0.641395 0.00709241 0)
(0.204333 -0.000331656 0)
(0.209617 0.000304047 0)
(0.63216 -0.00417799 0)
(0.954234 -0.0149193 0)
(1.07678 -0.0178016 0)
(1.09361 -0.0164495 0)
(1.08312 -0.0135186 0)
(1.06974 -0.00987402 0)
(1.0594 -0.00581643 0)
(1.05183 -0.0011578 0)
(1.04698 0.00381117 0)
(1.04537 0.00894187 0)
(1.04737 0.0135032 0)
(1.05305 0.0173444 0)
(1.06245 0.0200395 0)
(1.07546 0.0223717 0)
(1.08428 0.0240397 0)
(1.06364 0.0239927 0)
(0.934076 0.0192249 0)
(0.606284 0.00597185 0)
(0.19381 4.83963e-05 0)
(0.203801 8.85508e-05 0)
(0.608856 -0.00312146 0)
(0.93623 -0.0124938 0)
(1.07359 -0.0154742 0)
(1.09694 -0.0142756 0)
(1.08786 -0.0114335 0)
(1.07433 -0.00785718 0)
(1.06345 -0.00372045 0)
(1.05501 0.00102967 0)
(1.04939 0.00624456 0)
(1.04798 0.0110793 0)
(1.05096 0.0150268 0)
(1.05709 0.0179781 0)
(1.06593 0.0206459 0)
(1.0778 0.0227129 0)
(1.08453 0.0239221 0)
(1.05693 0.0231781 0)
(0.910239 0.0177076 0)
(0.575907 0.00532174 0)
(0.184118 0.000328806 0)
(0.199359 1.49531e-05 0)
(0.590952 -0.00224856 0)
(0.921123 -0.0101337 0)
(1.07089 -0.013287 0)
(1.10045 -0.0122112 0)
(1.09281 -0.00950125 0)
(1.07916 -0.00591187 0)
(1.06829 -0.00199955 0)
(1.06024 0.00254819 0)
(1.05486 0.00741591 0)
(1.05232 0.0122276 0)
(1.05342 0.0163307 0)
(1.05851 0.0195349 0)
(1.06749 0.0215157 0)
(1.08005 0.0232071 0)
(1.08422 0.0240296 0)
(1.04752 0.0227067 0)
(0.885318 0.0165393 0)
(0.547991 0.00495915 0)
(0.17455 0.000500356 0)
(0.195824 3.68529e-05 0)
(0.576309 -0.00151975 0)
(0.906633 -0.00800089 0)
(1.06805 -0.0108587 0)
(1.10397 -0.00969709 0)
(1.0978 -0.00685205 0)
(1.08415 -0.00319129 0)
(1.07273 0.000914006 0)
(1.0636 0.00562309 0)
(1.0569 0.0106526 0)
(1.05445 0.0151417 0)
(1.05658 0.0185698 0)
(1.06208 0.0208197 0)
(1.07066 0.0228094 0)
(1.08142 0.0241257 0)
(1.08339 0.0245327 0)
(1.03845 0.022597 0)
(0.861225 0.0157212 0)
(0.522638 0.00481096 0)
(0.165276 0.000588536 0)
(0.19384 6.87214e-05 0)
(0.566046 -0.000728528 0)
(0.895649 -0.00581314 0)
(1.06609 -0.00854107 0)
(1.10788 -0.00726216 0)
(1.10317 -0.00439917 0)
(1.08933 -0.000647805 0)
(1.07758 0.0032951 0)
(1.06837 0.00772885 0)
(1.06191 0.0126136 0)
(1.05814 0.0173982 0)
(1.05824 0.020884 0)
(1.06267 0.0232766 0)
(1.07149 0.0244458 0)
(1.08261 0.0253709 0)
(1.08128 0.0252955 0)
(1.0262 0.0227944 0)
(0.835457 0.0152547 0)
(0.497846 0.00476282 0)
(0.155845 0.000624779 0)
(0.19304 0.000104504 0)
(0.558652 -0.000192381 0)
(0.885477 -0.00379801 0)
(1.06442 -0.00592238 0)
(1.11187 -0.00439378 0)
(1.1086 -0.0012469 0)
(1.09486 0.00268996 0)
(1.08269 0.00712179 0)
(1.07263 0.0121282 0)
(1.06459 0.0172969 0)
(1.06041 0.0212291 0)
(1.06118 0.0240778 0)
(1.06597 0.025674 0)
(1.07406 0.0268963 0)
(1.08241 0.0272561 0)
(1.07868 0.0266804 0)
(1.01407 0.02347 0)
(0.810053 0.0151432 0)
(0.474247 0.00483216 0)
(0.14656 0.000648995 0)
(0.193703 8.53416e-05 0)
(0.554675 0.000904242 0)
(0.879468 -0.00144559 0)
(1.06408 -0.00303755 0)
(1.11646 -0.00111637 0)
(1.11445 0.00224248 0)
(1.10051 0.00648698 0)
(1.0878 0.0108705 0)
(1.0771 0.0155484 0)
(1.06851 0.0202114 0)
(1.06323 0.0247323 0)
(1.06214 0.0276818 0)
(1.06535 0.0291039 0)
(1.07356 0.0294667 0)
(1.08229 0.029627 0)
(1.07381 0.0284948 0)
(0.99831 0.0244444 0)
(0.78242 0.0153636 0)
(0.449978 0.00498911 0)
(0.136866 0.000664877 0)
(0.195926 0.000287088 0)
(0.555088 0.00156531 0)
(0.875016 0.000804143 0)
(1.06498 0.000118916 0)
(1.12171 0.00242147 0)
(1.12092 0.00613185 0)
(1.10698 0.0106229 0)
(1.0938 0.0156431 0)
(1.08242 0.0211867 0)
(1.07292 0.0268402 0)
(1.06652 0.0306036 0)
(1.06486 0.0323515 0)
(1.06822 0.0333278 0)
(1.0752 0.0338643 0)
(1.08037 0.0329281 0)
(1.06842 0.0311406 0)
(0.982344 0.026095 0)
(0.75438 0.0159928 0)
(0.425703 0.00529708 0)
(0.126976 0.000695608 0)
(0.200257 0.000678871 0)
(0.557974 0.00241185 0)
(0.875642 0.00348704 0)
(1.06773 0.00361843 0)
(1.1278 0.00667435 0)
(1.12791 0.0108542 0)
(1.11351 0.0160828 0)
(1.09963 0.0214419 0)
(1.08718 0.0268303 0)
(1.07569 0.031483 0)
(1.06766 0.0353007 0)
(1.06486 0.0377045 0)
(1.0664 0.0382556 0)
(1.07314 0.0374049 0)
(1.07869 0.0368928 0)
(1.06045 0.0342624 0)
(0.961886 0.0280093 0)
(0.723207 0.0169587 0)
(0.399595 0.00567065 0)
(0.116294 0.000713849 0)
(0.206879 0.000888341 0)
(0.565224 0.00356117 0)
(0.87978 0.00591952 0)
(1.07278 0.00779017 0)
(1.13498 0.011391 0)
(1.13608 0.0162074 0)
(1.12127 0.0218007 0)
(1.10635 0.0278026 0)
(1.09267 0.0340924 0)
(1.08058 0.0402711 0)
(1.07159 0.0444266 0)
(1.067 0.0451354 0)
(1.06787 0.044945 0)
(1.07355 0.0442574 0)
(1.07445 0.0420929 0)
(1.05119 0.0384406 0)
(0.940511 0.0309383 0)
(0.690427 0.0183752 0)
(0.372232 0.00618669 0)
(0.105039 0.000747316 0)
(0.215336 0.00105898 0)
(0.576236 0.00482793 0)
(0.887913 0.00910408 0)
(1.08055 0.0123639 0)
(1.14365 0.0171159 0)
(1.14517 0.0227261 0)
(1.12946 0.0294304 0)
(1.11356 0.0361984 0)
(1.09867 0.0429198 0)
(1.08397 0.0482999 0)
(1.07139 0.0511371 0)
(1.06586 0.0523163 0)
(1.06529 0.0519063 0)
(1.06927 0.0498809 0)
(1.0708 0.0481352 0)
(1.03886 0.0433013 0)
(0.913255 0.0339538 0)
(0.652989 0.0200354 0)
(0.341873 0.00669381 0)
(0.092699 0.000757566 0)
(0.228054 0.0014333 0)
(0.595459 0.00680076 0)
(0.903772 0.0135885 0)
(1.09184 0.0188304 0)
(1.15398 0.0243153 0)
(1.1558 0.0308042 0)
(1.13912 0.0381503 0)
(1.12146 0.0457216 0)
(1.10401 0.0530356 0)
(1.08716 0.0593863 0)
(1.07438 0.0636036 0)
(1.06674 0.0636323 0)
(1.06499 0.061864 0)
(1.06855 0.0594736 0)
(1.06316 0.0556504 0)
(1.02387 0.0492437 0)
(0.884099 0.0382471 0)
(0.612751 0.0221 0)
(0.309355 0.00725592 0)
(0.0796758 0.000766308 0)
(0.243702 0.00197874 0)
(0.618455 0.00856438 0)
(0.924448 0.017912 0)
(1.10736 0.0254241 0)
(1.16677 0.0329715 0)
(1.16808 0.0407293 0)
(1.14964 0.0496151 0)
(1.13015 0.0582123 0)
(1.11096 0.0664676 0)
(1.09174 0.0725764 0)
(1.07407 0.0745359 0)
(1.06421 0.0734291 0)
(1.06098 0.0716225 0)
(1.06108 0.0681929 0)
(1.0564 0.0639724 0)
(1.00518 0.0563451 0)
(0.846817 0.0424262 0)
(0.565442 0.0241718 0)
(0.272825 0.00769616 0)
(0.0655428 0.000749525 0)
(0.266022 0.00282105 0)
(0.652023 0.0124431 0)
(0.95378 0.0250246 0)
(1.1275 0.0353446 0)
(1.1823 0.0438884 0)
(1.18236 0.0537338 0)
(1.16158 0.0637927 0)
(1.13922 0.0734103 0)
(1.11612 0.0816374 0)
(1.09273 0.0872672 0)
(1.07372 0.0893398 0)
(1.06303 0.0883087 0)
(1.05859 0.0846964 0)
(1.05888 0.0802953 0)
(1.04402 0.0742958 0)
(0.981619 0.063948 0)
(0.806048 0.0478339 0)
(0.514634 0.0264263 0)
(0.234209 0.00801494 0)
(0.0511146 0.00072542 0)
(0.297517 0.00376729 0)
(0.697756 0.0155715 0)
(0.993298 0.0332119 0)
(1.1543 0.0471062 0)
(1.20152 0.0588036 0)
(1.19904 0.0706847 0)
(1.17461 0.0823941 0)
(1.14886 0.0926933 0)
(1.12283 0.101233 0)
(1.09695 0.106453 0)
(1.07426 0.107074 0)
(1.05941 0.102998 0)
(1.05224 0.0981597 0)
(1.04787 0.0922009 0)
(1.0322 0.0849695 0)
(0.95343 0.0730048 0)
(0.754389 0.052547 0)
(0.453707 0.0280373 0)
(0.19125 0.00794475 0)
(0.0359562 0.000619625 0)
(0.33416 0.00712236 0)
(0.755704 0.024885 0)
(1.04246 0.0466662 0)
(1.18708 0.0649397 0)
(1.22488 0.0780503 0)
(1.21802 0.093124 0)
(1.18886 0.105854 0)
(1.15885 0.116364 0)
(1.12804 0.123903 0)
(1.09688 0.127193 0)
(1.07026 0.125184 0)
(1.05472 0.120263 0)
(1.04783 0.114346 0)
(1.04328 0.107533 0)
(1.01343 0.0981345 0)
(0.916887 0.0817864 0)
(0.696845 0.0581419 0)
(0.390662 0.029662 0)
(0.148549 0.00768989 0)
(0.0222908 0.0005738 0)
(0.414631 0.010797 0)
(0.843792 0.0357509 0)
(1.10958 0.0678227 0)
(1.22786 0.0906087 0)
(1.25209 0.106957 6.13236e-34)
(1.23801 0.123884 -2.77215e-34)
(1.20225 0.136649 0)
(1.16705 0.146038 0)
(1.13176 0.151829 0)
(1.09718 0.152701 0)
(1.06844 0.148621 0)
(1.04985 0.141103 0)
(1.03879 0.132263 0)
(1.02733 0.12253 0)
(0.992717 0.110559 0)
(0.873912 0.0914201 0)
(0.625323 0.0616404 0)
(0.312931 0.028943 0)
(0.0995475 0.00706039 0)
(0.00742356 0.000743778 0)
(0.48609 0.0259955 4.46034e-20)
(0.9462 0.0603612 -3.38182e-20)
(1.18007 0.102364 0)
(1.26955 0.129729 2.63872e-20)
(1.28098 0.145618 -2.13981e-20)
(1.2576 0.164326 2.92489e-34)
(1.21499 0.175062 0)
(1.17486 0.182195 1.56529e-20)
(1.13454 0.185234 -5.14428e-20)
(1.09471 0.183005 1.052e-20)
(1.06105 0.175318 0)
(1.03949 0.164434 -2.68039e-20)
(1.02885 0.154616 -3.22848e-20)
(1.01606 0.144444 5.6562e-20)
(0.956944 0.128663 -4.46732e-20)
(0.803203 0.100835 0)
(0.522908 0.0639362 -1.60521e-20)
(0.222338 0.0269087 0)
(0.0505962 0.00667735 -8.87591e-20)
(-0.00850822 0.00034534 1.04606e-19)
(0.522503 0.0540452 -5.90086e-21)
(1.01243 0.102666 9.93345e-20)
(1.23245 0.153303 -5.03406e-21)
(1.30429 0.177724 -6.38508e-20)
(1.30642 0.195199 -4.51601e-20)
(1.27397 0.21217 7.34738e-20)
(1.22491 0.220205 0)
(1.17895 0.224731 0)
(1.13289 0.225387 8.16667e-20)
(1.08814 0.220167 0)
(1.05091 0.208864 9.64264e-20)
(1.02857 0.19702 2.8761e-20)
(1.0119 0.184892 5.6613e-22)
(0.98406 0.169219 -6.12684e-20)
(0.913067 0.147858 0)
(0.733871 0.113942 0)
(0.440037 0.065906 -2.61012e-19)
(0.161923 0.024423 6.56378e-19)
(0.0176876 0.00455349 -3.87972e-19)
(-0.0201331 -0.00150717 -4.56914e-19)
(0.529541 0.0773014 -5.29306e-20)
(1.04705 0.160007 2.07081e-20)
(1.26766 0.21352 1.16938e-20)
(1.3309 0.237042 1.10902e-19)
(1.32605 0.25346 1.46368e-20)
(1.28634 0.265751 -1.90951e-19)
(1.23178 0.269625 6.53364e-20)
(1.18072 0.270688 0)
(1.12942 0.267351 -1.72316e-19)
(1.07939 0.258063 1.53598e-19)
(1.03863 0.244662 -2.60164e-19)
(1.01042 0.230029 1.21998e-19)
(0.991784 0.214044 -7.91207e-20)
(0.96604 0.197759 1.7847e-19)
(0.877766 0.172051 0)
(0.683067 0.126534 -6.49341e-20)
(0.389036 0.0690817 0)
(0.137757 0.0238866 3.57458e-19)
(0.00473894 0.00241036 -8.46848e-19)
(-0.0254552 -0.00349952 5.30063e-19)
(0.526799 0.108416 1.35999e-19)
(1.07207 0.218615 -6.07059e-20)
(1.29188 0.279771 -1.33394e-20)
(1.34887 0.302138 0)
(1.33889 0.315654 -8.23257e-20)
(1.29394 0.322908 1.0174e-19)
(1.23463 0.322165 -6.97396e-20)
(1.17855 0.318871 0)
(1.12244 0.311586 1.22355e-19)
(1.06824 0.298508 -1.07852e-19)
(1.02322 0.280655 2.24836e-19)
(0.993678 0.261182 0)
(0.971415 0.244044 -1.6803e-19)
(0.932444 0.223305 9.47311e-20)
(0.843934 0.19001 2.381e-19)
(0.647762 0.140084 -2.09467e-19)
(0.366867 0.0758175 3.30531e-19)
(0.132524 0.0259909 -7.31242e-19)
(0.001037 0.00101232 4.62458e-19)
(-0.028285 -0.00570194 -5.784e-19)
(0.512406 0.132531 -3.94047e-20)
(1.07447 0.270413 2.78089e-20)
(1.30078 0.344229 -4.45855e-20)
(1.35772 0.367749 9.2421e-20)
(1.34463 0.379959 -8.93317e-20)
(1.29613 0.381894 3.16958e-20)
(1.23342 0.376017 3.78929e-21)
(1.17367 0.368275 -1.371e-19)
(1.11333 0.356419 -1.27836e-19)
(1.05439 0.338516 -2.31007e-19)
(1.00568 0.316702 -4.83186e-19)
(0.972309 0.29508 -1.49118e-19)
(0.947773 0.2739 2.23183e-21)
(0.914739 0.251621 -3.23872e-19)
(0.818621 0.217071 -5.00804e-21)
(0.625013 0.15588 3.04568e-19)
(0.360346 0.0850099 -9.13e-20)
(0.135747 0.030714 -5.29024e-20)
(0.00578939 0.000285845 0)
(-0.027372 -0.00691614 1.22869e-18)
(0.497465 0.154178 0)
(1.07363 0.322601 3.68998e-22)
(1.30487 0.409194 -5.8017e-21)
(1.36039 0.432336 -1.2977e-20)
(1.34486 0.442386 8.50053e-20)
(1.29402 0.439989 -7.46274e-20)
(1.22843 0.430081 7.57812e-20)
(1.16518 0.418025 2.25311e-19)
(1.10153 0.40176 -7.10833e-20)
(1.04037 0.379832 1.14033e-19)
(0.988815 0.353692 2.59593e-19)
(0.952488 0.327652 3.25146e-19)
(0.925429 0.305353 -1.95872e-19)
(0.881927 0.279246 3.50662e-19)
(0.790543 0.237184 -2.779e-19)
(0.604856 0.175434 0)
(0.355737 0.0982662 -6.93254e-19)
(0.144376 0.0378072 9.33165e-19)
(0.0153623 0.00260983 6.96338e-20)
(-0.0234911 -0.00723659 -1.29933e-18)
(0.479808 0.173223 -5.15367e-21)
(1.06038 0.36797 -2.40786e-20)
(1.29993 0.468353 4.15853e-20)
(1.35745 0.494016 -6.56057e-20)
(1.34008 0.503999 7.20012e-20)
(1.28734 0.497476 -7.14919e-20)
(1.21985 0.483145 1.49158e-19)
(1.15468 0.466754 -6.68833e-20)
(1.08856 0.446079 -2.86555e-19)
(1.0231 0.41938 -2.64434e-22)
(0.966531 0.388706 -2.82458e-19)
(0.927285 0.360216 -3.50147e-19)
(0.89992 0.334791 2.16621e-19)
(0.863601 0.307252 -1.26105e-19)
(0.768267 0.265969 3.02554e-19)
(0.589869 0.193708 0)
(0.355167 0.113063 -4.31102e-19)
(0.153841 0.0465092 6.36742e-19)
(0.0257467 0.00645823 1.204e-18)
(-0.0187556 -0.00683176 -1.41605e-18)
(0.467066 0.191769 -1.0495e-19)
(1.05163 0.415143 4.72687e-20)
(1.29404 0.52769 -2.16774e-20)
(1.35096 0.553704 6.71055e-20)
(1.33202 0.562114 1.22236e-20)
(1.27821 0.552059 -1.39065e-19)
(1.20912 0.534485 -8.70235e-20)
(1.14163 0.514446 -8.65361e-20)
(1.07261 0.490018 -1.62476e-19)
(1.00455 0.459507 2.61184e-19)
(0.946282 0.425046 2.85016e-19)
(0.906401 0.393088 5.55552e-19)
(0.875651 0.366024 0)
(0.830251 0.335707 6.44359e-21)
(0.742659 0.285549 -8.32361e-19)
(0.574169 0.21467 1.95604e-19)
(0.353728 0.128006 9.36353e-19)
(0.162552 0.0564958 -2.76332e-19)
(0.0362891 0.0115194 5.73009e-19)
(-0.0135199 -0.00566927 -4.7748e-20)
(0.45397 0.208065 5.867e-21)
(1.0351 0.454878 6.52763e-20)
(1.28294 0.580888 -2.63485e-21)
(1.34136 0.609819 6.14395e-20)
(1.32114 0.618457 -1.30836e-19)
(1.26608 0.605161 1.371e-19)
(1.19566 0.584043 9.00083e-20)
(1.1267 0.560368 2.57641e-19)
(1.05561 0.532287 3.24899e-19)
(0.984687 0.497591 -3.03086e-19)
(0.923329 0.45875 0)
(0.880331 0.424149 -2.10777e-19)
(0.849123 0.393745 2.41996e-19)
(0.811536 0.361772 3.05871e-19)
(0.721411 0.314526 -1.77084e-19)
(0.559981 0.233039 -4.29912e-19)
(0.351855 0.143709 -1.27997e-19)
(0.16957 0.0669229 -2.03259e-21)
(0.0454156 0.0172269 0)
(-0.00867132 -0.00414035 0)
(0.44626 0.225071 -9.04491e-20)
(1.02482 0.49707 0)
(1.27242 0.634211 1.30017e-20)
(1.32982 0.664001 -1.83198e-20)
(1.30846 0.671148 1.51311e-19)
(1.2528 0.654924 -3.78708e-20)
(1.18128 0.631278 9.14969e-20)
(1.11069 0.604741 -1.7396e-19)
(1.03787 0.573512 2.46444e-19)
(0.965615 0.53543 -1.00588e-19)
(0.902584 0.493013 1.63653e-19)
(0.858285 0.455966 6.69444e-19)
(0.825475 0.423297 1.43007e-20)
(0.779075 0.387984 -3.19488e-19)
(0.696727 0.331563 5.9137e-19)
(0.543702 0.253726 3.35413e-21)
(0.347545 0.158224 1.36939e-19)
(0.173849 0.0774119 -6.52715e-19)
(0.0522684 0.0227584 6.72542e-19)
(-0.00463605 -0.00255196 -7.92147e-19)
(0.438133 0.240594 2.54428e-23)
(1.00979 0.532455 0)
(1.25874 0.681336 0)
(1.31668 0.714403 3.98729e-21)
(1.29444 0.721754 -4.30937e-20)
(1.23782 0.702987 6.30774e-20)
(1.1654 0.676511 -1.68476e-19)
(1.09415 0.646965 0)
(1.01996 0.612776 -3.63849e-19)
(0.944517 0.571213 4.39698e-19)
(0.878132 0.525406 4.68711e-19)
(0.831616 0.484551 -2.45841e-19)
(0.798499 0.447876 -2.98277e-19)
(0.760774 0.410837 6.99771e-19)
(0.675325 0.358694 -2.10439e-19)
(0.527425 0.269637 -2.50567e-19)
(0.341281 0.172103 -1.49743e-19)
(0.174911 0.0865281 -7.05728e-19)
(0.0565973 0.0275754 1.03452e-19)
(-0.00153716 -0.00110413 8.58221e-19)
(0.432858 0.257876 -4.32797e-20)
(0.999839 0.570262 -5.86216e-20)
(1.24622 0.728663 2.3827e-20)
(1.30259 0.762951 -2.05932e-22)
(1.27956 0.768915 -4.9872e-20)
(1.22268 0.747732 9.81792e-20)
(1.14978 0.71921 0)
(1.07743 0.687454 1.05787e-19)
(1.00154 0.650946 -8.34136e-20)
(0.924665 0.606721 7.34763e-19)
(0.857232 0.557573 -1.05626e-19)
(0.809565 0.513414 1.21864e-19)
(0.774867 0.475687 0)
(0.72825 0.434425 -3.79102e-19)
(0.650211 0.371375 4.59437e-19)
(0.509418 0.287423 0)
(0.332235 0.183343 -3.22348e-19)
(0.173253 0.0943388 9.48977e-19)
(0.0584745 0.0314299 1.1281e-19)
(0.000581403 3.73597e-05 -1.05854e-18)
(0.428811 0.27512 -1.06954e-19)
(0.987004 0.602253 1.35528e-19)
(1.23166 0.770097 0)
(1.288 0.80757 2.85813e-20)
(1.26443 0.813799 0)
(1.20687 0.790666 -1.30828e-19)
(1.13335 0.759929 0)
(1.06046 0.725797 0)
(0.983366 0.686963 -1.11625e-19)
(0.903815 0.639989 -6.98742e-19)
(0.832939 0.588157 -8.67207e-19)
(0.782561 0.540558 1.43055e-19)
(0.746736 0.497072 5.17105e-19)
(0.709585 0.453255 4.18087e-19)
(0.628084 0.395116 -1.47493e-18)
(0.491784 0.298482 -5.89037e-19)
(0.322114 0.19364 3.4547e-19)
(0.16945 0.100133 0)
(0.0583299 0.0341672 9.70003e-19)
(0.00178618 0.000815212 -1.14179e-18)
(0.426782 0.290697 1.25895e-19)
(0.978526 0.636423 -1.56032e-19)
(1.21867 0.812044 0)
(1.27319 0.850522 -1.13977e-20)
(1.24899 0.855569 -5.88991e-21)
(1.19131 0.830532 0)
(1.11756 0.798176 5.22241e-20)
(1.04377 0.762324 7.42175e-20)
(0.965121 0.721842 -2.09214e-19)
(0.884042 0.673095 9.23467e-20)
(0.811481 0.618409 0)
(0.759966 0.566941 5.93219e-19)
(0.723105 0.522542 6.19345e-21)
(0.676373 0.473709 2.2572e-19)
(0.602841 0.401828 2.67598e-19)
(0.472643 0.311548 0)
(0.310527 0.200389 -5.62364e-19)
(0.163742 0.104536 1.10237e-18)
(0.0570009 0.0356591 -1.1716e-18)
(0.00216507 0.0013252 2.46017e-18)
(0.424951 0.30549 0)
(0.967279 0.664988 0)
(1.20444 0.848259 -7.73023e-20)
(1.25853 0.889622 0)
(1.23389 0.895047 0)
(1.17564 0.868556 -1.03799e-19)
(1.10138 0.834507 5.34139e-20)
(1.02716 0.796862 1.79056e-20)
(0.947505 0.754622 -4.75597e-20)
(0.864061 0.703816 0)
(0.788076 0.647054 -1.32731e-19)
(0.732897 0.59268 -4.83966e-19)
(0.693295 0.541266 -5.83555e-19)
(0.656701 0.487439 -2.3487e-19)
(0.580145 0.421159 2.89827e-19)
(0.454378 0.31569 -6.82572e-19)
(0.300043 0.205278 1.20975e-18)
(0.157807 0.10611 1.52611e-21)
(0.0549836 0.0368598 -1.11897e-18)
(0.00245621 0.00204086 -1.65951e-19)
(0.423784 0.319502 0)
(0.959717 0.695895 -1.25827e-19)
(1.19201 0.885263 9.34396e-20)
(1.24399 0.927381 0)
(1.21871 0.931805 0)
(1.16037 0.903841 2.05982e-19)
(1.08609 0.868563 0)
(1.01125 0.829608 0)
(0.930297 0.786309 -4.60056e-19)
(0.845221 0.734527 1.28864e-19)
(0.766591 0.675686 -1.17721e-18)
(0.709551 0.617275 0)
(0.669121 0.564508 -6.35951e-19)
(0.621566 0.504604 9.97089e-21)
(0.553648 0.419914 -9.33814e-19)
(0.435426 0.321341 3.6698e-19)
(0.289871 0.204501 1.22626e-21)
(0.155846 0.104717 -1.26304e-18)
(0.0544412 0.0349922 6.01982e-19)
(0.000648307 -0.00044268 1.77489e-19)
(0.422376 0.33331 0)
(0.949835 0.721702 -1.69783e-19)
(1.17869 0.916841 9.82922e-20)
(1.22989 0.961503 1.39119e-19)
(1.20422 0.966351 -5.09542e-21)
(1.14543 0.9373 2.035e-20)
(1.07084 0.900775 -2.98729e-20)
(0.995754 0.860585 4.33572e-19)
(0.913892 0.816017 4.92129e-19)
(0.826508 0.762889 9.80348e-19)
(0.744497 0.702653 9.78073e-19)
(0.682713 0.642425 1.72449e-19)
(0.637004 0.581455 9.14566e-19)
(0.599422 0.513241 5.65552e-19)
(0.528298 0.433335 6.70032e-19)
(0.417013 0.314561 -4.01416e-19)
(0.280274 0.197329 -4.61426e-19)
(0.15791 0.102787 5.44785e-19)
(0.0634593 0.0443433 -3.23619e-19)
(0.00874899 0.0099283 5.75488e-19)
(0.421407 0.346619 2.36611e-19)
(0.943261 0.74985 2.66236e-19)
(1.16713 0.949617 5.62059e-20)
(1.21609 0.994665 1.54347e-20)
(1.1898 0.998576 -1.79222e-20)
(1.13104 0.968382 -5.67407e-20)
(1.05663 0.930979 2.846e-20)
(0.981115 0.889823 -1.90473e-20)
(0.898059 0.844636 -5.73794e-19)
(0.809074 0.791184 -1.06445e-18)
(0.724028 0.729784 6.79003e-20)
(0.659005 0.665883 0)
(0.612144 0.603638 0)
(0.560285 0.529001 -2.9534e-19)
(0.496595 0.422666 -1.09957e-18)
(0.396318 0.307988 8.6477e-19)
(0.279617 0.179483 5.05908e-19)
(0.171271 0.0809693 0)
(0.0811134 0.0134987 1.03568e-18)
(0.00248964 -0.0175523 -6.13e-19)
(0.4202 0.359569 -1.25597e-19)
(0.93459 0.773013 1.10652e-19)
(1.15478 0.977176 -1.34027e-19)
(1.20288 1.0244 -1.13498e-19)
(1.17632 1.02872 -2.21051e-20)
(1.11725 0.997695 -1.81515e-20)
(1.04268 0.95939 0)
(0.966998 0.917469 -5.45421e-19)
(0.883091 0.871402 6.92107e-20)
(0.791931 0.817168 0)
(0.70369 0.75552 0)
(0.632995 0.691455 1.10742e-19)
(0.577388 0.620725 1.48907e-19)
(0.53341 0.534369 -3.19655e-19)
(0.464271 0.432151 7.8897e-19)
(0.369346 0.285848 -9.42862e-19)
(0.264741 0.154054 -1.08618e-18)
(0.195285 0.0706358 9.62569e-19)
(0.151516 0.0679684 -3.68056e-19)
(0.109765 0.0745582 2.14106e-19)
(0.419369 0.371667 1.55449e-19)
(0.928806 0.798387 0)
(1.14411 1.00626 0)
(1.19006 1.05352 -3.19825e-20)
(1.16298 1.05691 2.5891e-20)
(1.10402 1.02497 -1.97727e-20)
(1.02974 0.98607 1.31101e-19)
(0.953723 0.943441 5.57811e-19)
(0.868777 0.897097 1.04208e-18)
(0.776265 0.843072 -8.06406e-20)
(0.685036 0.781209 1.67254e-19)
(0.60995 0.714067 -9.92634e-19)
(0.552437 0.64344 -9.92365e-19)
(0.4882 0.55287 -1.72068e-19)
(0.417561 0.414191 0)
(0.334499 0.273684 -4.23853e-21)
(0.247887 0.0796485 6.00049e-19)
(0.242007 -0.0340734 -1.00668e-18)
(0.209259 -0.111188 7.64786e-19)
(0.0884319 -0.100139 6.32776e-19)
(0.418104 0.383516 -3.42572e-19)
(0.920888 0.818852 -1.53897e-19)
(1.1326 1.03028 6.89873e-21)
(1.17779 1.07955 6.23506e-20)
(1.1505 1.08343 0)
(1.0913 1.05093 -4.41421e-20)
(1.01688 1.01145 -1.90809e-19)
(0.940707 0.968536 -2.2758e-21)
(0.855045 0.921791 -5.45975e-19)
(0.760518 0.867517 -7.92485e-20)
(0.666073 0.806498 7.36101e-20)
(0.58508 0.74188 8.72277e-19)
(0.514318 0.664054 9.67855e-19)
(0.454651 0.558317 1.68196e-19)
(0.37608 0.431455 8.57402e-19)
(0.272408 0.237341 0)
(0.146261 0.0603967 0)
(-0.0125345 0.173641 6.87136e-19)
(-0.0786734 0.629625 -2.6922e-20)
(0.00983118 1.54523 -8.53982e-19)
(0.417319 0.394577 1.8881e-19)
(0.91571 0.841863 4.35107e-19)
(1.1227 1.0565 -6.03139e-19)
(1.16578 1.10567 3.08467e-19)
(1.13794 1.10882 -1.15893e-20)
(1.07879 1.0758 6.08503e-21)
(1.00463 1.03618 0)
(0.928124 0.993043 -4.64423e-19)
(0.841523 0.946679 0)
(0.745671 0.893448 1.1132e-18)
(0.648022 0.833423 -9.04116e-20)
(0.561652 0.766653 1.01381e-19)
(0.48926 0.692286 1.11627e-18)
(0.399554 0.591319 -3.65525e-19)
(0.286385 0.414443 -4.35078e-19)
(0.182371 0.286647 0)
(0.0737385 0.457518 0)
(0.024192 1.36268 0)
(0.0710787 2.47418 -3.89885e-19)
(0.0971934 2.91596 -2.40982e-19)
(0.415774 0.405179 0)
(0.908341 0.859849 0)
(1.11191 1.07755 2.19441e-19)
(1.15434 1.12882 -2.51244e-19)
(1.12628 1.13272 1.17928e-19)
(1.06687 1.0995 3.26069e-21)
(0.992539 1.05975 2.5148e-20)
(0.915926 1.01698 -1.95794e-20)
(0.828739 0.970955 7.77159e-20)
(0.730976 0.918301 -1.27765e-18)
(0.630057 0.860278 1.63598e-19)
(0.538271 0.799631 8.78571e-19)
(0.44743 0.722175 -1.1115e-18)
(0.361304 0.598811 -1.22887e-18)
(0.263446 0.470831 4.12576e-19)
(0.179528 0.618454 0)
(0.112504 1.58984 5.60258e-19)
(0.117668 2.70165 6.03569e-19)
(0.125064 3.0907 -6.74241e-19)
(0.11785 3.2235 7.1744e-19)
(0.414764 0.415504 0)
(0.903704 0.880581 3.79954e-19)
(1.1028 1.10121 -5.49875e-20)
(1.1432 1.15228 3.4638e-19)
(1.11456 1.15562 -1.23786e-19)
(1.0552 1.12223 0)
(0.981156 1.08275 0)
(0.904284 1.04015 0)
(0.816346 0.995105 4.34349e-19)
(0.71752 0.944373 5.86655e-20)
(0.613699 0.888615 0)
(0.515867 0.82643 -8.73057e-19)
(0.429205 0.754852 0)
(0.304881 0.643618 8.79226e-19)
(0.199328 0.692004 -5.96527e-19)
(0.143987 1.46683 -4.77519e-19)
(0.148405 2.68814 -1.09638e-18)
(0.172027 3.12601 -5.75725e-19)
(0.162629 3.26515 -7.72607e-19)
(0.149793 3.30534 5.60446e-19)
(0.413127 0.424801 -1.32111e-19)
(0.896765 0.896104 1.47612e-20)
(1.09272 1.11945 -6.09123e-20)
(1.13267 1.17275 -2.68724e-19)
(1.10383 1.17711 0)
(1.04423 1.14382 0)
(0.970024 1.10452 0)
(0.893129 1.06281 3.28802e-20)
(0.804779 1.0187 -5.49437e-19)
(0.704325 0.969316 0)
(0.597664 0.916501 0)
(0.497512 0.863282 0)
(0.385167 0.787487 0)
(0.308714 0.73613 6.46502e-19)
(0.264938 1.13743 1.58461e-18)
(0.2376 2.40176 4.64533e-19)
(0.25508 3.08137 9.28382e-19)
(0.249681 3.2783 -7.10835e-19)
(0.201543 3.34365 2.59747e-19)
(0.169955 3.35689 0)
(0.411958 0.43397 1.35677e-19)
(0.892505 0.915301 -8.40374e-19)
(1.0842 1.14151 -2.26916e-19)
(1.12219 1.19448 -5.04087e-20)
(1.09276 1.19836 2.87274e-20)
(1.03325 1.16514 -1.16146e-19)
(0.95939 1.12643 -4.46357e-22)
(0.882323 1.08513 -3.58869e-19)
(0.793441 1.04241 0)
(0.692409 0.995677 -7.5404e-20)
(0.584032 0.946359 6.85964e-20)
(0.47783 0.890879 0)
(0.382813 0.8284 0)
(0.32103 0.9289 -8.10145e-19)
(0.265593 1.85188 1.01886e-19)
(0.262064 2.94491 -3.49486e-19)
(0.287234 3.28129 7.30555e-19)
(0.258522 3.37949 5.22284e-19)
(0.194209 3.40411 -7.05373e-19)
(0.169866 3.41435 3.47741e-19)
(0.409868 0.443393 2.65576e-19)
(0.884927 0.930054 8.17184e-19)
(1.07362 1.159 2.73111e-19)
(1.11147 1.21453 0)
(1.08194 1.21967 0)
(1.02229 1.1866 8.99974e-20)
(0.948375 1.14808 5.16717e-20)
(0.871506 1.10791 3.19451e-19)
(0.782547 1.06643 2.12143e-20)
(0.680423 1.02153 9.59866e-19)
(0.570115 0.975519 -1.14636e-18)
(0.459146 0.926258 0)
(0.37983 0.908149 0)
(0.333136 1.30617 -5.52975e-19)
(0.32816 2.49615 -6.63529e-19)
(0.373208 3.19377 0)
(0.398423 3.36157 -7.37776e-19)
(0.327601 3.42454 5.12565e-20)
(0.259462 3.47022 3.38031e-19)
(0.237413 3.49572 -1.09553e-19)
(0.408063 0.453142 -5.0451e-19)
(0.880092 0.951309 -3.91901e-19)
(1.06405 1.18344 0)
(1.09976 1.238 0)
(1.0697 1.24232 0)
(1.01033 1.20919 0)
(0.937031 1.17124 -6.2689e-20)
(0.860245 1.13129 2.77692e-19)
(0.771158 1.0912 0)
(0.669261 1.0492 -8.73572e-19)
(0.55924 1.00711 2.05777e-18)
(0.448542 0.965119 8.44543e-20)
(0.395868 1.02833 1.14048e-19)
(0.384764 1.74071 9.00883e-19)
(0.395422 2.90139 -4.8435e-19)
(0.435582 3.31294 0)
(0.41859 3.43425 2.07429e-19)
(0.332756 3.52346 9.1118e-20)
(0.259206 3.58779 1.49093e-19)
(0.183702 3.56725 -1.62806e-20)
(0.405071 0.463438 2.39647e-19)
(0.870505 0.96696 -3.98467e-19)
(1.05141 1.20193 0)
(1.08739 1.25951 -7.38226e-20)
(1.05741 1.26525 2.55136e-19)
(0.998068 1.23207 0)
(0.924941 1.19401 0)
(0.848763 1.15523 -4.81222e-19)
(0.760135 1.11637 -5.5604e-20)
(0.658052 1.07628 8.57074e-19)
(0.544377 1.03702 -9.77585e-19)
(0.451968 1.01605 5.75788e-19)
(0.412311 1.21834 0)
(0.419941 2.18615 -4.77786e-19)
(0.461775 3.14205 3.13242e-19)
(0.526968 3.41462 1.96516e-19)
(0.517975 3.51007 0)
(0.455502 3.59251 -3.7122e-20)
(0.386778 3.63207 -4.09886e-19)
(0.30644 3.6043 -9.6677e-20)
(0.402328 0.473928 -4.75736e-19)
(0.864596 0.991225 5.70155e-19)
(1.04023 1.2298 3.96569e-19)
(1.07381 1.28544 -9.87574e-20)
(1.04335 1.28979 -3.89161e-19)
(0.984547 1.25631 0)
(0.912425 1.21874 2.31575e-20)
(0.836679 1.17983 1.73191e-19)
(0.748448 1.14216 2.86971e-20)
(0.647502 1.10479 -7.4042e-19)
(0.535278 1.07108 -5.16078e-20)
(0.454226 1.07618 -6.4895e-19)
(0.448094 1.45149 7.14427e-19)
(0.492024 2.55109 1.57192e-19)
(0.558008 3.30175 -2.76625e-19)
(0.61076 3.46542 1.44975e-19)
(0.569582 3.51622 0)
(0.512517 3.5204 0)
(0.420126 3.48341 -6.79926e-19)
(0.193232 3.27378 1.25548e-18)
(0.397844 0.484776 2.27539e-19)
(0.85235 1.00777 5.60417e-19)
(1.02513 1.24918 -4.04052e-19)
(1.05956 1.30838 3.59818e-19)
(1.02937 1.31427 4.04618e-19)
(0.97089 1.28047 0)
(0.899286 1.2424 -1.60464e-20)
(0.824679 1.20461 1.3684e-19)
(0.737585 1.16805 0)
(0.637607 1.13232 0)
(0.529504 1.10496 0)
(0.463445 1.15668 0)
(0.488919 1.69383 -8.06416e-19)
(0.550356 2.85979 -2.0996e-19)
(0.62666 3.38752 0)
(0.669474 3.47754 -2.57447e-20)
(0.667473 3.48307 0)
(0.744514 3.32396 1.40416e-19)
(0.839789 2.95388 -1.76968e-18)
(0.447276 2.57145 1.85643e-18)
(0.393968 0.495083 -4.60555e-19)
(0.844882 1.03527 -3.59026e-19)
(1.01198 1.28099 -2.6724e-19)
(1.04378 1.33707 -3.36489e-19)
(1.01325 1.34084 -1.96751e-19)
(0.955675 1.30643 0)
(0.885579 1.26877 1.23562e-21)
(0.811835 1.23042 -3.94686e-20)
(0.725766 1.19468 -2.18513e-19)
(0.628152 1.16134 0)
(0.525334 1.142 5.13089e-20)
(0.479041 1.25014 -5.83275e-20)
(0.535357 1.94979 0)
(0.624953 3.07866 2.73648e-19)
(0.717215 3.42841 0)
(0.748055 3.4642 -9.94289e-20)
(0.749543 3.37381 2.74434e-19)
(0.744021 2.9918 -1.38518e-19)
(0.49807 1.98138 2.72801e-19)
(-0.340574 0.492226 -6.62465e-19)
(0.386481 0.506064 -1.28689e-20)
(0.828873 1.05245 -1.82762e-19)
(0.993588 1.30115 3.68403e-19)
(1.02703 1.36181 -1.98984e-20)
(0.996998 1.36751 -6.16922e-20)
(0.940089 1.33267 0)
(0.870886 1.29417 7.79101e-20)
(0.798875 1.25711 -6.5765e-20)
(0.714705 1.22259 3.91379e-19)
(0.616281 1.19053 -4.95784e-19)
(0.526576 1.18294 -6.02173e-19)
(0.503089 1.37033 0)
(0.590122 2.25773 4.04773e-19)
(0.689043 3.21309 -5.69839e-20)
(0.763382 3.40955 2.77795e-20)
(0.768816 3.3987 0)
(0.699943 3.16744 -1.44471e-19)
(0.529797 2.39273 1.52665e-19)
(0.100928 0.621613 -1.81113e-19)
(-0.247484 -0.391776 -1.66787e-19)
(0.381169 0.516213 4.31395e-19)
(0.819079 1.08323 -1.78686e-19)
(0.977642 1.3377 2.58387e-19)
(1.00826 1.39414 1.99709e-19)
(0.978059 1.39707 1.23552e-19)
(0.922484 1.36152 2.39019e-19)
(0.855374 1.32371 -1.69383e-19)
(0.784686 1.28591 7.84448e-22)
(0.70214 1.25209 -2.82539e-19)
(0.606541 1.22346 3.39081e-20)
(0.529372 1.22992 9.79257e-20)
(0.53221 1.5161 -3.97544e-19)
(0.640786 2.51778 1.08322e-19)
(0.750192 3.28372 -2.15397e-19)
(0.813676 3.38334 3.66798e-20)
(0.790049 3.30279 7.77395e-20)
(0.66075 2.85524 -2.05896e-19)
(0.404189 1.62108 1.34376e-19)
(0.0592565 0.049243 0)
(-0.0793954 -0.157698 -2.91554e-19)
(0.369181 0.524634 0)
(0.797925 1.09988 -6.76031e-19)
(0.955012 1.35801 2.36319e-20)
(0.988403 1.42064 -3.29736e-19)
(0.958957 1.42615 0)
(0.904578 1.39024 -1.76624e-19)
(0.838869 1.35131 1.66767e-19)
(0.77066 1.31505 -7.33836e-22)
(0.691013 1.28272 1.95134e-19)
(0.598591 1.25674 3.53857e-19)
(0.533284 1.28466 4.6346e-19)
(0.564998 1.67568 4.88215e-20)
(0.697954 2.76736 -2.96577e-19)
(0.801585 3.31512 1.37649e-20)
(0.836221 3.34171 7.06992e-21)
(0.757319 3.12204 7.54046e-20)
(0.525128 2.31135 8.78712e-20)
(0.11644 0.440432 -1.04141e-19)
(-0.137711 -0.244416 0)
(-0.115075 -0.206267 0)
(0.360793 0.535776 -4.14465e-19)
(0.784326 1.13343 6.69167e-19)
(0.935453 1.39913 0)
(0.966038 1.45654 0)
(0.936706 1.45852 0)
(0.884314 1.42174 0)
(0.821427 1.38381 -8.63136e-20)
(0.755142 1.34668 -1.6249e-20)
(0.678017 1.31487 -3.61937e-20)
(0.592169 1.29316 3.70441e-20)
(0.540147 1.34753 -3.79856e-19)
(0.601813 1.85685 2.80171e-19)
(0.748044 2.94792 0)
(0.840317 3.31107 3.65751e-20)
(0.85908 3.27712 5.90072e-20)
(0.721337 2.85856 -2.27148e-20)
(0.39088 1.6773 1.03836e-19)
(0.0174937 -0.0400419 5.97987e-20)
(-0.15744 -0.20078 -2.43293e-19)
(-0.0570291 -0.137512 -2.84356e-19)
(0.344293 0.537865 2.10067e-19)
(0.757007 1.14562 3.12833e-19)
(0.907846 1.41809 -9.36214e-21)
(0.942417 1.48403 1.72719e-19)
(0.914071 1.48941 0)
(0.863737 1.45253 3.28759e-19)
(0.802864 1.41315 -6.88108e-20)
(0.73991 1.37759 1.99497e-20)
(0.665509 1.34725 -3.59904e-20)
(0.586259 1.32998 2.64778e-20)
(0.550405 1.41973 2.56751e-19)
(0.642031 2.06584 -1.26906e-19)
(0.79745 3.07237 -1.11013e-19)
(0.875472 3.3058 2.14328e-21)
(0.857689 3.1771 -3.11598e-20)
(0.621 2.50301 1.40782e-19)
(0.189676 0.709551 -7.85632e-20)
(-0.0841886 -0.268783 1.16056e-19)
(-0.128537 -0.22154 -3.55431e-19)
(-0.0605062 -0.122911 2.48586e-19)
(0.329044 0.546168 -1.96496e-19)
(0.736044 1.1784 0)
(0.884059 1.46245 -2.30053e-19)
(0.915622 1.52288 -3.32632e-19)
(0.887826 1.52386 0)
(0.84051 1.48591 -2.56388e-19)
(0.783168 1.44777 0)
(0.722815 1.4112 -1.26758e-19)
(0.650129 1.38115 -1.54555e-20)
(0.582533 1.37049 5.98644e-20)
(0.563536 1.50162 -1.21235e-19)
(0.684137 2.26638 7.04056e-20)
(0.836198 3.13927 1.75238e-19)
(0.901908 3.27287 1.14164e-20)
(0.83793 3.02524 -3.18438e-20)
(0.527521 2.07082 -4.81914e-20)
(0.0744221 0.119018 1.23826e-19)
(-0.183241 -0.250201 -1.37483e-19)
(-0.105997 -0.2105 4.39047e-22)
(-0.0538148 -0.0772314 -2.59951e-20)
(0.305677 0.54088 3.89781e-19)
(0.702244 1.18353 -2.9898e-19)
(0.850901 1.47754 2.43774e-19)
(0.887123 1.54991 1.60042e-19)
(0.860904 1.55546 2.83614e-20)
(0.816909 1.51792 1.59783e-19)
(0.762113 1.4781 0)
(0.706029 1.44276 -3.83347e-20)
(0.636698 1.41481 0)
(0.577519 1.41074 -5.59888e-20)
(0.578011 1.59 1.2069e-19)
(0.723976 2.4468 -2.54842e-21)
(0.875485 3.18363 -5.75941e-20)
(0.92003 3.24028 3.75278e-20)
(0.80357 2.83904 -1.27857e-20)
(0.372936 1.50759 6.32274e-20)
(-0.0482619 -0.129773 -1.88241e-19)
(-0.226576 -0.251202 -1.06537e-19)
(-0.124281 -0.24904 -4.0273e-20)
(-0.0751167 -0.0900417 1.92854e-19)
(0.283356 0.540085 4.20358e-21)
(0.67406 1.21235 1.5288e-19)
(0.821406 1.52156 0)
(0.854447 1.58998 3.00293e-19)
(0.830262 1.59078 -4.29207e-19)
(0.790419 1.55181 1.61054e-19)
(0.739671 1.5133 -1.08122e-19)
(0.687238 1.47694 1.06325e-19)
(0.621103 1.44989 -9.5232e-20)
(0.573393 1.45474 -1.00258e-21)
(0.594042 1.68209 2.174e-20)
(0.765856 2.60168 4.57227e-20)
(0.898916 3.19118 3.51052e-20)
(0.926498 3.17699 -5.84062e-20)
(0.735637 2.58372 -5.85624e-20)
(0.285915 1.00282 1.11128e-19)
(-0.0452811 -0.254906 -1.0802e-19)
(-0.191198 -0.288696 7.64977e-20)
(-0.112615 -0.275938 2.05494e-21)
(-0.0817746 -0.109734 -1.62652e-19)
(0.253025 0.521154 7.22819e-19)
(0.631683 1.20504 -1.51881e-19)
(0.780935 1.52825 -4.16931e-19)
(0.820132 1.61328 3.38439e-19)
(0.79903 1.62143 -1.87878e-19)
(0.763236 1.58367 3.10778e-19)
(0.715608 1.54369 1.69271e-19)
(0.66848 1.50792 0)
(0.607871 1.48323 1.09554e-19)
(0.566638 1.49689 -1.58882e-20)
(0.608195 1.77191 -1.04246e-20)
(0.7988 2.72227 -2.64532e-21)
(0.920014 3.19278 1.77348e-20)
(0.926421 3.12119 7.98562e-21)
(0.684714 2.38861 -8.25876e-20)
(0.174684 0.463376 -2.9776e-20)
(-0.037976 -0.270933 1.03065e-19)
(-0.111644 -0.284985 4.67343e-20)
(-0.0857487 -0.24313 1.57573e-20)
(-0.0482655 -0.104251 1.32333e-19)
(0.222376 0.501642 0)
(0.593834 1.22096 1.41309e-19)
(0.743665 1.56739 -1.89412e-19)
(0.780908 1.651 3.277e-19)
(0.764424 1.65526 -4.08364e-19)
(0.732742 1.61601 1.7011e-19)
(0.689963 1.57713 0)
(0.647519 1.54064 0)
(0.593612 1.51633 0)
(0.559631 1.54151 2.29492e-20)
(0.621883 1.85615 -2.15026e-20)
(0.829253 2.81146 1.752e-20)
(0.931875 3.18867 4.51316e-20)
(0.916055 3.03748 4.28197e-20)
(0.59322 2.12741 -7.56326e-20)
(0.0581585 0.121559 5.05756e-20)
(-0.12512 -0.280968 5.31332e-21)
(-0.100725 -0.286955 -1.02965e-19)
(-0.0754417 -0.19928 1.24387e-20)
(-0.023268 -0.0661595 0)
(0.184304 0.457748 6.60422e-19)
(0.540046 1.1889 -1.32135e-19)
(0.694671 1.5588 4.42612e-21)
(0.741423 1.66665 0)
(0.72863 1.6814 -1.96293e-19)
(0.701543 1.646 1.84158e-20)
(0.662702 1.60631 0)
(0.626135 1.56983 5.26468e-20)
(0.578715 1.54662 -4.15439e-20)
(0.550902 1.58014 0)
(0.629587 1.93051 0)
(0.845165 2.87227 -3.16746e-20)
(0.938509 3.18112 -5.54038e-20)
(0.893669 2.9733 2.45165e-21)
(0.531624 1.89207 -1.9942e-20)
(-0.00789698 0.00119364 2.66648e-20)
(-0.156613 -0.265307 0)
(-0.129049 -0.305906 -5.87114e-20)
(-0.0813264 -0.192049 -9.33833e-20)
(-0.0185023 -0.057594 2.21868e-19)
(0.144889 0.404716 5.44192e-19)
(0.490616 1.17781 -1.26196e-19)
(0.648351 1.58435 1.79537e-19)
(0.695807 1.69706 -4.45674e-19)
(0.688761 1.70938 0)
(0.667361 1.67451 0)
(0.633713 1.63479 0)
(0.603026 1.59849 5.55481e-20)
(0.563036 1.57503 -4.38299e-20)
(0.541374 1.61707 0)
(0.635273 1.99372 0)
(0.857654 2.9109 9.37709e-20)
(0.936582 3.17961 -3.18111e-20)
(0.881648 2.9002 3.44283e-20)
(0.49204 1.73486 6.10772e-20)
(-0.0115815 -0.0492322 0)
(-0.179879 -0.307265 -1.53707e-20)
(-0.137808 -0.369874 -1.93258e-20)
(-0.0998167 -0.241477 1.8209e-19)
(-0.0179988 -0.0674747 -2.21703e-19)
(0.101191 0.320346 -5.05433e-19)
(0.422452 1.09809 1.3179e-19)
(0.589988 1.54731 3.75807e-19)
(0.651005 1.69883 2.57207e-19)
(0.648341 1.72673 -2.08182e-19)
(0.632826 1.69998 -1.39256e-19)
(0.603604 1.66118 9.60331e-20)
(0.578769 1.62465 0)
(0.545573 1.60009 0)
(0.527691 1.64272 0)
(0.628092 2.02666 -7.96702e-20)
(0.858758 2.93142 -9.2958e-20)
(0.93375 3.185 2.88736e-20)
(0.860093 2.89217 -2.08087e-20)
(0.502108 1.65191 -4.51367e-21)
(0.0358681 0.0234632 0)
(-0.16186 -0.314484 2.51383e-20)
(-0.143486 -0.401984 -1.50304e-19)
(-0.101696 -0.294592 3.49138e-19)
(-0.0207932 -0.0979955 -2.00618e-19)
(0.0511232 0.216636 5.34247e-19)
(0.357827 1.0364 -4.389e-19)
(0.531226 1.54102 0)
(0.597299 1.71209 1.27205e-19)
(0.604136 1.7443 9.25177e-20)
(0.595382 1.72056 1.96313e-19)
(0.571446 1.68088 -8.97666e-20)
(0.553121 1.64542 0)
(0.527853 1.62149 0)
(0.513355 1.66322 -1.61395e-19)
(0.616862 2.03451 -1.66854e-21)
(0.854223 2.93605 8.1385e-20)
(0.920826 3.18681 4.52216e-20)
(0.864216 2.90074 4.88716e-20)
(0.51717 1.75069 -4.90949e-20)
(-0.00349612 0.216895 5.89195e-20)
(-0.181369 -0.232257 -4.57744e-20)
(-0.190417 -0.365976 0)
(-0.134473 -0.308432 -6.58842e-21)
(-0.0173264 -0.0350882 1.19097e-19)
(0.0126092 0.127558 5.45797e-19)
(0.263658 0.868835 0)
(0.461252 1.4485 0)
(0.54763 1.68755 0)
(0.560591 1.7476 7.82023e-20)
(0.558476 1.73853 -1.93864e-19)
(0.539449 1.70304 -8.83237e-20)
(0.525528 1.66629 0)
(0.506044 1.63896 0)
(0.494457 1.67456 9.94124e-20)
(0.591513 2.01318 3.27463e-20)
(0.839335 2.90472 -3.80004e-20)
(0.918581 3.18739 3.2666e-21)
(0.823767 2.97544 4.10802e-20)
(0.478537 1.83077 -7.39957e-20)
(-0.0796631 0.382149 1.33076e-19)
(-0.274118 -0.260302 -1.08711e-19)
(-0.316666 -0.636098 0)
(-0.281045 -0.734147 6.04718e-21)
(-0.104532 -0.402879 1.71399e-19)
(-0.00660339 0.0695539 -5.06473e-19)
(0.180098 0.720511 1.74379e-19)
(0.387469 1.36939 2.7254e-19)
(0.485969 1.66071 -1.33472e-20)
(0.514087 1.74739 -1.66539e-19)
(0.517407 1.74346 -1.09754e-19)
(0.505626 1.71279 2.4883e-19)
(0.496712 1.67644 -4.62518e-21)
(0.484506 1.64915 0)
(0.47598 1.67771 2.76491e-20)
(0.56151 1.96473 -1.44604e-20)
(0.81089 2.8419 4.20948e-20)
(0.934667 3.17636 0)
(0.955117 3.06829 -3.2965e-20)
(0.754525 2.31291 0)
(0.291377 0.828684 -4.35932e-20)
(-0.061293 -0.209583 -2.93906e-20)
(-0.302443 -0.803142 0)
(-0.269839 -1.10262 0)
(-0.179965 -0.919374 3.99376e-19)
(-0.000870052 0.00219198 4.08611e-19)
(0.0738608 0.340675 -1.53233e-19)
(0.322433 1.16024 1.2213e-19)
(0.436241 1.58013 -1.93323e-19)
(0.470419 1.72707 7.61396e-20)
(0.478807 1.74988 -2.66262e-20)
(0.47196 1.73173 1.71945e-20)
(0.46395 1.691 -3.25945e-20)
(0.455774 1.65526 -2.17592e-20)
(0.450454 1.67081 -2.19151e-20)
(0.517888 1.89152 3.20321e-21)
(0.79067 2.69982 0)
(0.974267 3.10591 -3.69055e-21)
(1.0061 3.02323 0)
(1.01625 2.63431 0)
(0.807947 1.80721 0)
(0.470838 0.776687 -9.32436e-20)
(0.167686 -0.0997031 2.70965e-19)
(-0.0643658 -1.16125 -1.13914e-20)
(-0.111911 -1.21424 -1.40957e-19)
(0.00873177 -0.0465871 7.31795e-20)
(0.0139811 0.125774 6.86143e-20)
(0.20373 0.879294 -5.59017e-20)
(0.361974 1.44978 -4.28599e-20)
(0.423033 1.68738 3.46429e-20)
(0.437464 1.73515 2.48422e-20)
(0.435375 1.73006 1.77764e-20)
(0.428837 1.69389 0)
(0.424822 1.65356 -9.16199e-21)
(0.423793 1.6554 -5.83109e-21)
(0.454867 1.79569 1.62718e-20)
(0.665278 2.47178 0)
(0.903199 2.97851 1.12435e-20)
(0.937791 2.95149 -8.41581e-21)
(0.928419 2.71368 0)
(0.831961 2.19578 0)
(0.577203 1.34448 -4.43348e-21)
(0.356571 0.434138 0)
(0.18877 -0.199002 -4.96727e-21)
(0.0402985 -0.612215 0)
(-0.001173 -0.0678961 0)
(0.00272093 -0.0204281 0)
(0.0748826 0.364044 0)
(0.28205 1.20211 0)
(0.367417 1.60185 -8.6851e-34)
(0.394041 1.72807 6.69881e-34)
(0.393984 1.7341 0)
(0.389062 1.70919 0)
(0.383894 1.65136 0)
(0.386163 1.63704 0)
(0.392561 1.71804 0)
(0.508419 2.20303 0)
(0.74554 2.83586 0)
(0.782809 2.86798 0)
(0.763608 2.74628 0)
(0.7163 2.42433 0)
(0.557914 1.82085 0)
(0.358668 1.05719 0)
(0.173162 0.323629 0)
(0.0431732 -0.117075 0)
(-0.00521419 -0.0645597 0)
(0.0112055 -0.0934894 0)
(0.0219497 0.0886072 0)
(0.182582 0.856898 0)
(0.30086 1.45038 0)
(0.34661 1.67661 0)
(0.352441 1.72163 0)
(0.348359 1.7101 0)
(0.339721 1.65369 0)
(0.340497 1.62294 0)
(0.335327 1.67028 0)
(0.383678 2.03018 0)
(0.596249 2.72199 0)
(0.625919 2.83484 0)
(0.604697 2.77984 0)
(0.576739 2.57443 0)
(0.479683 2.14082 0)
(0.320585 1.48174 0)
(0.161519 0.83481 0)
(0.0408467 0.318753 0)
(-0.00369259 -0.0739625 0)
(0.00801738 -0.128742 0)
(0.00288486 -0.0259648 0)
(0.0880863 0.528835 0)
(0.238135 1.29175 0)
(0.292714 1.63164 0)
(0.303715 1.71505 0)
(0.303673 1.71046 0)
(0.294479 1.65836 0)
(0.28986 1.61479 0)
(0.281576 1.64409 0)
(0.281064 1.92992 0)
(0.458486 2.62228 0)
(0.479604 2.83359 0)
(0.45832 2.82345 0)
(0.431782 2.70349 0)
(0.368735 2.39207 0)
(0.246176 1.82815 0)
(0.118672 1.23529 0)
(0.0263332 0.65819 0)
(-0.000686213 -0.0741319 0)
(-0.00186505 -0.136924 0)
(0.00293964 -0.0785709 0)
(0.0298865 0.25368 0)
(0.181498 1.1104 0)
(0.241983 1.55827 0)
(0.256432 1.69878 0)
(0.254195 1.70959 0)
(0.244693 1.66703 0)
(0.237206 1.61535 0)
(0.232844 1.63689 0)
(0.201211 1.87744 0)
(0.341788 2.55261 0)
(0.361942 2.84339 0)
(0.330432 2.87237 0)
(0.306165 2.80687 0)
(0.261921 2.57884 0)
(0.172988 2.10308 0)
(0.0771314 1.54832 0)
(0.013583 0.898166 0)
(0.000197799 -0.0667996 0)
(-0.00667627 -0.139913 0)
(0.00948536 -0.116629 0)
(0.0121431 0.115726 0)
(0.118025 0.94931 0)
(0.182464 1.48786 0)
(0.207 1.68182 0)
(0.208179 1.70833 0)
(0.198015 1.67499 0)
(0.186809 1.62191 0)
(0.189521 1.64039 0)
(0.138911 1.85165 0)
(0.245686 2.50319 0)
(0.264867 2.85449 0)
(0.230903 2.92048 0)
(0.206528 2.888 0)
(0.174555 2.71464 0)
(0.112557 2.30141 0)
(0.0435372 1.76795 0)
(0.00420092 1.04455 0)
(-0.00375202 -0.0484172 0)
(-0.00868546 -0.143231 0)
(0.0109229 -0.13651 0)
(0.00244649 0.0378928 0)
(0.0750548 0.831345 0)
(0.136077 1.43344 0)
(0.156813 1.66569 0)
(0.157235 1.7084 0)
(0.151205 1.68363 0)
(0.139758 1.63104 0)
(0.150295 1.64868 0)
(0.0928339 1.83899 0)
(0.169244 2.47433 0)
(0.186288 2.86799 0)
(0.154183 2.96348 0)
(0.134772 2.95175 0)
(0.111001 2.81496 0)
(0.0664905 2.44667 0)
(0.019153 1.92833 0)
(-0.00498174 1.11658 0)
(-0.00483315 -0.0266427 0)
(0.0101694 -0.174511 0)
(0.0361072 -0.164323 0)
(0.0378164 -0.000663525 0)
(0.0598451 0.652639 0)
(0.112239 1.3602 0)
(0.117943 1.64908 0)
(0.113737 1.70698 0)
(0.107235 1.68827 0)
(0.0958536 1.63957 0)
(0.113852 1.65797 0)
(0.0576438 1.83526 0)
(0.111342 2.45578 0)
(0.12389 2.88199 0)
(0.0964497 3.0005 0)
(0.07846 3.00228 0)
(0.06145 2.88588 0)
(0.0305825 2.53813 0)
(-0.000131449 2.01191 0)
(-0.00871772 1.11205 0)
(0.00793019 -0.0663545 0)
(0.0471694 -0.281074 0)
(0.079687 -0.248058 0)
(0.0908108 -0.0104101 0)
(0.0466384 0.627 0)
(0.0842755 1.34348 0)
(0.0728407 1.63938 0)
(0.0652749 1.70494 0)
(0.0660434 1.69019 0)
(0.0560013 1.64506 0)
(0.0800027 1.66579 0)
(0.0315011 1.83393 0)
(0.067635 2.44943 0)
(0.0741205 2.89503 0)
(0.0520096 3.02966 0)
(0.0387411 3.04036 0)
(0.0271526 2.93635 0)
(0.00677952 2.60333 0)
(-0.010779 2.07191 0)
(-0.0128167 1.08612 0)
(0.022296 -0.235057 0)
(0.0619859 -0.448588 0)
(0.0913511 -0.327116 0)
(0.0739494 0.0435044 0)
(0.0106071 0.657082 0)
(0.0238079 1.33525 0)
(0.00663106 1.6402 0)
(0.0144128 1.70556 0)
(0.0229663 1.68659 0)
(0.01883 1.64529 0)
(0.0489655 1.67005 0)
(0.0118611 1.83579 0)
(0.0358655 2.4451 0)
(0.0359332 2.90654 0)
(0.0184852 3.05291 0)
(0.00772938 3.07088 0)
(-0.000306678 2.96938 0)
(-0.0142361 2.63453 0)
(-0.0249659 2.07398 0)
(-0.0143982 1.02603 0)
(0.0171866 -0.387314 0)
(0.0451294 -0.525008 0)
(0.0367064 -0.300956 0)
(-0.00198482 0.171684 0)
(-0.0713412 0.756275 0)
(-0.0781476 1.37736 0)
(-0.0764202 1.64705 0)
(-0.0453902 1.69949 0)
(-0.0196151 1.67809 0)
(-0.0144003 1.63909 0)
(0.0206845 1.67017 0)
(-0.00508292 1.83631 0)
(0.0117866 2.44725 0)
(0.00606678 2.91466 0)
(-0.00651017 3.06834 0)
(-0.0148679 3.09022 0)
(-0.020777 2.98803 0)
(-0.0281233 2.65021 0)
(-0.0305766 2.0595 0)
(-0.0160411 0.93976 0)
(0.0080184 -0.440442 0)
(-0.0105886 -0.499302 0)
(-0.0511275 -0.166056 0)
(-0.106055 0.322735 0)
(-0.172622 0.907091 0)
(-0.177107 1.40419 0)
(-0.156304 1.62273 0)
(-0.108126 1.67607 0)
(-0.0621711 1.66083 0)
(-0.0442473 1.62548 0)
(-0.00314514 1.665 0)
(-0.0187031 1.83792 0)
(-0.00690405 2.4482 0)
(-0.0156562 2.92111 0)
(-0.0242789 3.07983 0)
(-0.0313339 3.10314 0)
(-0.034867 2.99682 0)
(-0.0390614 2.64685 0)
(-0.0342837 2.02683 0)
(-0.0147623 0.849338 0)
(-0.00885671 -0.371947 0)
(-0.0493662 -0.353885 0)
(-0.11114 -0.0218692 0)
(-0.165902 0.44945 0)
(-0.222271 0.985786 0)
(-0.221088 1.37555 0)
(-0.1954 1.56179 0)
(-0.144778 1.62592 0)
(-0.0923823 1.62532 0)
(-0.0694635 1.60292 0)
(-0.0218074 1.65514 0)
(-0.0327561 1.83778 0)
(-0.0217671 2.45292 0)
(-0.0323598 2.92615 0)
(-0.0372315 3.08518 0)
(-0.041402 3.10891 0)
(-0.0426212 2.99714 0)
(-0.0427962 2.632 0)
(-0.0343201 1.97119 0)
(-0.0114579 0.760466 0)
(-0.0138546 -0.250992 0)
(-0.0588081 -0.175865 0)
(-0.12456 0.141848 0)
(-0.182867 0.566674 0)
(-0.22873 1.02455 0)
(-0.223288 1.33088 0)
(-0.199523 1.49325 0)
(-0.154626 1.56457 0)
(-0.106664 1.57955 0)
(-0.0820997 1.57297 0)
(-0.0327488 1.63966 0)
(-0.0415192 1.83644 0)
(-0.0327438 2.45618 0)
(-0.0424019 2.93085 0)
(-0.0444169 3.08998 0)
(-0.0468658 3.11263 0)
(-0.046142 2.99255 0)
(-0.0432876 2.61604 0)
(-0.0312323 1.91483 0)
(-0.00768094 0.684323 0)
(-0.0129987 -0.120745 0)
(-0.0541768 0.00148956 0)
(-0.114618 0.294768 0)
(-0.168658 0.670599 0)
(-0.205883 1.05184 0)
(-0.198875 1.29849 0)
(-0.18015 1.43957 0)
(-0.14433 1.51054 0)
(-0.105589 1.53495 0)
(-0.0844235 1.54239 0)
(-0.0378082 1.62212 0)
(-0.0486456 1.83509 0)
(-0.0396311 2.46322 0)
(-0.0492981 2.93414 0)
(-0.049242 3.09024 0)
(-0.0491912 3.1108 0)
(-0.0463532 2.98153 0)
(-0.0413487 2.58417 0)
(-0.0268684 1.84888 0)
(-0.00448977 0.621013 0)
(-0.00956034 -0.00732582 0)
(-0.0424733 0.158719 0)
(-0.0923196 0.428447 0)
(-0.137105 0.759154 0)
(-0.16812 1.07951 0)
(-0.16407 1.28412 0)
(-0.152342 1.40579 0)
(-0.125379 1.47117 0)
(-0.0946443 1.49848 0)
(-0.0791242 1.51457 0)
(-0.0374842 1.60404 0)
(-0.0495776 1.83047 0)
(-0.0421614 2.46783 0)
(-0.0513037 2.93613 0)
(-0.0494588 3.08879 0)
(-0.0485262 3.10788 0)
(-0.0446928 2.97247 0)
(-0.0381913 2.55975 0)
(-0.0222884 1.7909 0)
(-0.00218643 0.573543 0)
(-0.00601446 0.0741258 0)
(-0.0292975 0.280747 0)
(-0.0669847 0.539169 0)
(-0.101972 0.836795 0)
(-0.127849 1.11242 0)
(-0.128233 1.28565 0)
(-0.123793 1.39076 0)
(-0.105263 1.44875 0)
(-0.0815307 1.47504 0)
(-0.070785 1.49382 0)
(-0.0347905 1.59014 0)
(-0.0476884 1.82933 0)
(-0.0423374 2.47348 0)
(-0.0506556 2.93652 0)
(-0.048093 3.08597 0)
(-0.0463813 3.10148 0)
(-0.0415423 2.95411 0)
(-0.0343484 2.52188 0)
(-0.0180147 1.72687 0)
(-0.000644247 0.535234 0)
(-0.00314155 0.126217 0)
(-0.018117 0.367296 0)
(-0.0452575 0.620637 0)
(-0.071355 0.894492 0)
(-0.0921307 1.13958 0)
(-0.0955161 1.29101 0)
(-0.0966442 1.38386 0)
(-0.0858444 1.43586 0)
(-0.0681403 1.4607 0)
(-0.0624159 1.48015 0)
(-0.0308454 1.58008 0)
(-0.0439439 1.82928 0)
(-0.0399988 2.47687 0)
(-0.0487112 2.9365 0)
(-0.0449664 3.08304 0)
(-0.04307 3.09621 0)
(-0.0381004 2.94205 0)
(-0.0306071 2.49553 0)
(-0.0142306 1.67576 0)
(0.00025969 0.508972 0)
(-0.00134439 0.15641 0)
(-0.0100777 0.426698 0)
(-0.0288951 0.683138 0)
(-0.0482959 0.942464 0)
(-0.064566 1.16617 0)
(-0.0689229 1.30182 0)
(-0.0730042 1.38401 0)
(-0.0679128 1.42993 0)
(-0.0556762 1.45243 0)
(-0.054699 1.47221 0)
(-0.0270372 1.57527 0)
(-0.0408558 1.83326 0)
(-0.0373752 2.48319 0)
(-0.0455242 2.93705 0)
(-0.0414839 3.07856 0)
(-0.0394919 3.08767 0)
(-0.0343795 2.92216 0)
(-0.0269461 2.45741 0)
(-0.0110952 1.61933 0)
(0.00076812 0.486991 0)
(-0.000394413 0.171514 0)
(-0.00492633 0.462866 0)
(-0.0173214 0.724976 0)
(-0.031635 0.975202 0)
(-0.0445467 1.18463 0)
(-0.0490639 1.3101 0)
(-0.0541577 1.38464 0)
(-0.0526809 1.42568 0)
(-0.0440365 1.44589 0)
(-0.0473949 1.46607 0)
(-0.0235888 1.57199 0)
(-0.0372933 1.83558 0)
(-0.0340408 2.48644 0)
(-0.0417388 2.93647 0)
(-0.0382015 3.07515 0)
(-0.0363334 3.08194 0)
(-0.0314715 2.91009 0)
(-0.0240887 2.43351 0)
(-0.00872998 1.57902 0)
(0.0009358 0.473937 0)
(3.78902e-05 0.178222 0)
(-0.00186976 0.485262 0)
(-0.00966881 0.756683 0)
(-0.0201701 1.00376 0)
(-0.0304427 1.20351 0)
(-0.0348636 1.32164 0)
(-0.0403168 1.38951 0)
(-0.0410405 1.42515 0)
(-0.0344712 1.44175 0)
(-0.0408467 1.46161 0)
(-0.0203144 1.57017 0)
(-0.0349205 1.84106 0)
(-0.0318144 2.49167 0)
(-0.0386464 2.93632 0)
(-0.0350964 3.07045 0)
(-0.0332626 3.07329 0)
(-0.0285996 2.89075 0)
(-0.0215329 2.39751 0)
(-0.00701958 1.53115 0)
(0.000897048 0.460531 0)
(0.000169286 0.179503 0)
(-0.00024857 0.495945 0)
(-0.00473394 0.775422 0)
(-0.0123851 1.02122 0)
(-0.0205144 1.21508 0)
(-0.0246053 1.32906 0)
(-0.0299485 1.39307 0)
(-0.0323899 1.42531 0)
(-0.0268968 1.43951 0)
(-0.0348635 1.45832 0)
(-0.0167069 1.56813 0)
(-0.0318922 1.84302 0)
(-0.0294116 2.49386 0)
(-0.0358368 2.93547 0)
(-0.0327974 3.06733 0)
(-0.0310242 3.06816 0)
(-0.0266668 2.87996 0)
(-0.0196547 2.37712 0)
(-0.00582132 1.50109 0)
(0.00074705 0.453822 0)
(0.000216319 0.179063 0)
(0.000446422 0.501971 0)
(-0.0020922 0.790633 0)
(-0.00776292 1.03846 0)
(-0.014292 1.22837 0)
(-0.0180056 1.33909 0)
(-0.0227896 1.39948 0)
(-0.026189 1.42812 0)
(-0.0215714 1.43947 0)
(-0.030203 1.45682 0)
(-0.01485 1.56765 0)
(-0.0301582 1.84827 0)
(-0.0276282 2.49764 0)
(-0.0334922 2.93525 0)
(-0.0304925 3.06335 0)
(-0.0287789 3.06041 0)
(-0.0246518 2.86201 0)
(-0.0179877 2.34363 0)
(-0.00511932 1.45995 0)
(0.000561858 0.443554 0)
(0.00022541 0.177346 0)
(0.000863088 0.503149 0)
(-0.000335765 0.797949 0)
(-0.00449825 1.04744 0)
(-0.00982399 1.23528 0)
(-0.0133078 1.34435 0)
(-0.0174966 1.40273 0)
(-0.0216803 1.42946 0)
(-0.0171161 1.43931 0)
(-0.0267443 1.4563 0)
(-0.0129192 1.56792 0)
(-0.0284009 1.85104 0)
(-0.0262094 2.49941 0)
(-0.0316025 2.9346 0)
(-0.0289916 3.06117 0)
(-0.0273442 3.05626 0)
(-0.0234924 2.85266 0)
(-0.0168151 2.32635 0)
(-0.00439251 1.43778 0)
(0.000358398 0.439208 0)
(0.00022947 0.175437 0)
(0.000867114 0.503037 0)
(0.00028904 0.805461 0)
(-0.00292921 1.05889 0)
(-0.0072486 1.24557 0)
(-0.0105257 1.35307 0)
(-0.0141588 1.40893 0)
(-0.0187361 1.43295 0)
(-0.0146885 1.44101 0)
(-0.0244747 1.45736 0)
(-0.0123197 1.56974 0)
(-0.0270904 1.85719 0)
(-0.02502 2.50299 0)
(-0.029888 2.93487 0)
(-0.0275705 3.05803 0)
(-0.0259605 3.04936 0)
(-0.0222184 2.83587 0)
(-0.0158807 2.29491 0)
(-0.00437296 1.40118 0)
(0.000230282 0.43002 0)
(0.000239503 0.173315 0)
(0.000699031 0.502038 0)
(0.000590501 0.807882 0)
(-0.00195191 1.06326 0)
(-0.00556421 1.24972 0)
(-0.00884857 1.3568 0)
(-0.0120615 1.41155 0)
(-0.0173724 1.43432 0)
(-0.0132989 1.44146 0)
(-0.0238532 1.45816 0)
(-0.0121839 1.57096 0)
(-0.0265013 1.86044 0)
(-0.0244929 2.50486 0)
(-0.0290042 2.93478 0)
(-0.0269113 3.05692 0)
(-0.0254966 3.04631 0)
(-0.0220486 2.82787 0)
(-0.0155826 2.27982 0)
(-0.00390091 1.38447 0)
(9.51755e-05 0.42672 0)
(-1.39594e-05 0.172508 0)
(0.000223283 0.502164 0)
(-0.000149324 0.813575 0)
(-0.00223411 1.07339 0)
(-0.00519654 1.25972 0)
(-0.00845526 1.36592 0)
(-0.0110821 1.41865 0)
(-0.0163492 1.43819 0)
(-0.0124489 1.44359 0)
(-0.022418 1.45977 0)
(-0.0116529 1.57389 0)
(-0.0255648 1.86844 0)
(-0.0239971 2.50928 0)
(-0.0279474 2.93561 0)
(-0.0261638 3.05411 0)
(-0.0247934 3.03865 0)
(-0.0213679 2.80777 0)
(-0.0152272 2.24182 0)
(-0.00486618 1.34267 0)
(-0.000824544 0.413245 0)
(-0.232635 1.55477 1.26782e-22)
(0.392161 3.22668 1.39529e-20)
(0.0894294 3.45968 6.52356e-20)
(0.195254 3.43018 0)
(0.152692 3.38582 0)
(0.146385 3.33993 -3.69921e-19)
(0.148294 3.31321 3.76437e-19)
(0.121333 3.27308 -4.01434e-19)
(0.110897 3.18267 7.43344e-21)
(0.0919326 2.56955 5.52565e-19)
(-0.105115 2.3119 1.12599e-23)
(0.128347 3.28255 1.64787e-19)
(0.00831285 3.43382 0)
(0.0943265 3.38772 0)
(0.0694149 3.34283 1.09643e-20)
(0.0743485 3.30638 7.66892e-19)
(0.0709956 3.27729 -4.27715e-19)
(0.0479569 3.24259 -7.18128e-21)
(0.0490985 3.08591 6.84788e-21)
(0.000636856 2.08851 0)
(-0.028105 2.06583 1.7406e-19)
(0.0835247 3.13641 -1.84991e-19)
(0.0210172 3.34274 0)
(0.0693651 3.3231 3.52977e-19)
(0.048932 3.3024 -1.32367e-21)
(0.0497705 3.28148 -3.98869e-19)
(0.0445573 3.26619 -4.96282e-19)
(0.0291506 3.24653 -2.06538e-22)
(0.0402565 3.12033 7.05996e-21)
(-0.0168948 2.21257 0)
(-0.0412037 2.01216 -4.32146e-20)
(0.0265905 3.11458 0)
(-0.0151824 3.3072 -1.86859e-19)
(0.0193098 3.30641 -1.53121e-19)
(0.0147451 3.28276 1.39782e-20)
(0.0206911 3.26124 -2.5898e-19)
(0.0259027 3.24696 2.30199e-19)
(0.0208431 3.2339 -8.29529e-21)
(0.0415527 3.12616 1.09152e-20)
(0.00709917 2.25116 2.852e-19)
(-0.0531889 2.02265 -1.44201e-19)
(0.0119214 3.08817 0)
(-0.00863362 3.26589 4.0371e-19)
(0.00955559 3.26171 -2.23069e-19)
(0.0131904 3.24806 -6.90815e-22)
(0.0159039 3.23799 -2.43828e-21)
(0.0211017 3.23317 -1.55786e-20)
(0.0215372 3.22466 -2.94959e-19)
(0.0427277 3.12815 8.09831e-21)
(-0.00313584 2.31257 -5.97837e-19)
(-0.0500079 2.08212 0)
(-0.0108903 3.085 -2.22792e-19)
(-0.0290117 3.24207 1.88857e-20)
(-0.0158879 3.24654 -1.55079e-20)
(-0.0063387 3.23203 1.58766e-20)
(0.00291312 3.21953 2.63551e-19)
(0.0151283 3.21174 2.75778e-19)
(0.0207691 3.2055 5.80765e-19)
(0.0426464 3.12415 3.22138e-19)
(0.0105356 2.35447 -1.67348e-20)
(-0.0513634 2.14067 0)
(-0.020289 3.08146 2.30478e-19)
(-0.0194737 3.21357 -2.42037e-19)
(-0.0119609 3.21265 -1.6766e-20)
(-0.000679516 3.20249 3.46747e-20)
(0.00723125 3.19623 3.62266e-22)
(0.0166557 3.19522 -1.86573e-20)
(0.0217346 3.19129 -3.03861e-19)
(0.0422551 3.12183 -3.13112e-19)
(0.00383527 2.41994 -1.73162e-20)
(-0.0476471 2.22739 2.66531e-19)
(-0.0288194 3.08516 -1.23831e-20)
(-0.0322892 3.19372 8.54356e-21)
(-0.0238827 3.19521 0)
(-0.013629 3.18542 0)
(-0.00136727 3.1776 0)
(0.012923 3.17219 0)
(0.0206 3.16931 3.39765e-19)
(0.041215 3.1127 -3.49964e-19)
(0.0152822 2.46398 3.45896e-19)
(-0.0464582 2.30652 2.62117e-20)
(-0.0330583 3.08458 2.84425e-19)
(-0.0212083 3.16952 0)
(-0.0146628 3.16538 -1.91547e-20)
(-0.00403397 3.15772 1.95888e-20)
(0.00517135 3.15352 0)
(0.0150899 3.15386 -1.06275e-20)
(0.0206923 3.15296 -3.29756e-19)
(0.0401234 3.10935 3.51575e-19)
(0.0104178 2.53312 0)
(-0.0436919 2.40316 1.60493e-20)
(-0.0359096 3.08611 -4.36367e-19)
(-0.0300749 3.14969 0)
(-0.0225384 3.1468 0)
(-0.0137214 3.13905 2.10406e-20)
(-0.00205826 3.13334 -1.77672e-19)
(0.01137 3.12935 -2.22067e-20)
(0.0191458 3.12927 1.8945e-19)
(0.0386053 3.09616 0)
(0.0191826 2.58107 0)
(-0.0400928 2.49074 -4.61596e-19)
(-0.0385679 3.08228 1.56425e-19)
(-0.0206193 3.12431 0)
(-0.0128404 3.1163 0)
(-0.00334531 3.10963 0)
(0.00550557 3.10686 3.66152e-19)
(0.014586 3.10852 0)
(0.0201399 3.11074 -2.02126e-19)
(0.0378469 3.09051 1.24968e-20)
(0.0149535 2.65385 2.11822e-19)
(-0.0376858 2.58939 1.64785e-19)
(-0.0398362 3.07575 -1.60307e-20)
(-0.0296273 3.1013 1.92224e-19)
(-0.0210784 3.09499 1.86877e-19)
(-0.0124786 3.08834 0)
(-0.000738638 3.08394 -1.88254e-19)
(0.012287 3.08158 0)
(0.0209768 3.08443 0)
(0.0385586 3.07214 0)
(0.0222696 2.70642 -2.12805e-19)
(-0.0351426 2.67852 -1.748e-19)
(-0.0429722 3.06241 1.80518e-19)
(-0.0235562 3.07218 -1.81204e-19)
(-0.013063 3.06222 -2.8582e-19)
(-0.00279191 3.05706 0)
(0.00707342 3.05571 2.55773e-20)
(0.0169313 3.05855 -1.30556e-20)
(0.0247695 3.06322 9.7415e-20)
(0.0417218 3.06163 1.20951e-19)
(0.0208613 2.78046 -1.2445e-19)
(-0.0343456 2.7729 1.79352e-19)
(-0.04611 3.04524 -1.72967e-19)
(-0.0329085 3.04585 1.23364e-20)
(-0.0209262 3.0403 7.28269e-20)
(-0.0112284 3.03617 -1.04639e-19)
(0.000321149 3.03355 0)
(0.0136971 3.03221 1.12464e-19)
(0.025622 3.03556 4.94995e-21)
(0.0446213 3.03658 -2.34174e-19)
(0.0286838 2.83262 -6.55244e-21)
(-0.0296067 2.85526 -5.13326e-20)
(-0.0442462 3.02155 1.25443e-20)
(-0.0231788 3.01779 -6.51164e-20)
(-0.0111658 3.01444 2.66537e-20)
(-0.00219923 3.01413 1.27503e-19)
(0.00627391 3.01344 -5.42707e-20)
(0.0146024 3.01413 -5.39828e-20)
(0.023336 3.01712 -5.60181e-20)
(0.0418053 3.02184 1.20325e-19)
(0.024851 2.90034 5.87841e-20)
(-0.0176212 2.94045 4.12638e-20)
(-0.0259988 3.00081 1.82435e-20)
(-0.0161377 3.00083 3.58807e-20)
(-0.0093963 3.00162 -7.35318e-20)
(-0.00417184 3.00264 2.4852e-20)
(0.000695571 3.00214 5.05208e-20)
(0.00533966 3.00067 -5.27671e-20)
(0.0107475 2.99901 -5.50826e-20)
(0.0217874 2.99713 7.46555e-21)
(0.0165199 2.94913 5.29461e-20)
)
;

boundaryField
{
    wall-4
    {
        type            noSlip;
    }
    pressure-outlet-7
    {
        type            zeroGradient;
    }
    velocity-inlet-6
    {
        type            fixedValue;
        value           uniform (0 3 0);
    }
    velocity-inlet-5
    {
        type            fixedValue;
        value           uniform (1 0 0);
    }
    frontAndBackPlanes
    {
        type            empty;
    }
}


// ************************************************************************* //
