/*--------------------------------*- C++ -*----------------------------------*\
| =========                 |                                                 |
| \\      /  F ield         | OpenFOAM: The Open Source CFD Toolbox           |
|  \\    /   O peration     | Version:  4.0                                   |
|   \\  /    A nd           | Web:      www.OpenFOAM.org                      |
|    \\/     M anipulation  |                                                 |
\*---------------------------------------------------------------------------*/
FoamFile
{
    version     2.0;
    format      ascii;
    class       volVectorField;
    location    "24";
    object      U;
}
// * * * * * * * * * * * * * * * * * * * * * * * * * * * * * * * * * * * * * //

dimensions      [0 1 -1 0 0 0 0];

internalField   nonuniform List<vector> 
2200
(
(0.878865 -0.0304119 0)
(1.0058 -0.0512853 0)
(1.00327 -0.0353856 0)
(1.00021 -0.0244079 0)
(0.999827 -0.0166044 0)
(1.00002 -0.0106135 0)
(1 -0.00672821 0)
(0.99992 -0.00416674 0)
(0.999881 -0.00227689 0)
(1.00016 -0.000764032 0)
(1.00004 0.0010146 0)
(0.999893 0.00253173 0)
(0.99993 0.00440043 0)
(1 0.00694476 0)
(1.00003 0.0107542 0)
(0.999792 0.0166988 0)
(1.00022 0.024485 0)
(1.00337 0.0353911 0)
(1.00583 0.0513156 0)
(0.878894 0.0304249 0)
(0.711973 -0.0327568 0)
(0.996641 -0.0629975 0)
(1.0334 -0.0561662 0)
(1.02506 -0.0464665 0)
(1.0161 -0.0361375 0)
(1.00975 -0.0264005 0)
(1.00587 -0.0182096 0)
(1.00368 -0.0114899 0)
(1.00256 -0.00611027 0)
(1.00206 -0.00170911 0)
(1.00208 0.00238623 0)
(1.00252 0.00673925 0)
(1.00359 0.0120089 0)
(1.00575 0.0186201 0)
(1.00959 0.0268081 0)
(1.01602 0.0365484 0)
(1.02495 0.0468234 0)
(1.03315 0.0565816 0)
(0.996502 0.063164 0)
(0.711729 0.0328217 0)
(0.535615 -0.0238793 0)
(0.969931 -0.056886 0)
(1.05626 -0.0546806 0)
(1.05209 -0.0487922 0)
(1.03619 -0.0406179 0)
(1.02436 -0.032622 0)
(1.0158 -0.024358 0)
(1.01041 -0.0163766 0)
(1.00731 -0.00898822 0)
(1.00594 -0.00240711 0)
(1.00586 0.00366036 0)
(1.00713 0.0101685 0)
(1.01025 0.0174011 0)
(1.01558 0.0253184 0)
(1.02422 0.0334298 0)
(1.03599 0.0412237 0)
(1.05182 0.0492926 0)
(1.05606 0.0546374 0)
(0.969361 0.0572234 0)
(0.534816 0.0239247 0)
(0.392598 -0.0135892 0)
(0.911914 -0.0462329 0)
(1.05747 -0.0467362 0)
(1.06919 -0.0439313 0)
(1.05449 -0.0378561 0)
(1.03935 -0.0313448 0)
(1.02772 -0.0245316 0)
(1.01908 -0.0174559 0)
(1.01339 -0.01015 0)
(1.01064 -0.00272725 0)
(1.01052 0.00452971 0)
(1.01313 0.0118909 0)
(1.01869 0.0190434 0)
(1.02735 0.0258621 0)
(1.03873 0.0324168 0)
(1.05381 0.0387609 0)
(1.06845 0.0446892 0)
(1.05637 0.0474697 0)
(0.91069 0.0465311 0)
(0.391099 0.0136813 0)
(0.308481 -0.00442426 0)
(0.847348 -0.0322157 0)
(1.04964 -0.0396534 0)
(1.07938 -0.0378752 0)
(1.06778 -0.0329482 0)
(1.05127 -0.027232 0)
(1.03826 -0.022134 0)
(1.0283 -0.016316 0)
(1.02131 -0.00972266 0)
(1.01748 -0.00251215 0)
(1.01735 0.00491072 0)
(1.02095 0.0119826 0)
(1.02772 0.0183481 0)
(1.03728 0.0239154 0)
(1.05028 0.0287494 0)
(1.06675 0.0342749 0)
(1.07815 0.0389639 0)
(1.04803 0.0406021 0)
(0.844842 0.0326106 0)
(0.30606 0.00453433 0)
(0.265394 9.73486e-05 0)
(0.789655 -0.0198521 0)
(1.03365 -0.0312295 0)
(1.08392 -0.0318754 0)
(1.07742 -0.0284403 0)
(1.06055 -0.0234274 0)
(1.04689 -0.019037 0)
(1.0361 -0.0142274 0)
(1.02834 -0.0086118 0)
(1.02403 -0.00200402 0)
(1.0238 0.00524449 0)
(1.02769 0.0115489 0)
(1.03504 0.0167675 0)
(1.04578 0.0211888 0)
(1.05927 0.0253872 0)
(1.07598 0.0300251 0)
(1.08218 0.0331443 0)
(1.03116 0.0322172 0)
(0.7858 0.0202822 0)
(0.26212 5.54721e-06 0)
(0.242006 0.00109788 0)
(0.740304 -0.0118854 0)
(1.01422 -0.0240859 0)
(1.08419 -0.0259702 0)
(1.0831 -0.0239379 0)
(1.0677 -0.0199999 0)
(1.0538 -0.0160333 0)
(1.04269 -0.0118132 0)
(1.0345 -0.00699352 0)
(1.02974 -0.00120158 0)
(1.02933 0.00527914 0)
(1.0334 0.0108029 0)
(1.0412 0.0152597 0)
(1.05198 0.0191713 0)
(1.06564 0.0225099 0)
(1.08082 0.0260557 0)
(1.08143 0.0276847 0)
(1.01023 0.0252831 0)
(0.734639 0.0124035 0)
(0.237697 -0.000982986 0)
(0.228567 0.00111336 0)
(0.699596 -0.00749007 0)
(0.994326 -0.0193822 0)
(1.08166 -0.0216405 0)
(1.08607 -0.0202101 0)
(1.07252 -0.0170941 0)
(1.05904 -0.0137771 0)
(1.04837 -0.00976051 0)
(1.04058 -0.00521646 0)
(1.03593 -8.4196e-07 0)
(1.0355 0.00531637 0)
(1.03939 0.0101823 0)
(1.04653 0.0141649 0)
(1.05642 0.0173726 0)
(1.06979 0.0203423 0)
(1.08288 0.0229286 0)
(1.07775 0.0237848 0)
(0.988521 0.0209148 0)
(0.69165 0.0081498 0)
(0.223035 -0.0009693 0)
(0.220054 0.000748686 0)
(0.665838 -0.00502716 0)
(0.974839 -0.0163534 0)
(1.07837 -0.018671 0)
(1.08806 -0.0173862 0)
(1.07605 -0.0148409 0)
(1.06269 -0.0117445 0)
(1.05252 -0.00797488 0)
(1.04509 -0.00373958 0)
(1.04056 0.000926714 0)
(1.03986 0.00531451 0)
(1.04313 0.00956222 0)
(1.04957 0.0131903 0)
(1.05956 0.0163734 0)
(1.07244 0.0188276 0)
(1.08366 0.0206665 0)
(1.07283 0.0213522 0)
(0.966796 0.018204 0)
(0.655135 0.00581567 0)
(0.212987 -0.000560395 0)
(0.214546 0.00035755 0)
(0.640206 -0.002938 0)
(0.957777 -0.0126709 0)
(1.07572 -0.0151151 0)
(1.09042 -0.0140786 0)
(1.07921 -0.0120453 0)
(1.06557 -0.00942226 0)
(1.0551 -0.00607822 0)
(1.04749 -0.00224129 0)
(1.04284 0.00203019 0)
(1.04188 0.00609698 0)
(1.04496 0.00986962 0)
(1.05142 0.0128416 0)
(1.06086 0.0154456 0)
(1.0739 0.0168228 0)
(1.08459 0.0180879 0)
(1.06838 0.0184271 0)
(0.946874 0.0149094 0)
(0.626369 0.0039055 0)
(0.205663 -0.000118098 0)
(0.211649 0.000133061 0)
(0.623738 -0.00105824 0)
(0.943481 -0.00820571 0)
(1.07312 -0.0104571 0)
(1.09284 -0.00972664 0)
(1.0825 -0.00804673 0)
(1.06875 -0.00603506 0)
(1.05776 -0.00354115 0)
(1.04955 -0.000544544 0)
(1.04442 0.00309833 0)
(1.04328 0.00692805 0)
(1.04639 0.00981573 0)
(1.0532 0.0119477 0)
(1.063 0.0129875 0)
(1.07627 0.0143556 0)
(1.08527 0.0151892 0)
(1.06315 0.0147004 0)
(0.928625 0.0109114 0)
(0.605719 0.00227226 0)
(0.200297 0.000126781 0)
(0.21078 -4.55129e-05 0)
(0.614497 8.83118e-06 0)
(0.932183 -0.00432594 0)
(1.07068 -0.00650118 0)
(1.09524 -0.00612402 0)
(1.08607 -0.00443788 0)
(1.07258 -0.00245804 0)
(1.06166 -0.000379073 0)
(1.05318 0.00206157 0)
(1.04766 0.00480353 0)
(1.04613 0.00780391 0)
(1.04891 0.00962254 0)
(1.05537 0.0106971 0)
(1.06531 0.0115145 0)
(1.07788 0.0120072 0)
(1.08515 0.0121424 0)
(1.05756 0.0111391 0)
(0.91384 0.0074751 0)
(0.592848 0.00134866 0)
(0.196755 0.000224371 0)
(0.211262 -0.000102624 0)
(0.611541 0.000753464 0)
(0.925664 -0.0014708 0)
(1.06881 -0.00331187 0)
(1.09714 -0.00303392 0)
(1.08923 -0.00167191 0)
(1.07609 -7.33742e-05 0)
(1.06546 0.0018694 0)
(1.05729 0.0042384 0)
(1.05181 0.00660528 0)
(1.04973 0.00905503 0)
(1.05154 0.0103459 0)
(1.05688 0.0111792 0)
(1.06551 0.011662 0)
(1.07755 0.0110787 0)
(1.08381 0.0107669 0)
(1.05134 0.0094735 0)
(0.901097 0.00574094 0)
(0.583409 0.00121365 0)
(0.193665 0.000278187 0)
(0.212751 0.000148785 0)
(0.611733 0.0011275 0)
(0.920984 0.000301796 0)
(1.06717 -0.000960696 0)
(1.09829 -0.000622954 0)
(1.09096 0.000509887 0)
(1.07787 0.00199054 0)
(1.06715 0.00402529 0)
(1.05895 0.0063733 0)
(1.05335 0.00879557 0)
(1.0508 0.0110104 0)
(1.052 0.0121041 0)
(1.05695 0.0123438 0)
(1.06505 0.01208 0)
(1.07647 0.0110281 0)
(1.08129 0.0101793 0)
(1.04507 0.00831801 0)
(0.890827 0.0047283 0)
(0.576461 0.00126803 0)
(0.190909 0.00030338 0)
(0.215675 0.000408236 0)
(0.613659 0.0015449 0)
(0.919749 0.00205501 0)
(1.06648 0.00153789 0)
(1.09907 0.00200465 0)
(1.09219 0.00289913 0)
(1.07921 0.00410331 0)
(1.06833 0.00604825 0)
(1.05981 0.00838508 0)
(1.05374 0.0110104 0)
(1.05062 0.0131082 0)
(1.05126 0.0141049 0)
(1.05587 0.0139222 0)
(1.06371 0.0129796 0)
(1.07449 0.0117917 0)
(1.07776 0.0103611 0)
(1.03858 0.00792593 0)
(0.881485 0.0042825 0)
(0.569748 0.00132652 0)
(0.187919 0.000307298 0)
(0.219116 0.000432075 0)
(0.617649 0.00205475 0)
(0.920804 0.00352599 0)
(1.06652 0.00339 0)
(1.10039 0.00383741 0)
(1.09425 0.00487823 0)
(1.08173 0.00641415 0)
(1.07099 0.00872179 0)
(1.0622 0.0112997 0)
(1.05539 0.0142122 0)
(1.05127 0.0162315 0)
(1.05079 0.0171162 0)
(1.05433 0.016675 0)
(1.06125 0.0153289 0)
(1.07107 0.0133734 0)
(1.07263 0.0110133 0)
(1.03073 0.00777731 0)
(0.872236 0.00416781 0)
(0.563538 0.00150944 0)
(0.184965 0.000335115 0)
(0.224621 0.000533915 0)
(0.626148 0.00262978 0)
(0.924421 0.00482316 0)
(1.06746 0.00539744 0)
(1.10176 0.00585148 0)
(1.09682 0.00676132 0)
(1.08513 0.00863134 0)
(1.07488 0.0113542 0)
(1.06602 0.0144945 0)
(1.05855 0.0178389 0)
(1.05329 0.0198869 0)
(1.05155 0.0206098 0)
(1.05369 0.0198034 0)
(1.0594 0.0181594 0)
(1.06746 0.0157318 0)
(1.06718 0.0127729 0)
(1.02302 0.00907816 0)
(0.863613 0.0050846 0)
(0.556504 0.00203319 0)
(0.181192 0.000426885 0)
(0.22962 0.000630979 0)
(0.632774 0.00296272 0)
(0.928573 0.00576945 0)
(1.06916 0.00691119 0)
(1.10358 0.00771493 0)
(1.09966 0.00910436 0)
(1.0888 0.0115605 0)
(1.07876 0.0149568 0)
(1.0696 0.0188593 0)
(1.06125 0.0227322 0)
(1.05463 0.0249769 0)
(1.05154 0.0255209 0)
(1.05201 0.0244437 0)
(1.05619 0.0222466 0)
(1.06199 0.0191956 0)
(1.05937 0.0149884 0)
(1.01254 0.0103298 0)
(0.852409 0.00596852 0)
(0.54752 0.00258281 0)
(0.176356 0.000536471 0)
(0.237805 0.000849366 0)
(0.645958 0.00402492 0)
(0.937077 0.0079581 0)
(1.07251 0.0100569 0)
(1.10569 0.011215 0)
(1.10288 0.0128422 0)
(1.09288 0.0158717 0)
(1.08287 0.0198603 0)
(1.07302 0.0243089 0)
(1.06327 0.0284747 0)
(1.05503 0.0307169 0)
(1.05045 0.0306996 0)
(1.04945 0.028897 0)
(1.05199 0.0257906 0)
(1.05559 0.0219582 0)
(1.05077 0.0172931 0)
(1.0025 0.0123141 0)
(0.842285 0.00744544 0)
(0.537559 0.00324022 0)
(0.170403 0.000650484 0)
(0.246139 0.00111609 0)
(0.657857 0.00478638 0)
(0.945885 0.00962639 0)
(1.07733 0.0127171 0)
(1.10941 0.0151541 0)
(1.10742 0.0180662 0)
(1.09809 0.0219458 0)
(1.0879 0.0266641 0)
(1.07707 0.0317006 0)
(1.06569 0.0359657 0)
(1.05553 0.0378517 0)
(1.04899 0.0369523 0)
(1.04607 0.0342338 0)
(1.04651 0.0303429 0)
(1.04781 0.025539 0)
(1.04022 0.0198022 0)
(0.989036 0.0138961 0)
(0.826986 0.00851363 0)
(0.523811 0.00381225 0)
(0.162901 0.00075902 0)
(0.259148 0.00144392 0)
(0.677735 0.00669612 0)
(0.960536 0.0132421 0)
(1.08555 0.0177986 0)
(1.1154 0.0211888 0)
(1.11381 0.0249205 0)
(1.10466 0.0298033 0)
(1.09386 0.0353924 0)
(1.08159 0.0409241 0)
(1.06796 0.0450717 0)
(1.05519 0.0463121 0)
(1.04634 0.0442732 0)
(1.04149 0.0401924 0)
(1.03974 0.0348803 0)
(1.03866 0.028942 0)
(1.02901 0.0227546 0)
(0.976749 0.0165435 0)
(0.814616 0.0105976 0)
(0.510277 0.00467345 0)
(0.154585 0.000884853 0)
(0.274297 0.00201383 0)
(0.700705 0.00812021 0)
(0.978581 0.0166724 0)
(1.09713 0.0229431 0)
(1.12413 0.02818 0)
(1.12212 0.0339184 0)
(1.11243 0.0403457 0)
(1.1004 0.0468951 0)
(1.08616 0.052898 0)
(1.07003 0.0567732 0)
(1.05465 0.0568302 0)
(1.04316 0.0530752 0)
(1.0358 0.0474204 0)
(1.0317 0.0410653 0)
(1.02837 0.0341083 0)
(1.01605 0.0269071 0)
(0.959977 0.0196142 0)
(0.793007 0.0124996 0)
(0.489408 0.00554565 0)
(0.143536 0.00105911 0)
(0.295834 0.00288662 0)
(0.731715 0.011982 0)
(1.00235 0.0224655 0)
(1.11261 0.0309203 0)
(1.13612 0.037767 0)
(1.13293 0.045621 0)
(1.12181 0.0533014 0)
(1.10758 0.0610056 0)
(1.09048 0.0672951 0)
(1.0709 0.0704555 0)
(1.05181 0.0690125 0)
(1.0373 0.0636623 0)
(1.0279 0.0562922 0)
(1.02173 0.0480689 0)
(1.01631 0.0397189 0)
(1.00198 0.0314884 0)
(0.944054 0.0234201 0)
(0.776318 0.0154307 0)
(0.470647 0.00677838 0)
(0.13204 0.0011612 0)
(0.326411 0.00400381 0)
(0.773844 0.0148407 0)
(1.03387 0.0297069 0)
(1.13392 0.0408729 0)
(1.15264 0.0506567 0)
(1.14662 0.0608634 0)
(1.13249 0.070676 0)
(1.115 0.079349 0)
(1.0943 0.0855637 0)
(1.071 0.087731 0)
(1.04862 0.0844055 0)
(1.03115 0.0765531 0)
(1.0187 0.0669897 0)
(1.01006 0.0572619 0)
(1.00251 0.0475745 0)
(0.985367 0.0382323 0)
(0.921996 0.0286033 0)
(0.74495 0.0184419 0)
(0.438652 0.00776283 0)
(0.116084 0.00132386 0)
(0.363015 0.00790163 0)
(0.825228 0.0245643 0)
(1.07381 0.0419737 0)
(1.16067 0.0570804 0)
(1.17299 0.0685748 0)
(1.16273 0.0823005 0)
(1.14452 0.0932316 0)
(1.12277 0.102098 0)
(1.09752 0.107615 0)
(1.06942 0.107895 0)
(1.04227 0.101813 0)
(1.02114 0.0915338 0)
(1.00687 0.0800395 0)
(0.996438 0.0682382 0)
(0.986692 0.0568516 0)
(0.966567 0.0456126 0)
(0.898895 0.0342723 0)
(0.720073 0.022466 0)
(0.413382 0.00967341 0)
(0.101738 0.00126855 0)
(0.446573 0.0115093 0)
(0.904994 0.0346466 0)
(1.12633 0.0615889 0)
(1.19357 0.0798781 0)
(1.19885 0.0960995 7.68082e-35)
(1.18113 0.111534 -5.08636e-35)
(1.15719 0.122488 0)
(1.12983 0.130762 0)
(1.09928 0.134465 0)
(1.06639 0.13205 0)
(1.03567 0.122973 0)
(1.01175 0.109708 0)
(0.993733 0.095337 0)
(0.980382 0.0816382 0)
(0.968398 0.0686419 0)
(0.944456 0.0561714 0)
(0.868713 0.0427491 0)
(0.674475 0.0276434 0)
(0.362785 0.0101664 0)
(0.0784616 0.00101745 0)
(0.513928 0.0265159 -6.88708e-21)
(0.996132 0.058982 4.58391e-21)
(1.18345 0.0940037 0)
(1.22958 0.115848 1.08391e-21)
(1.22518 0.135084 -8.78295e-22)
(1.19912 0.150051 5.36635e-35)
(1.16875 0.159942 0)
(1.13524 0.166625 4.89493e-21)
(1.09889 0.167885 -1.75176e-20)
(1.06013 0.162499 3.86343e-21)
(1.02337 0.149878 0)
(0.994269 0.133026 -1.26265e-20)
(0.974329 0.116727 -1.57953e-20)
(0.958986 0.100843 2.77752e-20)
(0.943091 0.0858668 -2.23337e-20)
(0.912234 0.0704987 0)
(0.823628 0.053496 -8.57079e-21)
(0.615338 0.034398 0)
(0.313073 0.0147838 -4.63325e-20)
(0.0606716 0.00178181 5.4818e-20)
(0.543608 0.0548725 1.0523e-23)
(1.0499 0.102295 -4.34024e-20)
(1.22775 0.145569 1.16928e-20)
(1.26243 0.164421 1.67225e-20)
(1.24904 0.183266 -1.14667e-21)
(1.21504 0.19622 2.62888e-21)
(1.1781 0.204299 0)
(1.13824 0.208921 0)
(1.09567 0.207649 2.74321e-20)
(1.05072 0.199269 0)
(1.00902 0.183354 4.3391e-20)
(0.97647 0.165195 1.35466e-20)
(0.950216 0.146659 3.33825e-22)
(0.928972 0.129458 -3.11695e-20)
(0.909518 0.113404 0)
(0.875059 0.098065 0)
(0.784099 0.0771156 -1.44538e-19)
(0.58364 0.0541518 3.62488e-19)
(0.300284 0.0245562 -2.15371e-19)
(0.0593027 0.00576213 -2.55357e-19)
(0.546935 0.0787274 7.70505e-20)
(1.07931 0.160161 -2.25991e-20)
(1.26054 0.207673 -5.92974e-21)
(1.28872 0.223923 -3.23009e-20)
(1.2677 0.239746 1.37517e-20)
(1.22719 0.248665 -1.8055e-21)
(1.18428 0.253404 4.64198e-21)
(1.13846 0.254893 0)
(1.08987 0.250547 -5.68502e-20)
(1.03888 0.239218 6.32068e-20)
(0.991312 0.221441 -1.18645e-19)
(0.952585 0.200059 5.78802e-20)
(0.924164 0.180263 -4.27136e-20)
(0.90171 0.162358 9.35122e-20)
(0.878671 0.145957 0)
(0.84214 0.12968 -3.67472e-20)
(0.754914 0.109013 0)
(0.570121 0.0768454 2.08108e-19)
(0.304176 0.0413103 -4.93903e-19)
(0.0707446 0.00957154 3.099e-19)
(0.535806 0.110982 -3.67305e-19)
(1.09413 0.218842 1.46692e-19)
(1.28035 0.274465 2.37383e-20)
(1.30628 0.288605 0)
(1.28009 0.301007 1.72954e-20)
(1.23479 0.305089 -1.8578e-20)
(1.18681 0.305877 -4.86884e-21)
(1.13562 0.303599 0)
(1.0816 0.295647 4.01212e-20)
(1.02539 0.280695 -4.34092e-20)
(0.972528 0.258671 1.04412e-19)
(0.930098 0.235377 0)
(0.897038 0.215144 -9.0001e-20)
(0.869997 0.197284 4.95206e-20)
(0.846451 0.180942 1.34812e-19)
(0.812282 0.165102 -1.18649e-19)
(0.731917 0.142097 1.95927e-19)
(0.563243 0.105214 -4.35036e-19)
(0.316963 0.0597642 2.75993e-19)
(0.0829929 0.0161762 -3.45994e-19)
(0.519646 0.135122 2.27445e-19)
(1.09716 0.273763 -1.67635e-19)
(1.29027 0.34163 7.42105e-20)
(1.31545 0.354059 -1.01646e-19)
(1.28569 0.363369 6.81803e-20)
(1.23717 0.363052 -1.11165e-20)
(1.18528 0.359962 3.66283e-21)
(1.12978 0.353705 -2.63363e-20)
(1.07133 0.34179 -4.0089e-20)
(1.01042 0.32316 -9.34681e-20)
(0.953816 0.298566 -2.25453e-19)
(0.909034 0.274513 -7.59949e-20)
(0.875012 0.252639 2.64536e-21)
(0.848546 0.233913 -1.78964e-19)
(0.822499 0.216772 -6.34416e-21)
(0.787059 0.198704 1.74508e-19)
(0.711875 0.174066 -5.42797e-20)
(0.557748 0.133377 -3.16487e-20)
(0.32659 0.0792238 0)
(0.0916127 0.0228781 7.43261e-19)
(0.500353 0.156352 0)
(1.08845 0.324116 5.21219e-20)
(1.29204 0.405719 3.6245e-20)
(1.31844 0.418063 -1.22595e-20)
(1.28618 0.425206 -8.31026e-20)
(1.23521 0.420858 1.72468e-20)
(1.18031 0.414077 1.65469e-21)
(1.12156 0.403887 4.74118e-20)
(1.05964 0.388103 -2.41746e-20)
(0.994847 0.365451 4.08085e-20)
(0.934076 0.337403 1.21694e-19)
(0.884536 0.308776 1.68407e-19)
(0.846756 0.284774 -1.05374e-19)
(0.81705 0.264933 1.94425e-19)
(0.794736 0.24813 -1.56232e-19)
(0.765298 0.232224 0)
(0.698698 0.207211 -4.1595e-19)
(0.555394 0.162048 5.59166e-19)
(0.332814 0.098063 4.22787e-20)
(0.0968341 0.0291497 -7.89016e-19)
(0.485097 0.177146 -5.43839e-21)
(1.07932 0.373381 -3.55869e-19)
(1.28892 0.467155 -2.73131e-19)
(1.31626 0.479613 2.27371e-19)
(1.2819 0.485109 -4.9076e-20)
(1.22932 0.477334 2.63096e-20)
(1.17227 0.46722 -9.29028e-21)
(1.11091 0.453389 -3.67264e-21)
(1.04569 0.43401 -8.46868e-20)
(0.977133 0.407891 6.46991e-22)
(0.913475 0.376639 -1.33043e-19)
(0.864931 0.346917 -1.798e-19)
(0.830161 0.322692 1.18747e-19)
(0.804047 0.302601 -6.99736e-20)
(0.776806 0.284313 1.70287e-19)
(0.743109 0.263763 0)
(0.678112 0.236746 -2.58246e-19)
(0.543587 0.188443 3.81981e-19)
(0.331737 0.114732 7.3109e-19)
(0.0978867 0.034193 -8.57987e-19)
(0.469974 0.194856 -6.77748e-19)
(1.0649 0.418122 3.42375e-19)
(1.28188 0.5248 2.6645e-19)
(1.31055 0.538141 -2.4683e-19)
(1.27451 0.542588 1.12242e-20)
(1.22071 0.531775 7.11314e-20)
(1.16193 0.518728 -1.62689e-21)
(1.0985 0.501626 -1.76954e-20)
(1.0309 0.47884 -5.26912e-20)
(0.960234 0.449052 9.18603e-20)
(0.89479 0.413395 1.25559e-19)
(0.842698 0.380143 2.81916e-19)
(0.802448 0.351933 0)
(0.770312 0.327934 5.5955e-21)
(0.749451 0.308689 -4.74049e-19)
(0.723746 0.293354 1.08957e-19)
(0.666191 0.26519 5.55602e-19)
(0.535492 0.212356 -1.63224e-19)
(0.32362 0.129428 3.46633e-19)
(0.0955971 0.037173 -2.89402e-20)
(0.460701 0.213865 6.17623e-21)
(1.05316 0.462153 3.17381e-19)
(1.27263 0.580054 2.02646e-19)
(1.30189 0.593986 -4.41361e-19)
(1.26428 0.597142 2.8045e-19)
(1.20975 0.583672 -8.80867e-20)
(1.1497 0.568141 -1.72551e-21)
(1.08468 0.548163 3.732e-20)
(1.01504 0.522306 9.24613e-20)
(0.941798 0.489223 -1.18699e-19)
(0.873873 0.450921 0)
(0.820932 0.414855 -1.11425e-19)
(0.78445 0.38529 1.27925e-19)
(0.759154 0.362515 1.72509e-19)
(0.732244 0.343591 -9.8938e-20)
(0.700945 0.319513 -2.50205e-19)
(0.642458 0.289881 -7.60125e-20)
(0.518495 0.230532 -1.2114e-21)
(0.312631 0.139235 0)
(0.0908787 0.0397748 0)
(0.451965 0.229307 -3.35913e-19)
(1.03952 0.502473 0)
(1.26131 0.631696 2.32407e-19)
(1.29135 0.646907 -1.0711e-19)
(1.25255 0.648966 -2.91453e-19)
(1.19747 0.632927 8.04491e-20)
(1.13635 0.615233 -7.81398e-21)
(1.07001 0.592704 -1.67282e-20)
(0.998723 0.564129 5.75897e-20)
(0.923314 0.527846 -4.92034e-20)
(0.85287 0.485326 7.05615e-20)
(0.798464 0.444962 3.48023e-19)
(0.758178 0.413034 1.34925e-20)
(0.724406 0.385842 -1.7606e-19)
(0.703474 0.362221 3.40539e-19)
(0.680845 0.344346 4.50687e-21)
(0.628614 0.310518 8.13248e-20)
(0.504582 0.248273 -3.94643e-19)
(0.300288 0.146781 3.99938e-19)
(0.0851013 0.0414214 -4.77883e-19)
(0.445506 0.248412 3.40178e-23)
(1.02766 0.541908 0)
(1.24923 0.680839 0)
(1.27937 0.697115 9.99061e-20)
(1.23954 0.697868 1.14397e-19)
(1.18409 0.679469 -6.65326e-20)
(1.12208 0.659903 4.17289e-20)
(1.05466 0.635177 0)
(0.98175 0.604311 -9.44095e-20)
(0.904251 0.565404 1.73627e-19)
(0.831791 0.520032 2.15805e-19)
(0.775657 0.477548 -1.31295e-19)
(0.735292 0.441573 -1.64916e-19)
(0.711705 0.413489 3.90082e-19)
(0.686261 0.390489 -1.20466e-19)
(0.656806 0.364122 -1.46334e-19)
(0.602207 0.329543 -8.95287e-20)
(0.483496 0.259998 -4.28079e-19)
(0.286251 0.15216 6.04056e-20)
(0.0786791 0.0419369 5.19259e-19)
(0.441749 0.267204 -1.34424e-19)
(1.01589 0.578387 -2.12472e-19)
(1.23631 0.726514 2.36306e-20)
(1.2667 0.744459 4.54195e-23)
(1.22612 0.744193 3.70857e-20)
(1.17034 0.723558 -1.78513e-19)
(1.10748 0.702218 0)
(1.03902 0.675517 1.42484e-20)
(0.964563 0.642515 -1.12351e-20)
(0.884962 0.6009 2.74045e-19)
(0.809509 0.552323 -5.41594e-20)
(0.75082 0.505706 6.01439e-20)
(0.710774 0.467268 0)
(0.67602 0.434542 -2.13003e-19)
(0.656606 0.40716 2.65623e-19)
(0.635638 0.385001 0)
(0.585548 0.343235 -1.95847e-19)
(0.465209 0.27166 5.72904e-19)
(0.271079 0.155605 6.80878e-20)
(0.0718658 0.0414739 -6.43219e-19)
(0.439772 0.284209 -2.98653e-19)
(1.00589 0.613738 3.83269e-19)
(1.22344 0.769748 0)
(1.25359 0.789109 2.48939e-19)
(1.21234 0.787849 0)
(1.1563 0.765222 1.66779e-19)
(1.09265 0.742279 0)
(1.02323 0.713831 0)
(0.947353 0.679126 -3.31206e-20)
(0.865472 0.636004 -2.67273e-19)
(0.787493 0.585497 -4.01539e-19)
(0.727488 0.535481 7.61665e-20)
(0.685159 0.492715 2.85176e-19)
(0.66156 0.45924 2.39755e-19)
(0.637003 0.431206 -8.52397e-19)
(0.60906 0.398108 -3.5232e-19)
(0.55672 0.358907 2.04846e-19)
(0.440892 0.277708 0)
(0.254382 0.156947 5.89564e-19)
(0.0645273 0.0400215 -6.97749e-19)
(0.438335 0.299964 3.29512e-19)
(0.995632 0.646148 -4.21423e-19)
(1.21038 0.809635 0)
(1.24034 0.830832 -1.02824e-20)
(1.19857 0.828984 -1.02299e-19)
(1.14234 0.804674 0)
(1.07806 0.780252 -1.34064e-20)
(1.00782 0.750161 2.05549e-20)
(0.930618 0.713925 -4.13376e-20)
(0.847233 0.668563 2.62351e-20)
(0.767794 0.613809 0)
(0.70515 0.561423 3.04483e-19)
(0.660624 0.516607 4.0488e-21)
(0.624465 0.476057 1.30254e-19)
(0.605417 0.441097 1.57031e-19)
(0.586555 0.415672 0)
(0.538108 0.364905 -3.45373e-19)
(0.420579 0.283269 6.77128e-19)
(0.237174 0.156098 -7.20283e-19)
(0.0573815 0.0376734 1.51399e-18)
(0.43716 0.314924 0)
(0.986654 0.677811 0)
(1.1978 0.847389 -2.31823e-19)
(1.22711 0.869981 0)
(1.18484 0.867492 0)
(1.1285 0.841784 2.40623e-19)
(1.06371 0.816143 -1.71161e-20)
(0.99269 0.784622 1.70407e-20)
(0.914142 0.747107 -2.72081e-21)
(0.828008 0.700623 0)
(0.743396 0.64677 -6.46121e-20)
(0.677619 0.591669 -2.52396e-19)
(0.632555 0.539077 -3.16988e-19)
(0.608222 0.497877 -1.31721e-19)
(0.585094 0.463121 1.72824e-19)
(0.557927 0.422402 -4.10452e-19)
(0.507344 0.376152 7.47418e-19)
(0.393653 0.283885 6.35152e-21)
(0.219369 0.153122 -6.96583e-19)
(0.0503686 0.034815 -1.0331e-19)
(0.435874 0.329513 0)
(0.977465 0.707036 -3.28865e-19)
(1.18525 0.882238 2.58667e-19)
(1.21401 0.906436 0)
(1.17134 0.903554 0)
(1.11497 0.876723 -5.32281e-19)
(1.04983 0.850058 0)
(0.978219 0.817395 0)
(0.898618 0.778834 -6.97596e-20)
(0.811543 0.731718 5.11483e-20)
(0.727727 0.674515 -5.15406e-19)
(0.659086 0.614571 0)
(0.608141 0.563799 -3.44985e-19)
(0.567969 0.513961 1.14899e-20)
(0.548812 0.468796 -5.53031e-19)
(0.532586 0.434557 2.22442e-19)
(0.487253 0.372649 3.51468e-21)
(0.374723 0.281977 -7.9721e-19)
(0.203321 0.148821 3.78246e-19)
(0.0450465 0.0319759 1.10529e-19)
(0.434664 0.343648 0)
(0.969452 0.73567 -3.88036e-19)
(1.17333 0.915425 2.75493e-19)
(1.20123 0.940696 5.78042e-19)
(1.15815 0.937201 1.16793e-19)
(1.10181 0.909384 -8.10205e-20)
(1.03647 0.881952 5.00482e-20)
(0.964492 0.84828 -9.01369e-20)
(0.884061 0.808856 7.46228e-20)
(0.794985 0.760554 3.12529e-19)
(0.704466 0.702849 4.27433e-19)
(0.629831 0.643613 8.23893e-20)
(0.57708 0.584891 5.00762e-19)
(0.549014 0.533909 3.25381e-19)
(0.52517 0.488647 3.99355e-19)
(0.500536 0.431795 -2.49199e-19)
(0.454102 0.376953 -2.94415e-19)
(0.347325 0.27465 3.45911e-19)
(0.186117 0.139798 -2.04425e-19)
(0.0414957 0.0315542 3.60875e-19)
(0.433371 0.357314 5.10541e-19)
(0.961249 0.761881 6.16315e-19)
(1.16148 0.94601 1.51418e-19)
(1.18871 0.97255 1.61618e-20)
(1.14535 0.968631 -4.06041e-19)
(1.08912 0.940002 1.54229e-19)
(1.02365 0.911876 -5.7321e-20)
(0.951275 0.877448 -2.15031e-20)
(0.869801 0.837597 -6.5443e-20)
(0.778288 0.789111 -3.49354e-19)
(0.686267 0.731666 2.5582e-20)
(0.610459 0.669354 0)
(0.553995 0.611358 0)
(0.505323 0.551913 -1.6547e-19)
(0.481808 0.489901 -6.58075e-19)
(0.467643 0.439949 5.40753e-19)
(0.432532 0.354274 3.29992e-19)
(0.34128 0.253978 0)
(0.191203 0.118635 6.52562e-19)
(0.0360582 0.0116432 -3.90105e-19)
(0.432217 0.370248 -2.728e-19)
(0.954039 0.787466 2.36042e-19)
(1.15032 0.975266 -3.37646e-19)
(1.17668 1.00258 -3.63556e-19)
(1.13304 0.99797 -1.60425e-19)
(1.07691 0.968515 3.69597e-20)
(1.01136 0.939875 0)
(0.938807 0.904914 1.32312e-19)
(0.856622 0.864425 1.16673e-20)
(0.764301 0.815607 0)
(0.670644 0.757286 0)
(0.588216 0.697212 5.76347e-20)
(0.52002 0.634603 8.82287e-20)
(0.484015 0.5717 -1.78663e-19)
(0.453115 0.51275 4.75773e-19)
(0.425176 0.429766 -5.95619e-19)
(0.387714 0.345264 -7.08341e-19)
(0.322322 0.229597 6.27269e-19)
(0.22078 0.137462 -2.35139e-19)
(0.121611 0.091716 1.34914e-19)
(0.430818 0.382406 3.14977e-19)
(0.946486 0.810559 0)
(1.13922 1.00199 0)
(1.16499 1.03038 -1.22392e-19)
(1.12119 1.02535 9.90689e-20)
(1.06523 0.995222 -2.07614e-20)
(0.999676 0.966076 -2.17615e-19)
(0.926822 0.930529 -2.10008e-19)
(0.843852 0.889992 6.80036e-20)
(0.749681 0.841483 -2.83344e-20)
(0.651126 0.78482 6.81997e-20)
(0.563567 0.722341 -4.75076e-19)
(0.500991 0.659598 -5.22933e-19)
(0.436539 0.595272 -9.53941e-20)
(0.397386 0.514564 0)
(0.373524 0.441495 -1.24806e-20)
(0.346746 0.293806 3.91327e-19)
(0.303182 0.132116 -6.57051e-19)
(0.26386 -0.0254797 4.87725e-19)
(0.0807573 -0.0879065 3.8978e-19)
(0.429522 0.393945 -6.86562e-19)
(0.939779 0.833238 -2.9679e-19)
(1.12878 1.02781 6.4605e-21)
(1.15374 1.05686 1.56092e-19)
(1.10973 1.05122 0)
(1.05387 1.02043 4.61131e-19)
(0.988202 0.990945 2.70482e-19)
(0.915197 0.955229 -4.48802e-20)
(0.831877 0.914744 -2.14683e-20)
(0.736737 0.866226 -2.66799e-20)
(0.637603 0.809477 2.47807e-20)
(0.5498 0.751112 4.19981e-19)
(0.465296 0.689462 5.11069e-19)
(0.414201 0.618337 9.20294e-20)
(0.366053 0.550828 5.08685e-19)
(0.306932 0.433336 0)
(0.20876 0.290712 0)
(0.0449508 0.279995 4.8523e-19)
(-0.0668013 0.629867 -3.34697e-20)
(0.000648995 1.50239 -6.23332e-19)
(0.427833 0.404875 3.73819e-19)
(0.932696 0.853644 8.9034e-19)
(1.11831 1.05139 -1.33951e-18)
(1.14271 1.08158 8.06977e-19)
(1.09858 1.07581 -9.39774e-20)
(1.04284 1.04471 6.02718e-19)
(0.977209 1.01511 0)
(0.904125 0.979315 2.1958e-19)
(0.820016 0.939016 0)
(0.723055 0.891671 2.53691e-19)
(0.619849 0.837119 -3.89487e-20)
(0.521706 0.778782 4.36712e-20)
(0.449176 0.718986 5.67833e-19)
(0.362204 0.659354 -2.09248e-19)
(0.277944 0.568668 -2.66127e-19)
(0.209367 0.497037 0)
(0.108395 0.584377 0)
(0.0385702 1.25077 0)
(0.0788765 2.42733 -2.7286e-19)
(0.109657 2.89325 -1.69405e-19)
(0.426218 0.415359 0)
(0.926471 0.873831 0)
(1.10855 1.07442 4.79431e-19)
(1.13216 1.10531 -6.726e-19)
(1.08781 1.09921 4.6104e-19)
(1.03222 1.0678 -5.52211e-19)
(0.966518 1.03823 -3.11994e-20)
(0.893201 1.00265 2.4292e-20)
(0.808867 0.963399 6.74249e-21)
(0.711536 0.917018 -2.88458e-19)
(0.60685 0.864887 5.94828e-20)
(0.512629 0.811518 3.95634e-19)
(0.411679 0.757993 -5.59552e-19)
(0.340703 0.686762 -6.56456e-19)
(0.274285 0.633752 2.29292e-19)
(0.208436 0.752115 0)
(0.144872 1.49163 3.31001e-19)
(0.143382 2.6689 3.68465e-19)
(0.149058 3.07965 -4.12369e-19)
(0.139791 3.21855 4.53199e-19)
(0.424237 0.425042 0)
(0.919817 0.891641 7.24137e-19)
(1.09875 1.09515 -1.24252e-19)
(1.1219 1.12724 8.4722e-19)
(1.07747 1.12128 -4.83932e-19)
(1.02201 1.08995 0)
(0.95637 1.06061 0)
(0.883206 1.02547 0)
(0.798415 0.986616 -7.2258e-20)
(0.699255 0.941813 2.91094e-21)
(0.591939 0.890908 0)
(0.485622 0.83946 -3.86123e-19)
(0.405776 0.791034 0)
(0.29593 0.744323 4.6708e-19)
(0.217075 0.822038 -3.04508e-19)
(0.172104 1.44169 -2.5547e-19)
(0.179389 2.65932 -6.27183e-19)
(0.198427 3.12554 -3.13676e-19)
(0.188357 3.27199 -3.62625e-19)
(0.17312 3.31316 3.10306e-19)
(0.422443 0.434104 -2.44631e-19)
(0.914044 0.909467 1.5108e-20)
(1.08971 1.11566 -1.33925e-19)
(1.11214 1.14845 -6.77914e-19)
(1.06749 1.14239 0)
(1.01223 1.11102 0)
(0.946644 1.08203 0)
(0.873303 1.04735 -1.5146e-20)
(0.78834 1.0101 8.17383e-20)
(0.689388 0.967803 0)
(0.580873 0.92169 0)
(0.481142 0.877948 0)
(0.36872 0.835443 0)
(0.30748 0.829655 3.07679e-19)
(0.287029 1.18184 8.03536e-19)
(0.276124 2.3322 2.50609e-19)
(0.287062 3.08023 4.57971e-19)
(0.279019 3.29168 -2.94917e-19)
(0.22817 3.3602 1.08693e-19)
(0.193837 3.37289 0)
(0.420292 0.44264 2.47993e-19)
(0.907547 0.925283 -1.56244e-18)
(1.08036 1.13435 -4.42896e-19)
(1.10245 1.16843 -1.0809e-19)
(1.05777 1.16272 1.23469e-19)
(1.00266 1.13168 -8.69803e-19)
(0.937117 1.10315 5.88126e-20)
(0.864028 1.06928 3.99819e-19)
(0.778988 1.03284 0)
(0.678679 0.991494 -1.64583e-20)
(0.568871 0.946112 1.49719e-20)
(0.459373 0.903194 0)
(0.378598 0.876363 0)
(0.330503 1.00076 -3.81705e-19)
(0.296505 1.82967 1.37488e-21)
(0.293644 2.92665 -1.3602e-19)
(0.311719 3.29595 2.27473e-19)
(0.284836 3.39943 8.89806e-20)
(0.21664 3.42557 5.56489e-20)
(0.190369 3.43413 -2.99519e-20)
(0.418088 0.451178 4.77932e-19)
(0.901425 0.942934 1.49492e-18)
(1.07101 1.15484 5.44469e-19)
(1.09244 1.18953 0)
(1.04762 1.1837 0)
(0.992816 1.15261 6.66402e-19)
(0.92753 1.12447 -4.10373e-19)
(0.854554 1.0911 -3.67763e-19)
(0.769629 1.0562 -1.45141e-20)
(0.66984 1.01889 4.77057e-20)
(0.559195 0.981306 -2.83315e-19)
(0.451668 0.945926 0)
(0.373524 0.951848 0)
(0.348011 1.3427 -2.13444e-19)
(0.360633 2.43614 -2.78619e-19)
(0.402641 3.19875 0)
(0.428773 3.38488 3.02601e-20)
(0.358815 3.45051 2.04099e-19)
(0.283245 3.49517 -4.21619e-19)
(0.25815 3.52128 2.50559e-19)
(0.414947 0.460158 -9.05456e-19)
(0.893585 0.959528 -7.11318e-19)
(1.06025 1.17466 0)
(1.08156 1.21068 0)
(1.03688 1.20516 0)
(0.982349 1.17429 0)
(0.917226 1.14646 4.38197e-19)
(0.844699 1.11381 -4.7705e-19)
(0.760114 1.08005 0)
(0.660394 1.04317 -3.76464e-20)
(0.552363 1.00343 4.67392e-19)
(0.449748 0.974774 2.41607e-20)
(0.40002 1.06831 4.11769e-20)
(0.407314 1.71643 3.15504e-19)
(0.431171 2.87554 -9.81937e-20)
(0.466985 3.33027 0)
(0.449092 3.46218 -5.69505e-20)
(0.35847 3.55145 1.00248e-19)
(0.27333 3.62173 3.37909e-19)
(0.19692 3.60218 -2.91055e-19)
(0.411828 0.469205 4.29381e-19)
(0.886032 0.97925 -6.99646e-19)
(1.04919 1.19748 0)
(1.06989 1.23376 -1.73578e-19)
(1.02517 1.22784 6.58786e-19)
(0.971156 1.19661 0)
(0.906665 1.16896 0)
(0.834805 1.13667 8.92954e-19)
(0.751087 1.10398 1.40575e-20)
(0.652384 1.07096 -7.16726e-20)
(0.538628 1.04239 -1.98283e-19)
(0.449117 1.03315 1.54808e-19)
(0.412121 1.23141 0)
(0.448923 2.13274 -1.48537e-19)
(0.49811 3.13498 1.23969e-19)
(0.558386 3.43808 -3.13169e-20)
(0.552366 3.54308 0)
(0.482231 3.6392 -1.884e-19)
(0.405561 3.68464 -7.45211e-19)
(0.321269 3.65555 -1.89009e-19)
(0.40708 0.478571 -8.32673e-19)
(0.876087 0.997126 9.95626e-19)
(1.03633 1.21901 7.41419e-19)
(1.0572 1.25656 -1.92066e-19)
(1.01281 1.25083 -1.00514e-18)
(0.959295 1.21963 0)
(0.895207 1.19202 3.8192e-19)
(0.824055 1.16015 -3.65745e-19)
(0.740973 1.12856 -3.70686e-20)
(0.643083 1.0966 6.06307e-20)
(0.538218 1.0657 -1.08407e-21)
(0.4598 1.07723 -1.72122e-19)
(0.467001 1.44337 1.55145e-19)
(0.529803 2.50143 -8.02765e-21)
(0.595765 3.30379 1.02867e-19)
(0.650713 3.49919 -3.21972e-19)
(0.610367 3.56258 0)
(0.544809 3.57436 0)
(0.440948 3.54489 -8.76417e-19)
(0.196408 3.34215 1.73708e-18)
(0.402484 0.488206 3.94871e-19)
(0.866584 1.01908 9.6137e-19)
(1.02316 1.24439 -7.30221e-19)
(1.04358 1.28174 7.16805e-19)
(0.999323 1.27519 9.94419e-19)
(0.946628 1.24328 0)
(0.88363 1.21555 -4.15074e-19)
(0.81376 1.18383 -5.12637e-19)
(0.732439 1.15309 0)
(0.637428 1.12334 0)
(0.530261 1.1053 0)
(0.46804 1.16609 0)
(0.50148 1.6648 -1.63172e-19)
(0.587515 2.79288 4.59449e-20)
(0.669621 3.4072 0)
(0.716688 3.52083 2.00673e-19)
(0.713012 3.53031 0)
(0.783196 3.38328 3.29567e-19)
(0.879265 3.02381 -2.50599e-18)
(0.464056 2.66369 2.47442e-18)
(0.395815 0.4967 -7.73379e-19)
(0.853853 1.03805 -6.09434e-19)
(1.00768 1.26766 -4.70671e-19)
(1.02874 1.30628 -6.70431e-19)
(0.98505 1.29976 -4.72353e-19)
(0.933262 1.26764 0)
(0.871076 1.23967 -9.27769e-20)
(0.802375 1.20802 3.64273e-20)
(0.722272 1.17765 2.72584e-19)
(0.628246 1.14966 0)
(0.532886 1.13263 2.67974e-21)
(0.490356 1.23218 -3.04611e-21)
(0.568063 1.89845 0)
(0.677954 3.04121 -3.72165e-20)
(0.76816 3.45664 0)
(0.803234 3.50493 -3.41334e-19)
(0.806399 3.42852 8.73995e-19)
(0.799365 3.06007 -3.23932e-19)
(0.55199 2.06941 5.05432e-19)
(-0.356909 0.54588 -1.23751e-18)
(0.388798 0.506463 -1.28709e-20)
(0.84142 1.06205 -2.99898e-19)
(0.991641 1.29596 6.54377e-19)
(1.01253 1.33411 -1.88788e-20)
(0.969199 1.32644 -1.25458e-19)
(0.918541 1.29338 0)
(0.857888 1.26508 4.24826e-19)
(0.790986 1.23338 4.28922e-19)
(0.713126 1.20414 -5.27765e-19)
(0.620916 1.17757 2.87313e-19)
(0.532573 1.17615 1.1109e-19)
(0.515301 1.35485 0)
(0.61532 2.159 -8.00781e-20)
(0.737779 3.1898 9.23225e-20)
(0.821122 3.44085 2.06163e-19)
(0.83452 3.44848 0)
(0.768341 3.24611 -4.30311e-19)
(0.588094 2.45455 5.09654e-19)
(0.144212 0.775421 -6.0716e-19)
(-0.261391 -0.440904 -5.49925e-19)
(0.379278 0.513841 7.01065e-19)
(0.824782 1.08168 -2.88269e-19)
(0.972621 1.32118 4.36423e-19)
(0.994729 1.36096 3.44366e-19)
(0.95218 1.35338 2.42711e-19)
(0.902959 1.32007 6.3484e-19)
(0.843636 1.29145 -8.17366e-19)
(0.778544 1.25997 -5.25202e-19)
(0.703077 1.23071 5.72419e-19)
(0.613577 1.20714 7.40747e-20)
(0.540711 1.21421 5.32255e-20)
(0.550729 1.46467 8.64045e-20)
(0.691687 2.43524 -1.2397e-19)
(0.820236 3.28172 1.83089e-19)
(0.889379 3.42231 -3.01782e-19)
(0.862438 3.35883 3.06379e-19)
(0.728918 2.91516 -7.51175e-19)
(0.479119 1.80669 4.58543e-19)
(0.0754873 0.0928023 0)
(-0.076937 -0.190916 -8.65596e-19)
(0.368986 0.522341 0)
(0.808095 1.10664 -1.08605e-18)
(0.952919 1.3522 2.35898e-20)
(0.975263 1.39159 -6.02854e-19)
(0.933362 1.38257 0)
(0.885677 1.34817 -4.53697e-19)
(0.828415 1.31915 6.95635e-19)
(0.765809 1.28723 4.91313e-19)
(0.69336 1.25905 -6.00203e-19)
(0.606794 1.23784 -2.90407e-19)
(0.545081 1.26349 -1.59038e-19)
(0.587546 1.61888 4.57718e-20)
(0.741927 2.65147 1.27238e-19)
(0.864339 3.3191 1.45752e-19)
(0.908872 3.37409 -3.18982e-19)
(0.841324 3.18668 4.96101e-19)
(0.615728 2.49363 3.45348e-19)
(0.147469 0.570523 -4.09141e-19)
(-0.128787 -0.247638 0)
(-0.111287 -0.209067 0)
(0.35489 0.527247 -6.49014e-19)
(0.78584 1.12508 1.05285e-18)
(0.929724 1.37874 0)
(0.953744 1.42047 0)
(0.912803 1.41163 0)
(0.86743 1.37691 0)
(0.812165 1.34731 -2.96983e-19)
(0.752107 1.31568 -1.48991e-20)
(0.682836 1.28808 -7.85749e-20)
(0.603963 1.27001 -3.85517e-20)
(0.55756 1.31701 3.36949e-19)
(0.631607 1.75526 -1.35018e-19)
(0.81706 2.86959 0)
(0.930761 3.32753 3.81304e-20)
(0.962727 3.32397 5.23285e-19)
(0.826938 2.99119 -2.10387e-19)
(0.464086 1.84576 3.49989e-19)
(0.0254937 0.0308401 2.01059e-19)
(-0.182862 -0.222429 -9.19901e-19)
(-0.0585712 -0.140018 -1.09238e-18)
(0.339276 0.532451 3.18375e-19)
(0.762819 1.14813 4.91348e-19)
(0.905719 1.41136 -9.40496e-21)
(0.930116 1.45335 2.91186e-19)
(0.890285 1.44273 0)
(0.847091 1.40669 7.27887e-19)
(0.794509 1.37665 -1.98967e-19)
(0.73788 1.34444 7.21586e-20)
(0.672653 1.3165 -3.21243e-20)
(0.599792 1.30185 -4.34982e-20)
(0.567757 1.37225 -2.13415e-19)
(0.677639 1.92783 1.82154e-19)
(0.86847 2.99911 1.71599e-19)
(0.962122 3.31173 1.18471e-19)
(0.948333 3.23461 -3.2721e-19)
(0.733499 2.6385 7.26744e-19)
(0.305695 1.13751 -4.26776e-19)
(-0.0758959 -0.23384 5.34713e-19)
(-0.201613 -0.248358 -1.5822e-18)
(-0.0634611 -0.158229 1.1166e-18)
(0.319534 0.53258 -2.97806e-19)
(0.734563 1.16389 0)
(0.877493 1.43762 -3.65986e-19)
(0.903515 1.48352 -5.53776e-19)
(0.865161 1.47328 0)
(0.825513 1.43686 -5.54312e-19)
(0.775531 1.40579 0)
(0.722379 1.37278 -4.15294e-19)
(0.659669 1.34626 2.23807e-19)
(0.597617 1.33703 -4.4722e-19)
(0.584877 1.43921 3.05129e-19)
(0.728845 2.10183 -7.10156e-20)
(0.927492 3.09107 -4.49464e-19)
(1.01316 3.30002 2.39438e-19)
(0.984464 3.12956 -3.04769e-19)
(0.683833 2.34526 -2.28059e-19)
(0.141795 0.354866 5.50254e-19)
(-0.129316 -0.307368 -6.42404e-19)
(-0.142497 -0.260834 -6.41085e-22)
(-0.0669505 -0.131593 -1.15883e-19)
(0.298148 0.531428 5.78255e-19)
(0.705039 1.18298 -4.53835e-19)
(0.847541 1.46892 3.70046e-19)
(0.874242 1.51727 2.63099e-19)
(0.838127 1.50515 2.63906e-20)
(0.801383 1.46703 2.95829e-19)
(0.754757 1.43533 0)
(0.705965 1.40218 -3.18234e-20)
(0.648436 1.37455 0)
(0.595319 1.36937 4.18305e-19)
(0.601284 1.49787 -2.78217e-19)
(0.78096 2.25921 5.88511e-20)
(0.971911 3.14089 4.49839e-19)
(1.03632 3.26607 2.55275e-19)
(0.93308 2.96743 -1.38626e-19)
(0.527758 1.87089 2.33598e-19)
(0.0374727 -0.00203824 -7.68796e-19)
(-0.192343 -0.277475 -4.57452e-19)
(-0.123674 -0.268216 -1.82267e-19)
(-0.0558216 -0.0983837 8.51434e-19)
(0.272389 0.52248 4.16372e-21)
(0.669183 1.19209 2.25195e-19)
(0.812304 1.49199 0)
(0.84112 1.54679 4.91543e-19)
(0.807675 1.53611 -7.41809e-19)
(0.775418 1.49753 2.86815e-19)
(0.731805 1.46437 -2.07495e-19)
(0.688188 1.42881 3.5716e-19)
(0.636164 1.40168 -3.55471e-19)
(0.593176 1.4031 5.36345e-20)
(0.622137 1.56696 -3.42906e-19)
(0.828165 2.38885 -4.74609e-19)
(1.01866 3.17323 4.04095e-20)
(1.06671 3.24112 -4.88946e-19)
(0.941473 2.8174 -2.95437e-19)
(0.502498 1.53531 5.44164e-19)
(-0.0507673 -0.17014 -4.61226e-19)
(-0.203205 -0.275926 2.83909e-19)
(-0.138906 -0.29496 1.39358e-21)
(-0.0368695 -0.0892252 -7.91047e-19)
(0.244404 0.509072 1.05102e-18)
(0.630454 1.20163 -2.19185e-19)
(0.774263 1.51863 -6.35082e-19)
(0.804921 1.57834 5.1549e-19)
(0.775385 1.56688 -3.3386e-19)
(0.746135 1.52626 5.41874e-19)
(0.706887 1.4921 3.58255e-19)
(0.66833 1.45587 0)
(0.622178 1.42714 4.13951e-19)
(0.587988 1.43352 -6.38372e-20)
(0.639153 1.61679 8.13589e-20)
(0.882279 2.48137 4.78855e-19)
(1.06298 3.18534 4.96868e-20)
(1.07822 3.22305 8.6806e-21)
(0.834735 2.6774 -4.2567e-19)
(0.308837 1.02952 -1.73406e-19)
(-0.191796 -0.0467186 4.71103e-19)
(-0.249489 -0.248062 2.64382e-19)
(-0.221755 -0.280852 7.71774e-20)
(-0.00635351 -0.0376348 7.32989e-19)
(0.211783 0.483977 0)
(0.584354 1.19695 2.04289e-19)
(0.729926 1.53453 -2.90622e-19)
(0.764409 1.60452 4.92146e-19)
(0.73913 1.5962 -6.7408e-19)
(0.714011 1.55513 2.74177e-19)
(0.678446 1.51894 0)
(0.646446 1.48039 0)
(0.609903 1.44901 0)
(0.582345 1.46037 1.13164e-19)
(0.656729 1.66845 -1.0613e-19)
(0.926737 2.54047 9.62296e-20)
(1.11203 3.19287 3.72886e-19)
(1.10373 3.21562 3.15036e-19)
(0.799304 2.58355 -5.82259e-19)
(0.129523 0.918106 2.97046e-19)
(-0.406021 -0.0295323 4.35777e-21)
(-0.487939 -0.4555 -7.16873e-19)
(-0.453608 -0.543355 1.18366e-19)
(-0.141825 -0.265329 0)
(0.176969 0.450524 9.47775e-19)
(0.53415 1.18801 -1.9104e-19)
(0.681932 1.55141 4.16155e-21)
(0.720038 1.63062 0)
(0.699512 1.6227 -3.17241e-19)
(0.677554 1.58017 1.7629e-20)
(0.647638 1.54306 0)
(0.621454 1.50175 1.1328e-19)
(0.593113 1.46836 -8.93811e-20)
(0.576803 1.47758 0)
(0.663685 1.68958 0)
(0.972988 2.54639 -2.27942e-19)
(1.19101 3.18299 -4.03005e-19)
(1.18324 3.21267 4.66287e-20)
(0.859862 2.56421 -2.48065e-19)
(0.193876 0.987726 2.73889e-19)
(-0.341332 0.0430003 0)
(-0.610713 -0.749995 -6.71735e-19)
(-0.649236 -1.04439 -9.80699e-19)
(-0.397641 -0.909174 2.56191e-18)
(0.138932 0.401496 7.80236e-19)
(0.476132 1.1582 -1.81457e-19)
(0.626944 1.55277 2.6636e-19)
(0.670773 1.64999 -6.56272e-19)
(0.655811 1.64724 0)
(0.63819 1.60496 0)
(0.61297 1.56465 0)
(0.593524 1.5216 1.08906e-19)
(0.575053 1.48025 -8.58801e-20)
(0.563935 1.48479 0)
(0.6595 1.69276 0)
(1.01713 2.51396 3.66833e-19)
(1.28549 3.15267 -2.36474e-19)
(1.35602 3.18697 1.81925e-19)
(1.11939 2.65509 8.3516e-19)
(0.576747 1.18571 0)
(-0.0393268 0.13435 -2.5011e-19)
(-0.442788 -0.875307 -2.7474e-19)
(-0.639853 -1.32675 2.72752e-18)
(-0.485085 -1.34326 -3.21536e-18)
(0.100404 0.340833 -7.26321e-19)
(0.413303 1.11741 1.85866e-19)
(0.567047 1.55065 5.43021e-19)
(0.615553 1.66543 3.8493e-19)
(0.605763 1.66494 -3.11245e-19)
(0.592884 1.62361 -2.17151e-19)
(0.572498 1.5821 1.55575e-19)
(0.558922 1.53607 0)
(0.550992 1.4894 0)
(0.550488 1.48199 0)
(0.642614 1.66839 -1.84195e-19)
(1.02088 2.40879 -3.35661e-19)
(1.38914 3.06448 2.21781e-19)
(1.56227 3.06053 -1.45144e-19)
(1.48551 2.67401 -1.11871e-19)
(1.16444 1.7087 0)
(0.578526 0.572672 3.48165e-19)
(0.0580493 -0.407654 -1.68911e-18)
(-0.315027 -1.35205 3.68954e-18)
(-0.472573 -1.53547 -1.99323e-18)
(0.0624289 0.265267 7.71291e-19)
(0.342279 1.04531 -6.33746e-19)
(0.499429 1.5251 0)
(0.555154 1.67192 1.88022e-19)
(0.552149 1.68051 1.3857e-19)
(0.54414 1.64221 3.03868e-19)
(0.529649 1.59582 -1.45435e-19)
(0.520756 1.546 0)
(0.514861 1.49442 0)
(0.533518 1.46524 -2.79713e-19)
(0.611648 1.61094 2.43381e-20)
(0.982145 2.26197 1.5821e-19)
(1.34978 2.92689 1.05398e-19)
(1.54108 2.86498 1.21481e-19)
(1.46089 2.61158 -3.41827e-19)
(1.30429 1.96144 1.80835e-19)
(0.844567 0.935382 -1.84133e-19)
(0.404561 -0.0140472 0)
(-0.00596615 -0.829623 2.48199e-20)
(-0.178232 -1.08223 -1.39953e-19)
(0.0281986 0.184691 7.99019e-19)
(0.266408 0.955042 0)
(0.425677 1.48715 0)
(0.48789 1.66699 0)
(0.489918 1.68524 1.17576e-19)
(0.488016 1.65224 -2.93302e-19)
(0.476863 1.60327 -1.3357e-19)
(0.472491 1.55253 0)
(0.471435 1.49035 0)
(0.49432 1.44293 1.7297e-19)
(0.537486 1.54289 7.30002e-20)
(0.828121 1.99134 -6.53433e-20)
(1.21213 2.77186 -7.85091e-20)
(1.35406 2.72901 -1.39116e-19)
(1.33226 2.56597 1.22617e-19)
(1.23421 2.15146 -4.23919e-19)
(0.931993 1.42733 3.90699e-19)
(0.546845 0.613321 0)
(0.187831 -0.114593 -2.31816e-20)
(-0.0541977 -0.524364 -9.18987e-19)
(0.005873 0.117324 -7.64686e-19)
(0.183607 0.819297 2.64045e-19)
(0.345538 1.41494 4.07027e-19)
(0.414625 1.64962 -2.18912e-20)
(0.424764 1.68641 -2.47898e-19)
(0.425598 1.66088 -1.64242e-19)
(0.41965 1.60879 3.73296e-19)
(0.416835 1.55171 -8.39406e-21)
(0.415287 1.48965 0)
(0.435893 1.41926 4.33812e-20)
(0.441466 1.47308 -9.35991e-21)
(0.613014 1.78228 4.4161e-20)
(0.950471 2.58081 0)
(1.05662 2.64711 4.54007e-20)
(1.04157 2.57493 0)
(0.980629 2.33773 9.32924e-20)
(0.818814 1.87145 8.22373e-20)
(0.53619 1.19908 0)
(0.265589 0.577876 0)
(0.0637398 0.125709 -1.22619e-18)
(-0.00192481 0.0592958 6.28324e-19)
(0.106584 0.64915 -2.35702e-19)
(0.266447 1.31283 1.84532e-19)
(0.337479 1.60784 -2.90291e-19)
(0.351649 1.67332 1.12761e-19)
(0.358066 1.66016 -3.86307e-20)
(0.354163 1.60932 2.50451e-20)
(0.356578 1.54862 -4.90653e-20)
(0.339771 1.4917 -3.14772e-20)
(0.361392 1.39882 -2.53381e-20)
(0.349716 1.41795 5.23067e-21)
(0.394912 1.65529 0)
(0.661057 2.41157 6.66524e-21)
(0.750853 2.64523 0)
(0.730009 2.63714 0)
(0.687068 2.53286 0)
(0.603522 2.26112 5.92981e-19)
(0.427339 1.76761 -1.56292e-18)
(0.238328 1.24728 3.11149e-21)
(0.0880163 0.689771 1.11729e-18)
(0.00389699 0.00234234 1.11431e-19)
(0.0428845 0.401652 1.04649e-19)
(0.188419 1.15807 -8.52719e-20)
(0.256215 1.54724 -6.34604e-20)
(0.276638 1.65349 5.09062e-20)
(0.283516 1.65094 3.59693e-20)
(0.283079 1.6096 2.57275e-20)
(0.287307 1.54864 0)
(0.267507 1.48948 -1.31553e-20)
(0.277011 1.40036 -7.94921e-21)
(0.2699 1.40485 1.73256e-20)
(0.237006 1.58622 0)
(0.40901 2.28733 5.60465e-21)
(0.510202 2.67064 -1.38342e-20)
(0.455056 2.74606 0)
(0.413331 2.71797 0)
(0.361771 2.56581 -3.12515e-20)
(0.256693 2.20406 0)
(0.138015 1.73573 -2.55362e-20)
(0.0464577 1.03836 0)
(0.011987 -0.0665418 0)
(0.0115039 0.199187 0)
(0.0991589 0.939156 0)
(0.164463 1.43185 0)
(0.192954 1.60917 -1.25649e-33)
(0.207224 1.6306 9.43984e-34)
(0.211871 1.60702 0)
(0.220286 1.54636 0)
(0.21504 1.48944 0)
(0.203705 1.41975 0)
(0.204502 1.41936 0)
(0.148965 1.55308 0)
(0.243564 2.19329 0)
(0.336196 2.68405 0)
(0.280318 2.82986 0)
(0.238459 2.84285 0)
(0.208475 2.76096 0)
(0.138294 2.49812 0)
(0.0549588 2.07087 0)
(0.00588606 1.2803 0)
(0.00954418 -0.0999702 0)
(-0.00609752 0.166823 0)
(0.0221452 0.813993 0)
(0.0770558 1.33974 0)
(0.107172 1.55954 0)
(0.133727 1.60377 0)
(0.144216 1.59371 0)
(0.16287 1.54171 0)
(0.165117 1.49559 0)
(0.142222 1.44148 0)
(0.147116 1.43419 0)
(0.0882641 1.53631 0)
(0.145266 2.13993 0)
(0.217174 2.69167 0)
(0.174288 2.88584 0)
(0.137086 2.92746 0)
(0.110359 2.87933 0)
(0.0624362 2.65623 0)
(0.0111278 2.22321 0)
(-0.00905174 1.33479 0)
(-0.001518 -0.0881397 0)
(-0.0168212 0.183481 0)
(-0.0232397 0.748617 0)
(0.0121664 1.26392 0)
(0.0395461 1.50425 0)
(0.0724325 1.56964 0)
(0.0894148 1.5715 0)
(0.112673 1.53697 0)
(0.113095 1.50092 0)
(0.0976649 1.46003 0)
(0.0920948 1.44984 0)
(0.0422476 1.52792 0)
(0.0694828 2.09337 0)
(0.13095 2.70091 0)
(0.0924454 2.93113 0)
(0.0615725 3.00214 0)
(0.0424972 2.97713 0)
(0.0115074 2.76599 0)
(-0.0118915 2.33181 0)
(-0.015046 1.31629 0)
(-0.00512874 -0.0442823 0)
(-0.0265115 0.239959 0)
(-0.0476202 0.748672 0)
(-0.0287625 1.20164 0)
(-0.00285573 1.44124 0)
(0.030848 1.52529 0)
(0.0535529 1.54057 0)
(0.0763912 1.52912 0)
(0.0798267 1.49744 0)
(0.0781672 1.4759 0)
(0.0505824 1.47377 0)
(0.0116234 1.5329 0)
(0.00358308 2.05963 0)
(0.0637445 2.71393 0)
(0.0212373 2.97077 0)
(0.00499431 3.06173 0)
(-0.00633426 3.03397 0)
(-0.0216937 2.82097 0)
(-0.035705 2.33553 0)
(-0.0177774 1.24756 0)
(-0.00596079 0.0168373 0)
(-0.0290518 0.321522 0)
(-0.0547167 0.766192 0)
(-0.047776 1.1552 0)
(-0.0241663 1.37735 0)
(0.00661358 1.47317 0)
(0.0353241 1.50087 0)
(0.0593382 1.51263 0)
(0.0725232 1.48852 0)
(0.0784142 1.49065 0)
(0.0393055 1.50683 0)
(-0.00875232 1.55777 0)
(-0.0390246 2.03624 0)
(0.00808724 2.71487 0)
(-0.0260325 2.9958 0)
(-0.0262358 3.08888 0)
(-0.0321825 3.05572 0)
(-0.0419654 2.84115 0)
(-0.0436659 2.3116 0)
(-0.0229385 1.12484 0)
(-0.00531313 0.0769294 0)
(-0.0248217 0.400575 0)
(-0.0513181 0.798865 0)
(-0.0507244 1.12738 0)
(-0.0317963 1.32305 0)
(-0.00185682 1.42023 0)
(0.0296003 1.45685 0)
(0.0616932 1.48432 0)
(0.0805931 1.47772 0)
(0.093724 1.50093 0)
(0.0656581 1.54388 0)
(-0.00483181 1.59651 0)
(-0.0496061 2.02961 0)
(-0.0125502 2.71682 0)
(-0.0420646 3.0043 0)
(-0.0376931 3.09535 0)
(-0.0485944 3.0671 0)
(-0.0579652 2.83639 0)
(-0.050301 2.25897 0)
(-0.0266893 0.979397 0)
(-0.00340741 0.124972 0)
(-0.0174328 0.466985 0)
(-0.0389083 0.837867 0)
(-0.0413311 1.11218 0)
(-0.0264166 1.2785 0)
(0.00581184 1.36804 0)
(0.0392223 1.40947 0)
(0.0863314 1.4441 0)
(0.114478 1.45536 0)
(0.138674 1.50303 0)
(0.132516 1.58502 0)
(0.0373868 1.65614 0)
(-0.0449492 2.03303 0)
(-0.0106793 2.71937 0)
(-0.0417465 3.01564 0)
(-0.0463302 3.1083 0)
(-0.0615155 3.08812 0)
(-0.0708459 2.8203 0)
(-0.0547353 2.16298 0)
(-0.0227019 0.828348 0)
(-0.00136855 0.155875 0)
(-0.00996317 0.513157 0)
(-0.023676 0.86706 0)
(-0.0243372 1.10101 0)
(-0.00999058 1.23622 0)
(0.0267556 1.31032 0)
(0.065556 1.35099 0)
(0.1315 1.38675 0)
(0.173163 1.41298 0)
(0.239624 1.48963 0)
(0.216162 1.63091 0)
(0.114954 1.75061 0)
(-0.0359772 2.05671 0)
(-0.00471485 2.73096 0)
(-0.0466036 3.04083 0)
(-0.0552105 3.14184 0)
(-0.0722335 3.1053 0)
(-0.0675516 2.80173 0)
(-0.053642 2.08072 0)
(-0.0127567 0.697834 0)
(0.000358062 0.169201 0)
(-0.00356935 0.538646 0)
(-0.00984761 0.879133 0)
(-0.00566458 1.08492 0)
(0.0117219 1.18893 0)
(0.0532456 1.24285 0)
(0.1004 1.2768 0)
(0.181675 1.30807 0)
(0.237329 1.34919 0)
(0.338049 1.46425 0)
(0.296775 1.69265 0)
(0.191596 1.88471 0)
(-0.0378049 2.12711 0)
(-0.0201368 2.75293 0)
(-0.0715087 3.08009 0)
(-0.0715522 3.17291 0)
(-0.0831678 3.10417 0)
(-0.0630317 2.76647 0)
(-0.0511924 2.00039 0)
(0.00078863 0.599663 0)
(0.00176263 0.168601 0)
(0.0019726 0.546395 0)
(0.000187329 0.87579 0)
(0.0103392 1.05652 0)
(0.0328791 1.1329 0)
(0.0775475 1.16647 0)
(0.133045 1.18927 0)
(0.221811 1.21261 0)
(0.296783 1.26838 0)
(0.404532 1.42968 0)
(0.356051 1.77307 0)
(0.241867 2.056 0)
(-0.0285138 2.25849 0)
(-0.0519863 2.79461 0)
(-0.0940875 3.10932 0)
(-0.101445 3.17971 0)
(-0.098682 3.0821 0)
(-0.0904534 2.70411 0)
(-0.0481324 1.83807 0)
(0.00969704 0.531991 0)
(0.00304093 0.156733 0)
(0.00488481 0.543981 0)
(0.00624844 0.860762 0)
(0.0201115 1.01604 0)
(0.0464065 1.06912 0)
(0.0906633 1.08454 0)
(0.150271 1.09315 0)
(0.238941 1.10755 0)
(0.327955 1.18031 0)
(0.422158 1.39742 0)
(0.379885 1.86427 0)
(0.275872 2.23605 0)
(0.0275303 2.40625 0)
(-0.0521013 2.85455 0)
(-0.104506 3.1488 0)
(-0.129042 3.19 0)
(-0.12948 3.06586 0)
(-0.133676 2.61983 0)
(-0.0406962 1.58739 0)
(0.00550024 0.48039 0)
(0.00339216 0.139178 0)
(0.00573534 0.537149 0)
(0.00705379 0.841007 0)
(0.0211239 0.971109 0)
(0.046173 1.00536 0)
(0.0850404 1.00503 0)
(0.140754 0.997856 0)
(0.220901 1.00429 0)
(0.304537 1.09158 0)
(0.395226 1.37767 0)
(0.354413 1.94375 0)
(0.289496 2.38372 0)
(0.0821246 2.5757 0)
(-0.0694392 2.9692 0)
(-0.141399 3.21353 0)
(-0.175633 3.23573 0)
(-0.196423 3.04618 0)
(-0.153258 2.45816 0)
(-0.031214 1.33341 0)
(-0.00346632 0.427307 0)
(0.00287062 0.123066 0)
(0.00378841 0.534799 0)
(0.00169 0.826726 0)
(0.0115965 0.933845 0)
(0.0281448 0.953447 0)
(0.055214 0.939625 0)
(0.0951144 0.91926 0)
(0.15184 0.919856 0)
(0.208691 1.01687 0)
(0.272628 1.36186 0)
(0.251944 1.99798 0)
(0.21387 2.50562 0)
(-0.0152942 2.80013 0)
(-0.185677 3.17634 0)
(-0.255064 3.32012 0)
(-0.285212 3.28253 0)
(-0.267257 2.95179 0)
(-0.143106 2.11041 0)
(-0.0319389 1.12507 0)
(-0.00837615 0.358006 0)
(0.00180577 0.114555 0)
(-0.000501927 0.543812 0)
(-0.00746668 0.82611 0)
(-0.00675995 0.917438 0)
(-0.00430524 0.927721 0)
(0.00481093 0.903811 0)
(0.0174514 0.877172 0)
(0.0339253 0.875443 0)
(0.0443174 0.988411 0)
(0.0329913 1.36931 0)
(-0.00911227 2.05074 0)
(-0.0370645 2.66363 0)
(-0.284479 3.03192 0)
(-0.358485 3.31388 0)
(-0.395423 3.37763 0)
(-0.363763 3.22355 0)
(-0.267969 2.74631 0)
(-0.0957852 1.78044 0)
(-0.0309731 0.967025 0)
(-0.00865598 0.27855 0)
(4.9824e-05 0.117893 0)
(-0.0063141 0.571688 0)
(-0.0205732 0.84729 0)
(-0.0294852 0.928129 0)
(-0.0470991 0.935702 0)
(-0.0586477 0.907897 0)
(-0.0779078 0.881611 0)
(-0.108309 0.886357 0)
(-0.15864 1.01724 0)
(-0.238048 1.41783 0)
(-0.334875 2.11751 0)
(-0.361869 2.80194 0)
(-0.533891 3.14228 0)
(-0.523824 3.31699 0)
(-0.483554 3.32589 0)
(-0.397506 3.04766 0)
(-0.180387 2.2798 0)
(-0.0519265 1.54964 0)
(-0.0184265 0.86127 0)
(-0.00536785 0.215691 0)
(-0.00170606 0.135126 0)
(-0.0118494 0.616529 0)
(-0.0333114 0.897948 0)
(-0.0538102 0.976243 0)
(-0.0876774 0.982102 0)
(-0.120549 0.956601 0)
(-0.170073 0.93598 0)
(-0.241816 0.949359 0)
(-0.342674 1.09201 0)
(-0.466797 1.50411 0)
(-0.601866 2.19745 0)
(-0.612568 2.85249 0)
(-0.661304 3.13243 0)
(-0.602741 3.23452 0)
(-0.503573 3.17907 0)
(-0.299661 2.62264 0)
(-0.0889892 1.91343 0)
(-0.0249978 1.40619 0)
(-0.00757834 0.806373 0)
(-0.00269995 0.181757 0)
(-0.00288689 0.164517 0)
(-0.0159123 0.675468 0)
(-0.0423652 0.967387 0)
(-0.0724776 1.0506 0)
(-0.1192 1.0585 0)
(-0.170265 1.04042 0)
(-0.243223 1.03064 0)
(-0.344097 1.05529 0)
(-0.475198 1.20236 0)
(-0.616302 1.60691 0)
(-0.736322 2.27033 0)
(-0.728482 2.82491 0)
(-0.701008 3.04559 0)
(-0.569468 3.11219 0)
(-0.404012 2.85327 0)
(-0.132065 2.19808 0)
(-0.0297694 1.71192 0)
(-0.000384419 1.33817 0)
(0.0015306 0.791363 0)
(0.000161522 0.173013 0)
(-0.00335951 0.200787 0)
(-0.0171316 0.742205 0)
(-0.0458104 1.05393 0)
(-0.0809556 1.14721 0)
(-0.134474 1.16157 0)
(-0.195655 1.15238 0)
(-0.28054 1.15443 0)
(-0.394402 1.18886 0)
(-0.536206 1.33043 0)
(-0.678718 1.70004 0)
(-0.75445 2.3163 0)
(-0.741087 2.76027 0)
(-0.639618 2.93012 0)
(-0.430077 2.83447 0)
(-0.211354 2.44582 0)
(-0.0149595 1.94333 0)
(0.0089352 1.63144 0)
(0.0189623 1.32482 0)
(0.00964945 0.804064 0)
(0.00250715 0.185502 0)
(-0.00333486 0.238489 0)
(-0.0160651 0.808253 0)
(-0.044209 1.14351 0)
(-0.0810927 1.24877 0)
(-0.1364 1.27125 0)
(-0.200898 1.27105 0)
(-0.287444 1.2846 0)
(-0.400427 1.32848 0)
(-0.537567 1.46246 0)
(-0.662498 1.78354 0)
(-0.728274 2.32439 0)
(-0.667717 2.66294 0)
(-0.457272 2.70412 0)
(-0.243905 2.52605 0)
(-0.0560908 2.16534 0)
(0.0406713 1.82965 0)
(0.0340007 1.62092 0)
(0.027005 1.33741 0)
(0.0136793 0.843681 0)
(0.00302595 0.211404 0)
(-0.00291929 0.272892 0)
(-0.0133562 0.868077 0)
(-0.0381668 1.23294 0)
(-0.0726834 1.35459 0)
(-0.124048 1.38553 0)
(-0.18438 1.39187 0)
(-0.263029 1.4125 0)
(-0.36196 1.46043 0)
(-0.479902 1.58108 0)
(-0.570714 1.85086 0)
(-0.614156 2.28757 0)
(-0.47349 2.49766 0)
(-0.265443 2.46589 0)
(-0.0918794 2.2895 0)
(0.029389 2.00664 0)
(0.059399 1.80404 0)
(0.045043 1.63719 0)
(0.0293585 1.38293 0)
(0.0126725 0.886328 0)
(0.00308364 0.24067 0)
(-0.00234523 0.30106 0)
(-0.0103176 0.916386 0)
(-0.0307938 1.30721 0)
(-0.0616782 1.44398 0)
(-0.107178 1.48214 0)
(-0.161012 1.49343 0)
(-0.228475 1.51788 0)
(-0.309429 1.56657 0)
(-0.400761 1.67133 0)
(-0.461947 1.89052 0)
(-0.439082 2.21463 0)
(-0.299935 2.34911 0)
(-0.128147 2.2845 0)
(-0.00686381 2.13896 0)
(0.057962 1.94097 0)
(0.0617179 1.80777 0)
(0.0437172 1.67986 0)
(0.0246523 1.43229 0)
(0.0107005 0.923454 0)
(0.00273389 0.268183 0)
(-0.00171919 0.322631 0)
(-0.00733922 0.955065 0)
(-0.0227718 1.37353 0)
(-0.0481345 1.52957 0)
(-0.0849245 1.57386 0)
(-0.129081 1.58736 0)
(-0.18268 1.61053 0)
(-0.244387 1.65366 0)
(-0.309967 1.73631 0)
(-0.349613 1.89941 0)
(-0.303821 2.1331 0)
(-0.177335 2.21891 0)
(-0.0499676 2.1496 0)
(0.0272872 2.04361 0)
(0.0567619 1.91512 0)
(0.053221 1.82604 0)
(0.0332607 1.72341 0)
(0.0183284 1.47179 0)
(0.00823755 0.953739 0)
(0.00211019 0.291274 0)
(-0.00120173 0.337586 0)
(-0.00503692 0.981261 0)
(-0.0164301 1.41798 0)
(-0.03753 1.58801 0)
(-0.0675906 1.63629 0)
(-0.104521 1.6518 0)
(-0.147634 1.67316 0)
(-0.195415 1.71118 0)
(-0.242703 1.77725 0)
(-0.268153 1.89691 0)
(-0.221559 2.06248 0)
(-0.113569 2.12291 0)
(-0.0214565 2.06742 0)
(0.0273162 1.99642 0)
(0.0446552 1.91425 0)
(0.035088 1.85488 0)
(0.0217072 1.75774 0)
(0.0117117 1.49884 0)
(0.0054665 0.974767 0)
(0.00138958 0.307876 0)
(-0.000777496 0.348164 0)
(-0.00320541 1.00249 0)
(-0.010851 1.46011 0)
(-0.0265029 1.64887 0)
(-0.0484918 1.70153 0)
(-0.0760685 1.71701 0)
(-0.107364 1.73359 0)
(-0.141367 1.76253 0)
(-0.173323 1.80983 0)
(-0.189474 1.89041 0)
(-0.154096 1.99822 0)
(-0.0743784 2.0389 0)
(-0.012299 2.00101 0)
(0.0174972 1.95798 0)
(0.0273669 1.91086 0)
(0.021364 1.87066 0)
(0.0137314 1.77888 0)
(0.00750756 1.51536 0)
(0.00367003 0.988559 0)
(0.000912757 0.318964 0)
(-0.000519018 0.354226 0)
(-0.0021219 1.01318 0)
(-0.00781898 1.47928 0)
(-0.0207573 1.6761 0)
(-0.0391286 1.73094 0)
(-0.0625537 1.74695 0)
(-0.088439 1.76136 0)
(-0.115828 1.78615 0)
(-0.140292 1.82475 0)
(-0.151496 1.88586 0)
(-0.124286 1.963 0)
(-0.0629519 1.99557 0)
(-0.0167799 1.97228 0)
(0.00472947 1.94576 0)
(0.012718 1.91406 0)
(0.0103159 1.88156 0)
(0.00711843 1.79146 0)
(0.00416988 1.52478 0)
(0.00224155 0.997376 0)
(0.000534727 0.326253 0)
(-0.000297698 0.35929 0)
(-0.00123709 1.02609 0)
(-0.0046343 1.50881 0)
(-0.0130254 1.72208 0)
(-0.0248066 1.7817 0)
(-0.0399402 1.79662 0)
(-0.0560997 1.80595 0)
(-0.0733869 1.82154 0)
(-0.0881879 1.8453 0)
(-0.0952905 1.88068 0)
(-0.0813238 1.92265 0)
(-0.0479139 1.9409 0)
(-0.0214974 1.93038 0)
(-0.00762369 1.91841 0)
(-0.000115103 1.90332 0)
(0.00158944 1.88007 0)
(0.00176675 1.79385 0)
(0.00123571 1.52734 0)
(0.000715545 1.00083 0)
(0.000163958 0.329638 0)
(-0.262824 1.64298 1.79523e-22)
(0.41251 3.2628 -1.76893e-19)
(0.0974086 3.48666 2.72557e-19)
(0.209333 3.44955 0)
(0.173133 3.3979 0)
(0.167916 3.34768 -1.86774e-19)
(0.170435 3.32166 2.38422e-19)
(0.142523 3.27183 -2.51664e-19)
(0.122524 3.16952 5.09041e-21)
(0.112783 2.56594 4.00001e-19)
(-0.104021 2.3771 5.64142e-23)
(0.142932 3.31688 1.74679e-19)
(0.0149876 3.4495 0)
(0.105775 3.39922 0)
(0.0818761 3.35113 5.54009e-21)
(0.0878899 3.31071 4.18527e-19)
(0.0831923 3.27464 -2.53157e-19)
(0.057654 3.23684 -4.83146e-21)
(0.0550924 3.07594 4.61115e-21)
(0.00196272 2.07895 0)
(-0.0272331 2.10064 9.46585e-21)
(0.0923837 3.15645 -1.05897e-20)
(0.0328437 3.35494 0)
(0.0802864 3.32995 1.87785e-19)
(0.0590065 3.30507 -1.48009e-21)
(0.0603381 3.2819 -2.30583e-19)
(0.0504369 3.26677 -3.22588e-19)
(0.0348363 3.24374 -2.38176e-22)
(0.0431371 3.11574 4.78547e-21)
(-0.0161645 2.20783 0)
(-0.0393719 2.03933 4.42884e-20)
(0.0311987 3.12951 0)
(-0.00960786 3.31493 -1.01534e-19)
(0.0269354 3.31027 -6.58468e-20)
(0.020149 3.28646 8.67379e-21)
(0.0268294 3.26229 -1.68718e-19)
(0.0309734 3.24475 1.44729e-19)
(0.0238648 3.23241 -5.57808e-21)
(0.0435915 3.12307 7.49156e-21)
(0.00792215 2.24793 1.97685e-19)
(-0.0460158 2.03512 -5.60211e-20)
(0.016887 3.09604 0)
(-0.00414858 3.27034 2.35093e-19)
(0.0165619 3.26339 -1.34473e-19)
(0.0165288 3.24898 -7.2882e-22)
(0.0198829 3.23715 -7.87806e-21)
(0.022473 3.23339 -1.53546e-20)
(0.0232397 3.22303 -2.05167e-19)
(0.0439169 3.12595 5.58794e-21)
(-0.00308579 2.31074 -4.18738e-19)
(-0.0522639 2.08862 0)
(-0.00781192 3.08899 -1.45172e-19)
(-0.02698 3.24561 2.25058e-20)
(-0.0122552 3.2482 -1.03526e-20)
(-0.00348589 3.23305 1.06395e-20)
(0.00460597 3.22024 1.78594e-19)
(0.0175519 3.21018 1.89829e-19)
(0.0218965 3.20509 4.08591e-19)
(0.0429392 3.12355 2.30325e-19)
(0.0109433 2.35344 -1.6405e-20)
(-0.0480572 2.14706 0)
(-0.0182596 3.08482 1.50163e-19)
(-0.0177267 3.21503 -1.59961e-19)
(-0.0103707 3.21315 -1.16495e-20)
(0.000788957 3.20257 2.42424e-20)
(0.00859254 3.19551 3.78963e-22)
(0.0165532 3.19579 -1.32514e-20)
(0.0222374 3.19046 -2.16036e-19)
(0.0427235 3.12072 -2.24463e-19)
(0.00380372 2.41923 -1.70983e-20)
(-0.0500063 2.22743 1.87033e-19)
(-0.0280625 3.08544 -8.6754e-21)
(-0.0314988 3.19476 6.00655e-21)
(-0.0229678 3.1961 0)
(-0.0126309 3.18593 0)
(-0.00104033 3.1783 0)
(0.0142464 3.17113 0)
(0.0210269 3.1693 2.51424e-19)
(0.0410871 3.11261 -2.60617e-19)
(0.0156074 2.46368 2.54276e-19)
(-0.044552 2.31055 2.54384e-20)
(-0.0324726 3.08698 2.11053e-19)
(-0.0202731 3.17001 0)
(-0.01447 3.16554 -1.40465e-20)
(-0.00386137 3.15764 1.43686e-20)
(0.00561545 3.1529 0)
(0.0144517 3.15457 -7.91522e-21)
(0.0207675 3.15244 -2.43966e-19)
(0.0403494 3.10893 2.61546e-19)
(0.010316 2.53285 0)
(-0.0450649 2.40112 1.75816e-20)
(-0.0363589 3.08545 -3.26407e-19)
(-0.0303086 3.14992 0)
(-0.0224889 3.14712 0)
(-0.0135062 3.13936 1.5832e-20)
(-0.00217423 3.13398 -1.35109e-19)
(0.0122402 3.1285 -1.677e-20)
(0.0193666 3.1294 1.44992e-19)
(0.0384047 3.09618 0)
(0.0194028 2.58103 0)
(-0.0386801 2.49373 -3.4715e-19)
(-0.0381291 3.0837 1.1734e-19)
(-0.0201525 3.12443 0)
(-0.0130318 3.11616 0)
(-0.0035527 3.10941 0)
(0.00566109 3.10628 2.81008e-19)
(0.0138807 3.10919 0)
(0.0201127 3.1104 -1.54772e-19)
(0.0380039 3.09038 9.64466e-21)
(0.0148138 2.65372 1.65225e-19)
(-0.0386711 2.58666 1.25766e-19)
(-0.040466 3.07406 -1.23939e-20)
(-0.0300403 3.10107 1.50198e-19)
(-0.0213143 3.09506 1.46378e-19)
(-0.0124132 3.08856 0)
(-0.000869715 3.08452 -1.45671e-19)
(0.0130463 3.08087 0)
(0.0211862 3.08458 0)
(0.0383532 3.07224 0)
(0.0224372 2.70643 -1.65992e-19)
(-0.0342258 2.68092 -1.38407e-19)
(-0.0428438 3.06377 1.43148e-19)
(-0.0230466 3.0721 -1.41679e-19)
(-0.0131182 3.06198 -2.25043e-19)
(-0.00290905 3.05681 0)
(0.00724038 3.05521 2.02515e-20)
(0.0163064 3.05916 -1.03243e-20)
(0.0247262 3.06291 7.77903e-20)
(0.041792 3.06152 9.64921e-20)
(0.0207004 2.78034 -9.94623e-20)
(-0.0352238 2.77009 1.41977e-19)
(-0.0468824 3.04318 -1.37399e-19)
(-0.0330452 3.04546 9.90364e-21)
(-0.0208841 3.04037 5.77383e-20)
(-0.0110061 3.03642 -8.4155e-20)
(0.000280602 3.0341 0)
(0.014303 3.03158 9.05939e-20)
(0.025769 3.03564 4.95027e-21)
(0.0445304 3.03669 -1.88094e-19)
(0.0287728 2.83263 -6.54982e-21)
(-0.0289627 2.85732 -4.1986e-20)
(-0.0437061 3.02331 1.01538e-20)
(-0.0227832 3.01807 -5.28484e-20)
(-0.0110121 3.01452 2.16569e-20)
(-0.00219548 3.01408 1.02736e-19)
(0.00628966 3.01348 -4.39093e-20)
(0.013936 3.01464 -4.30439e-20)
(0.0232646 3.01682 -4.48681e-20)
(0.0419172 3.02172 9.71998e-20)
(0.0246916 2.90025 4.69161e-20)
(-0.0178904 2.93829 3.37325e-20)
(-0.0261775 2.999 1.49333e-20)
(-0.0162655 3.00048 2.90933e-20)
(-0.00939929 3.0017 -5.96363e-20)
(-0.00410714 3.00263 2.02206e-20)
(0.000632238 3.00218 4.09429e-20)
(0.00581448 3.0006 -4.2707e-20)
(0.010776 2.99896 -4.48278e-20)
(0.0217838 2.99725 6.1397e-21)
(0.0166006 2.94918 4.34397e-20)
)
;

boundaryField
{
    wall-4
    {
        type            noSlip;
    }
    pressure-outlet-7
    {
        type            zeroGradient;
    }
    velocity-inlet-6
    {
        type            fixedValue;
        value           uniform (0 3 0);
    }
    velocity-inlet-5
    {
        type            fixedValue;
        value           uniform (1 0 0);
    }
    frontAndBackPlanes
    {
        type            empty;
    }
}


// ************************************************************************* //
