/*--------------------------------*- C++ -*----------------------------------*\
| =========                 |                                                 |
| \\      /  F ield         | OpenFOAM: The Open Source CFD Toolbox           |
|  \\    /   O peration     | Version:  4.0                                   |
|   \\  /    A nd           | Web:      www.OpenFOAM.org                      |
|    \\/     M anipulation  |                                                 |
\*---------------------------------------------------------------------------*/
FoamFile
{
    version     2.0;
    format      ascii;
    class       volVectorField;
    location    "19";
    object      U;
}
// * * * * * * * * * * * * * * * * * * * * * * * * * * * * * * * * * * * * * //

dimensions      [0 1 -1 0 0 0 0];

internalField   nonuniform List<vector> 
2200
(
(0.878678 -0.030387 0)
(1.00568 -0.0513069 0)
(1.00289 -0.0353919 0)
(0.99996 -0.0245106 0)
(0.999847 -0.0168299 0)
(1.00012 -0.0109774 0)
(1.00014 -0.00700934 0)
(1.0001 -0.00417975 0)
(1.00009 -0.00215897 0)
(1.00016 -0.000686102 0)
(1.00009 0.00081371 0)
(1.00011 0.00233752 0)
(1.0001 0.004331 0)
(1.00017 0.0071988 0)
(1.00016 0.0111116 0)
(0.999881 0.0169513 0)
(1 0.0245999 0)
(1.00294 0.0354621 0)
(1.00567 0.0513295 0)
(0.878666 0.0304107 0)
(0.712209 -0.0327112 0)
(0.996656 -0.0628491 0)
(1.03357 -0.0560161 0)
(1.02488 -0.046025 0)
(1.01548 -0.0355553 0)
(1.00942 -0.0258905 0)
(1.006 -0.0177983 0)
(1.00399 -0.0113176 0)
(1.00271 -0.00601266 0)
(1.00207 -0.00161978 0)
(1.00204 0.00230597 0)
(1.00265 0.00668763 0)
(1.00398 0.011938 0)
(1.00592 0.0182638 0)
(1.00929 0.0263148 0)
(1.01536 0.0358816 0)
(1.02473 0.0462696 0)
(1.03335 0.0561986 0)
(0.996509 0.0630009 0)
(0.712017 0.0327388 0)
(0.5362 -0.0238705 0)
(0.970211 -0.0567339 0)
(1.05667 -0.054365 0)
(1.05268 -0.0484271 0)
(1.03662 -0.0398723 0)
(1.0245 -0.0314156 0)
(1.01575 -0.0233273 0)
(1.01 -0.0158776 0)
(1.00668 -0.00900663 0)
(1.0053 -0.00262311 0)
(1.00528 0.0037565 0)
(1.00664 0.010032 0)
(1.00982 0.016755 0)
(1.01549 0.0240932 0)
(1.02422 0.0319979 0)
(1.03631 0.0403739 0)
(1.05239 0.0488777 0)
(1.05645 0.0546127 0)
(0.969722 0.0569776 0)
(0.535539 0.0239351 0)
(0.393246 -0.0134557 0)
(0.912255 -0.0460918 0)
(1.05795 -0.0465976 0)
(1.07004 -0.0441079 0)
(1.0554 -0.0380159 0)
(1.03936 -0.0313045 0)
(1.02743 -0.0245352 0)
(1.01907 -0.0172984 0)
(1.01387 -0.0100241 0)
(1.01142 -0.00283299 0)
(1.01133 0.00445036 0)
(1.01362 0.0114749 0)
(1.0187 0.0185342 0)
(1.02698 0.0255739 0)
(1.0389 0.0322815 0)
(1.05498 0.0388545 0)
(1.0695 0.0448098 0)
(1.05706 0.0472137 0)
(0.911096 0.0463822 0)
(0.391865 0.0135449 0)
(0.310549 -0.00428862 0)
(0.848691 -0.0315068 0)
(1.0498 -0.0387399 0)
(1.07912 -0.0370084 0)
(1.06821 -0.0328656 0)
(1.05177 -0.027617 0)
(1.03814 -0.0224545 0)
(1.02769 -0.0165356 0)
(1.02082 -0.0098717 0)
(1.0174 -0.00257162 0)
(1.01719 0.00481651 0)
(1.02032 0.0119875 0)
(1.02707 0.0184388 0)
(1.03745 0.0241838 0)
(1.05101 0.029031 0)
(1.06731 0.0339966 0)
(1.07808 0.0378705 0)
(1.04842 0.0394021 0)
(0.846538 0.0318343 0)
(0.308458 0.00436321 0)
(0.268929 0.000286209 0)
(0.793921 -0.0191029 0)
(1.03484 -0.0294329 0)
(1.08308 -0.0297212 0)
(1.07648 -0.0266653 0)
(1.06064 -0.0223664 0)
(1.04708 -0.0183702 0)
(1.03595 -0.0137743 0)
(1.02792 -0.00841376 0)
(1.02335 -0.0019047 0)
(1.02314 0.00472076 0)
(1.02733 0.0110406 0)
(1.035 0.0161096 0)
(1.04588 0.0202945 0)
(1.05922 0.0239872 0)
(1.07504 0.0280443 0)
(1.08139 0.0308291 0)
(1.03264 0.030254 0)
(0.790713 0.0194924 0)
(0.266128 -0.00021314 0)
(0.246609 0.00134373 0)
(0.746022 -0.0114426 0)
(1.01715 -0.0232821 0)
(1.08385 -0.0245715 0)
(1.08154 -0.0219986 0)
(1.06642 -0.0182176 0)
(1.05352 -0.0146512 0)
(1.04338 -0.010557 0)
(1.03553 -0.00607855 0)
(1.03057 -0.000885952 0)
(1.0303 0.00450012 0)
(1.03472 0.00937664 0)
(1.0421 0.0134438 0)
(1.05185 0.0171859 0)
(1.06473 0.0204226 0)
(1.0796 0.0238206 0)
(1.08149 0.0260953 0)
(1.01366 0.0243953 0)
(0.741013 0.0119229 0)
(0.242852 -0.00123115 0)
(0.23448 0.00116597 0)
(0.705985 -0.00650344 0)
(0.99779 -0.0182526 0)
(1.08262 -0.0201963 0)
(1.08512 -0.0182264 0)
(1.07087 -0.0151856 0)
(1.05762 -0.0117879 0)
(1.04738 -0.00819666 0)
(1.03973 -0.00425057 0)
(1.03521 -3.17996e-05 0)
(1.03471 0.00461705 0)
(1.03838 0.00852509 0)
(1.04537 0.0120322 0)
(1.05551 0.015103 0)
(1.06829 0.0179114 0)
(1.08227 0.0205061 0)
(1.07924 0.0220314 0)
(0.992878 0.0194853 0)
(0.699173 0.00702869 0)
(0.229701 -0.00101995 0)
(0.229297 0.000796348 0)
(0.678364 -0.00250533 0)
(0.980341 -0.0118235 0)
(1.07967 -0.0139561 0)
(1.08706 -0.0132192 0)
(1.07333 -0.0112644 0)
(1.05948 -0.00911237 0)
(1.04884 -0.00633176 0)
(1.04124 -0.00292293 0)
(1.03697 0.000806133 0)
(1.03629 0.00511463 0)
(1.03947 0.00846504 0)
(1.04641 0.0113062 0)
(1.05607 0.0133193 0)
(1.06984 0.0147404 0)
(1.08314 0.0161395 0)
(1.07473 0.0162154 0)
(0.973174 0.0132935 0)
(0.669445 0.00315991 0)
(0.223147 -0.000642677 0)
(0.228633 0.000486329 0)
(0.663976 -9.00158e-05 0)
(0.966655 -0.00588432 0)
(1.07576 -0.00794658 0)
(1.08799 -0.00818895 0)
(1.07554 -0.00720197 0)
(1.06149 -0.00611325 0)
(1.05068 -0.0042673 0)
(1.04288 -0.0015281 0)
(1.03856 0.0018175 0)
(1.03777 0.00557914 0)
(1.04076 0.00830095 0)
(1.04744 0.0102477 0)
(1.05774 0.0110041 0)
(1.07129 0.0115068 0)
(1.08266 0.0115689 0)
(1.06918 0.0105156 0)
(0.957515 0.00761095 0)
(0.65262 0.000873764 0)
(0.220926 -0.00029757 0)
(0.229812 0.000221224 0)
(0.658271 0.00059786 0)
(0.958113 -0.00244367 0)
(1.07268 -0.00422513 0)
(1.08845 -0.00485948 0)
(1.07784 -0.0045242 0)
(1.06467 -0.00367522 0)
(1.05449 -0.00218525 0)
(1.04681 2.5088e-05 0)
(1.04213 0.00291047 0)
(1.04089 0.00598025 0)
(1.04342 0.00819424 0)
(1.04969 0.00948584 0)
(1.05907 0.0104748 0)
(1.07116 0.00988407 0)
(1.08126 0.00916302 0)
(1.06383 0.00761646 0)
(0.946266 0.00470371 0)
(0.64406 0.000410589 0)
(0.22012 7.85777e-06 0)
(0.23119 -7.37322e-06 0)
(0.657003 0.000713475 0)
(0.953721 -0.000845618 0)
(1.07029 -0.00263109 0)
(1.08828 -0.00338677 0)
(1.07882 -0.00330708 0)
(1.06709 -0.00275374 0)
(1.05782 -0.000952801 0)
(1.05087 0.00139593 0)
(1.04641 0.00442267 0)
(1.04482 0.00726727 0)
(1.04658 0.00943429 0)
(1.05159 0.010442 0)
(1.05896 0.0107612 0)
(1.07028 0.00981297 0)
(1.07881 0.00870404 0)
(1.05871 0.00675338 0)
(0.937942 0.00376999 0)
(0.638678 0.000717305 0)
(0.219027 0.000165168 0)
(0.232575 0.000139255 0)
(0.657282 0.000887366 0)
(0.94986 0.000220341 0)
(1.06744 -0.00115342 0)
(1.08673 -0.0021613 0)
(1.07851 -0.00244178 0)
(1.06766 -0.00187346 0)
(1.059 -6.89388e-05 0)
(1.05246 0.00242628 0)
(1.04808 0.00576936 0)
(1.04619 0.00876704 0)
(1.04732 0.0111079 0)
(1.0514 0.0119732 0)
(1.05816 0.0115962 0)
(1.06825 0.0106832 0)
(1.07447 0.00899474 0)
(1.05237 0.00639979 0)
(0.930023 0.00324929 0)
(0.633546 0.000843718 0)
(0.217016 0.000202732 0)
(0.234582 0.00032368 0)
(0.658606 0.00120275 0)
(0.947488 0.00157299 0)
(1.06443 0.000241577 0)
(1.08486 -0.000884883 0)
(1.07826 -0.00130875 0)
(1.06842 -0.00048689 0)
(1.06034 0.00142847 0)
(1.05393 0.0041407 0)
(1.04927 0.00761884 0)
(1.04696 0.0106019 0)
(1.04754 0.0128602 0)
(1.05083 0.0134966 0)
(1.05663 0.0131011 0)
(1.06487 0.0116122 0)
(1.06917 0.00903251 0)
(1.04529 0.00587149 0)
(0.922922 0.00269964 0)
(0.629415 0.000793178 0)
(0.215272 0.000190051 0)
(0.237847 0.000394184 0)
(0.662302 0.0015421 0)
(0.947688 0.00264884 0)
(1.06177 0.00193166 0)
(1.08338 0.00115131 0)
(1.07889 0.000698954 0)
(1.07075 0.00158967 0)
(1.06358 0.00355011 0)
(1.05735 0.00638374 0)
(1.0522 0.00982865 0)
(1.04903 0.0126988 0)
(1.04857 0.0145876 0)
(1.05063 0.0149519 0)
(1.05504 0.0143072 0)
(1.06099 0.0124719 0)
(1.06304 0.00962424 0)
(1.03753 0.00619348 0)
(0.915703 0.00296844 0)
(0.624822 0.00108826 0)
(0.213123 0.000266278 0)
(0.241087 0.000384338 0)
(0.666391 0.00180012 0)
(0.949037 0.00331036 0)
(1.06079 0.00323541 0)
(1.0827 0.00282111 0)
(1.07983 0.00289342 0)
(1.07332 0.00430937 0)
(1.067 0.00658549 0)
(1.061 0.00963681 0)
(1.05545 0.0130066 0)
(1.05138 0.0156518 0)
(1.04984 0.0169167 0)
(1.05049 0.0168332 0)
(1.05344 0.0154894 0)
(1.05715 0.013198 0)
(1.05705 0.0100037 0)
(1.03014 0.00649271 0)
(0.909089 0.00341938 0)
(0.620209 0.00148327 0)
(0.210478 0.000350401 0)
(0.245885 0.000491992 0)
(0.674015 0.00233548 0)
(0.952452 0.00430546 0)
(1.06135 0.00506948 0)
(1.08299 0.00529648 0)
(1.08137 0.00594275 0)
(1.07601 0.00756979 0)
(1.0702 0.0101005 0)
(1.06418 0.0133598 0)
(1.05805 0.0166794 0)
(1.05294 0.0190655 0)
(1.05011 0.0196644 0)
(1.04934 0.0188999 0)
(1.05051 0.0170197 0)
(1.05229 0.014374 0)
(1.05042 0.0110493 0)
(1.02255 0.00759231 0)
(0.901924 0.00439228 0)
(0.613866 0.00196899 0)
(0.206662 0.000446932 0)
(0.250553 0.000633309 0)
(0.680121 0.00273882 0)
(0.956522 0.00532268 0)
(1.06338 0.00674283 0)
(1.08473 0.00806964 0)
(1.08379 0.00964238 0)
(1.07902 0.0120293 0)
(1.07333 0.0150134 0)
(1.06685 0.018385 0)
(1.05974 0.0215294 0)
(1.05328 0.023367 0)
(1.04897 0.0231475 0)
(1.04689 0.0214695 0)
(1.04654 0.0188734 0)
(1.04682 0.0155259 0)
(1.04349 0.0118333 0)
(1.01455 0.00814898 0)
(0.893795 0.00494939 0)
(0.606531 0.00231565 0)
(0.202199 0.000522955 0)
(0.258283 0.000870209 0)
(0.692269 0.00380722 0)
(0.964972 0.00748513 0)
(1.06782 0.0100307 0)
(1.08816 0.0119379 0)
(1.08756 0.0142484 0)
(1.08302 0.0172158 0)
(1.07717 0.0206446 0)
(1.07001 0.0242907 0)
(1.06167 0.0272703 0)
(1.05358 0.0284283 0)
(1.04762 0.0272714 0)
(1.04409 0.0245466 0)
(1.04223 0.02117 0)
(1.04111 0.0173422 0)
(1.03658 0.0135113 0)
(1.00693 0.00984093 0)
(0.885716 0.00628544 0)
(0.597885 0.0029012 0)
(0.196652 0.000630713 0)
(0.2663 0.0011476 0)
(0.703458 0.00452853 0)
(0.973879 0.0089832 0)
(1.07434 0.0124055 0)
(1.09389 0.0158655 0)
(1.09304 0.019522 0)
(1.08821 0.0235465 0)
(1.08161 0.0278593 0)
(1.07324 0.0319389 0)
(1.06313 0.0348325 0)
(1.05295 0.0352217 0)
(1.045 0.0329901 0)
(1.03979 0.0292487 0)
(1.03645 0.0249243 0)
(1.03404 0.0203477 0)
(1.02836 0.0157767 0)
(0.997239 0.0113321 0)
(0.874299 0.00732944 0)
(0.586452 0.00345483 0)
(0.189893 0.000765334 0)
(0.279234 0.00152757 0)
(0.722428 0.00655089 0)
(0.987971 0.0125197 0)
(1.08373 0.0173264 0)
(1.10143 0.0213256 0)
(1.10015 0.0260646 0)
(1.0945 0.0311833 0)
(1.08673 0.0363673 0)
(1.0766 0.0409083 0)
(1.06425 0.043673 0)
(1.05168 0.043185 0)
(1.04165 0.0396645 0)
(1.03482 0.0346434 0)
(1.03018 0.029168 0)
(1.02668 0.0237385 0)
(1.02005 0.0188074 0)
(0.988053 0.014194 0)
(0.863859 0.00945268 0)
(0.574335 0.0043884 0)
(0.181869 0.000923578 0)
(0.293804 0.00212217 0)
(0.743212 0.00767907 0)
(1.00431 0.0152763 0)
(1.09591 0.0214627 0)
(1.11207 0.0276205 0)
(1.10947 0.0342697 0)
(1.10234 0.0408267 0)
(1.09261 0.047169 0)
(1.08006 0.0524087 0)
(1.06489 0.0550072 0)
(1.04939 0.0535536 0)
(1.0369 0.0486764 0)
(1.02809 0.04236 0)
(1.02189 0.0356854 0)
(1.01725 0.0292222 0)
(1.00939 0.0228946 0)
(0.974853 0.0168299 0)
(0.846444 0.0110477 0)
(0.556159 0.00513422 0)
(0.171521 0.00110064 0)
(0.315514 0.00302862 0)
(0.772123 0.0117552 0)
(1.02679 0.0212524 0)
(1.1124 0.0295051 0)
(1.1256 0.0367831 0)
(1.12121 0.0450389 0)
(1.11182 0.0532382 0)
(1.09926 0.0608203 0)
(1.08351 0.0664837 0)
(1.06476 0.0686439 0)
(1.04586 0.065928 0)
(1.0307 0.0593311 0)
(1.01996 0.0512735 0)
(1.01232 0.0428832 0)
(1.00643 0.0349223 0)
(0.997426 0.0278144 0)
(0.961532 0.0210551 0)
(0.83174 0.0141444 0)
(0.539083 0.00651594 0)
(0.160212 0.0012657 0)
(0.345631 0.0041802 0)
(0.81191 0.0143875 0)
(1.05568 0.02794 0)
(1.13306 0.0387017 0)
(1.14316 0.0485019 0)
(1.13558 0.0598638 0)
(1.12286 0.0697565 0)
(1.1066 0.0783674 0)
(1.08687 0.0841599 0)
(1.06406 0.0854942 0)
(1.04144 0.0810394 0)
(1.02331 0.0724111 0)
(1.01025 0.0625148 0)
(1.00087 0.0526954 0)
(0.99363 0.043378 0)
(0.982762 0.0344497 0)
(0.942676 0.0258194 0)
(0.804614 0.0168982 0)
(0.510007 0.0074737 0)
(0.144628 0.00144463 0)
(0.381869 0.00821505 0)
(0.859111 0.0240962 0)
(1.09222 0.0399692 0)
(1.15924 0.0536725 0)
(1.16494 0.0668733 0)
(1.15255 0.0802611 0)
(1.13529 0.0912754 0)
(1.11423 0.10042 0)
(1.08963 0.105676 0)
(1.062 0.105438 0)
(1.03498 0.0988216 0)
(1.01359 0.0879521 0)
(0.998244 0.0759002 0)
(0.987063 0.0638495 0)
(0.978208 0.0525753 0)
(0.965453 0.042062 0)
(0.922311 0.0317014 0)
(0.782849 0.021247 0)
(0.486768 0.00972321 0)
(0.130572 0.00146671 0)
(0.466333 0.0117795 0)
(0.935841 0.0339649 0)
(1.14081 0.0595049 0)
(1.19179 0.0767541 0)
(1.19078 0.0940665 6.9141e-35)
(1.17145 0.108628 -4.7427e-35)
(1.14806 0.120353 0)
(1.12121 0.128824 0)
(1.09117 0.132383 0)
(1.05843 0.129751 0)
(1.02725 0.120139 0)
(1.00264 0.106205 0)
(0.984609 0.0916921 0)
(0.971294 0.0778825 0)
(0.960488 0.0649093 0)
(0.944845 0.0527358 0)
(0.895554 0.0404509 0)
(0.741759 0.0267414 0)
(0.437066 0.0105958 0)
(0.105473 0.00129155 0)
(0.531541 0.026994 -7.8426e-21)
(1.02325 0.0585856 5.27724e-21)
(1.19445 0.0919304 0)
(1.22771 0.112863 7.07283e-22)
(1.21723 0.132878 -5.73165e-22)
(1.18992 0.146998 5.00373e-35)
(1.16 0.157592 0)
(1.12692 0.164157 4.70313e-21)
(1.09076 0.165389 -1.68909e-20)
(1.05197 0.159774 3.73907e-21)
(1.0153 0.146792 0)
(0.986284 0.130229 -1.23384e-20)
(0.965146 0.113579 -1.54623e-20)
(0.949058 0.0975516 2.71966e-20)
(0.93518 0.0826635 -2.18846e-20)
(0.914632 0.0680047 0)
(0.855153 0.0521683 -8.43757e-21)
(0.688209 0.0350641 0)
(0.390719 0.0171558 -4.56174e-20)
(0.0880941 0.00234685 5.41051e-20)
(0.55748 0.0543904 -6.1871e-23)
(1.07294 0.103111 -4.63565e-20)
(1.2374 0.143936 1.21706e-20)
(1.26055 0.162015 1.80101e-20)
(1.24086 0.180939 -4.5452e-22)
(1.20629 0.192905 1.47591e-21)
(1.16982 0.20157 0)
(1.13014 0.206208 0)
(1.08749 0.20525 2.63918e-20)
(1.0426 0.197094 0)
(1.00062 0.181781 4.22666e-20)
(0.967025 0.16292 1.32372e-20)
(0.940806 0.144257 3.67162e-22)
(0.920071 0.127083 -3.05479e-20)
(0.902179 0.111242 0)
(0.878068 0.0968471 0)
(0.817394 0.0794608 -1.42891e-19)
(0.658675 0.0595088 3.59101e-19)
(0.379187 0.0303503 -2.13447e-19)
(0.0890865 0.00868069 -2.54077e-19)
(0.559764 0.0816397 8.04835e-20)
(1.10077 0.161634 -2.35546e-20)
(1.2692 0.2074 -6.23689e-21)
(1.28681 0.222097 -3.45055e-20)
(1.2597 0.237189 1.36444e-20)
(1.219 0.245121 1.39541e-21)
(1.17627 0.250619 3.58109e-21)
(1.13035 0.252305 0)
(1.08171 0.248336 -5.45159e-20)
(1.03072 0.237095 6.12312e-20)
(0.98221 0.218669 -1.15566e-19)
(0.942775 0.19775 5.64426e-20)
(0.913693 0.178804 -4.1869e-20)
(0.890733 0.161646 9.1606e-20)
(0.869928 0.146088 0)
(0.844032 0.13143 -3.61131e-20)
(0.786061 0.115429 0)
(0.640963 0.0881948 2.0649e-19)
(0.381588 0.0520734 -4.90122e-19)
(0.102462 0.014667 3.07715e-19)
(0.546623 0.113241 -3.78845e-19)
(1.11414 0.221364 1.51383e-19)
(1.28842 0.27579 2.4353e-20)
(1.30437 0.287256 0)
(1.27231 0.298183 1.89831e-20)
(1.22694 0.301508 -2.06484e-20)
(1.17892 0.303151 -3.67024e-21)
(1.12774 0.300989 0)
(1.0739 0.293261 3.84261e-20)
(1.01762 0.278407 -4.19909e-20)
(0.965214 0.257298 1.01478e-19)
(0.923492 0.235209 0)
(0.88965 0.214804 -8.80938e-20)
(0.8623 0.197555 4.85091e-20)
(0.839989 0.182387 1.32242e-19)
(0.814244 0.167919 -1.16319e-19)
(0.760556 0.150588 1.93059e-19)
(0.629131 0.120052 -4.29356e-19)
(0.390514 0.0744306 2.72755e-19)
(0.113938 0.0229113 -3.42528e-19)
(0.528096 0.137525 2.33147e-19)
(1.11454 0.276805 -1.71789e-19)
(1.2976 0.343619 7.60889e-20)
(1.31368 0.352788 -1.04796e-19)
(1.27816 0.360485 7.07766e-20)
(1.22959 0.359567 -1.1896e-20)
(1.17766 0.357238 3.7037e-21)
(1.12243 0.350956 -2.3997e-20)
(1.06415 0.339412 -3.80898e-20)
(1.00303 0.321202 -9.01071e-20)
(0.94531 0.297388 -2.18933e-19)
(0.897978 0.272314 -7.39399e-20)
(0.863719 0.251357 2.78826e-21)
(0.837566 0.233363 -1.74766e-19)
(0.814979 0.21838 -6.30842e-21)
(0.790046 0.203138 1.70672e-19)
(0.741126 0.185366 -5.30967e-20)
(0.620805 0.151772 -3.11724e-20)
(0.395253 0.0970445 0)
(0.120453 0.0305832 7.3281e-19)
(0.508353 0.159405 0)
(1.10567 0.328224 5.3081e-20)
(1.29923 0.408003 3.68682e-20)
(1.3168 0.416611 -1.21452e-20)
(1.27868 0.422311 -8.58752e-20)
(1.22782 0.417463 1.88978e-20)
(1.17296 0.411354 2.38841e-22)
(1.11436 0.401139 4.35916e-20)
(1.05218 0.38585 -2.30213e-20)
(0.98698 0.363971 3.93289e-20)
(0.926384 0.335896 1.18075e-19)
(0.879167 0.309608 1.6379e-19)
(0.842584 0.286989 -1.02363e-19)
(0.813664 0.267796 1.89383e-19)
(0.791215 0.251565 -1.52209e-19)
(0.768258 0.237568 0)
(0.723528 0.218462 -4.06982e-19)
(0.611818 0.182929 5.47115e-19)
(0.39537 0.117327 4.14658e-20)
(0.122412 0.0375108 -7.75241e-19)
(0.491779 0.180111 -5.66403e-21)
(1.09506 0.377594 -3.62131e-19)
(1.29562 0.469358 -2.77659e-19)
(1.31448 0.477873 2.31641e-19)
(1.27428 0.482174 -5.11086e-20)
(1.22204 0.473925 2.80593e-20)
(1.1651 0.464453 -1.24276e-20)
(1.10399 0.450639 -2.35544e-21)
(1.03892 0.431719 -7.96504e-20)
(0.970954 0.405956 9.29282e-22)
(0.908215 0.375472 -1.28513e-19)
(0.858307 0.345773 -1.74371e-19)
(0.821877 0.321012 1.15477e-19)
(0.794637 0.300777 -6.80978e-20)
(0.77143 0.284562 1.6573e-19)
(0.747573 0.269115 0)
(0.704715 0.248329 -2.52181e-19)
(0.59841 0.209865 3.7307e-19)
(0.388585 0.135635 7.14969e-19)
(0.120642 0.0423615 -8.40049e-19)
(0.476696 0.198475 -6.88461e-19)
(1.08064 0.423334 3.47775e-19)
(1.28821 0.52741 2.70291e-19)
(1.3084 0.536286 -2.51156e-19)
(1.26663 0.539399 1.11841e-20)
(1.21347 0.528143 7.47916e-20)
(1.15494 0.515798 1.90349e-22)
(1.09186 0.498717 -1.59892e-20)
(1.02445 0.476388 -4.95481e-20)
(0.953946 0.447079 8.73487e-20)
(0.88796 0.412342 1.20889e-19)
(0.836108 0.37919 2.7323e-19)
(0.798039 0.352784 0)
(0.768568 0.330761 5.4501e-21)
(0.74674 0.312423 -4.61171e-19)
(0.726419 0.298377 1.05874e-19)
(0.688349 0.277173 5.416e-19)
(0.585822 0.23343 -1.58768e-19)
(0.377546 0.150323 3.39035e-19)
(0.116515 0.0460892 -2.80917e-20)
(0.466859 0.217117 6.36359e-21)
(1.0676 0.467558 3.21772e-19)
(1.27828 0.58296 2.05065e-19)
(1.29943 0.591899 -4.47323e-19)
(1.25631 0.593574 2.85801e-19)
(1.20262 0.579632 -9.1897e-20)
(1.1429 0.564907 -3.69498e-21)
(1.07832 0.545021 3.20989e-20)
(1.00891 0.51968 8.64503e-20)
(0.935941 0.487255 -1.13292e-19)
(0.868202 0.449232 0)
(0.816607 0.414609 -1.08113e-19)
(0.779229 0.385397 1.24123e-19)
(0.752205 0.362293 1.67834e-19)
(0.728286 0.342591 -9.62485e-20)
(0.704631 0.324393 -2.43603e-19)
(0.664963 0.300113 -7.40972e-20)
(0.565879 0.252538 -1.21934e-21)
(0.364615 0.161451 0)
(0.110846 0.0491688 0)
(0.457864 0.232992 -3.39979e-19)
(1.0537 0.508684 0)
(1.26666 0.635211 2.34869e-19)
(1.28877 0.644929 -1.08117e-19)
(1.24465 0.645034 -2.97429e-19)
(1.19047 0.628439 8.20067e-20)
(1.12967 0.611607 -9.91253e-21)
(1.06379 0.589258 -1.30738e-20)
(0.992749 0.561331 5.27105e-20)
(0.917942 0.525606 -4.74859e-20)
(0.848079 0.484097 6.77052e-20)
(0.792175 0.444171 3.37488e-19)
(0.750849 0.411431 1.33155e-20)
(0.719837 0.384589 -1.71147e-19)
(0.700782 0.363165 3.31578e-19)
(0.68331 0.347339 4.45721e-21)
(0.648902 0.321733 7.92757e-20)
(0.550914 0.270778 -3.86137e-19)
(0.350443 0.170613 3.91638e-19)
(0.104486 0.0510699 -4.67604e-19)
(0.451473 0.252663 3.30266e-23)
(1.04114 0.548211 0)
(1.25419 0.684281 0)
(1.27689 0.69504 1.00992e-19)
(1.23186 0.693683 1.16439e-19)
(1.17731 0.674649 -6.86713e-20)
(1.11555 0.655895 4.58407e-20)
(1.04854 0.631357 0)
(0.975928 0.601173 -8.73155e-20)
(0.898564 0.562841 1.65785e-19)
(0.825332 0.518553 2.07755e-19)
(0.769923 0.476388 -1.27485e-19)
(0.732919 0.442007 -1.60245e-19)
(0.70745 0.414633 3.79278e-19)
(0.682976 0.391995 -1.17269e-19)
(0.659698 0.367727 -1.42572e-19)
(0.621718 0.340739 -8.73812e-20)
(0.527062 0.283322 -4.19045e-19)
(0.33478 0.177369 5.8684e-20)
(0.0972426 0.0520014 5.08262e-19)
(0.447863 0.271553 -1.35822e-19)
(1.02942 0.585295 -2.14307e-19)
(1.24116 0.730157 2.37558e-20)
(1.26439 0.742421 1.24174e-22)
(1.21871 0.739881 3.85972e-20)
(1.16377 0.718513 -1.82931e-19)
(1.1011 0.697902 0)
(1.03301 0.671379 1.20264e-20)
(0.958811 0.639233 -9.48312e-21)
(0.879541 0.598506 2.60257e-19)
(0.804585 0.55054 -5.29731e-20)
(0.746986 0.504155 5.80704e-20)
(0.703732 0.464653 0)
(0.671013 0.432356 -2.07234e-19)
(0.652717 0.404596 2.58876e-19)
(0.63701 0.387259 0)
(0.604865 0.354825 -1.91676e-19)
(0.5088 0.296058 5.60379e-19)
(0.31813 0.182058 6.6815e-20)
(0.0895201 0.0517548 -6.30089e-19)
(0.445748 0.288613 -3.01383e-19)
(1.01881 0.620478 3.86387e-19)
(1.22797 0.773015 0)
(1.25126 0.786743 2.51357e-19)
(1.20502 0.783287 0)
(1.14991 0.760038 1.71763e-19)
(1.08652 0.737777 0)
(1.01743 0.709464 0)
(0.94184 0.67558 -3.08951e-20)
(0.860578 0.633008 -2.54263e-19)
(0.783343 0.58318 -3.86212e-19)
(0.722742 0.534565 7.38541e-20)
(0.68173 0.492562 2.76938e-19)
(0.657151 0.458163 2.33545e-19)
(0.635031 0.431972 -8.30763e-19)
(0.612426 0.402331 -3.44172e-19)
(0.575047 0.370358 1.99989e-19)
(0.482777 0.303607 0)
(0.300059 0.184421 5.78586e-19)
(0.0810243 0.0504579 -6.83999e-19)
(0.444131 0.304362 3.32483e-19)
(1.00834 0.653186 -4.24614e-19)
(1.21473 0.812816 0)
(1.2381 0.828214 -1.01523e-20)
(1.1915 0.824134 -1.03418e-19)
(1.13623 0.799301 0)
(1.07224 0.775599 -1.48451e-20)
(1.00239 0.745723 1.89811e-20)
(0.925781 0.710358 -3.66929e-20)
(0.842789 0.666055 2.42764e-20)
(0.76264 0.613175 0)
(0.699282 0.560472 2.94181e-19)
(0.654683 0.515308 3.86685e-21)
(0.619356 0.47593 1.26944e-19)
(0.600692 0.441707 1.53211e-19)
(0.587073 0.416739 0)
(0.556156 0.377738 -3.38662e-19)
(0.46253 0.309933 6.6379e-19)
(0.281368 0.184527 -7.07447e-19)
(0.0726773 0.0479873 1.48615e-18)
(0.442671 0.319354 0)
(0.998766 0.684764 0)
(1.20174 0.850226 -2.32916e-19)
(1.22472 0.866891 0)
(1.17774 0.862182 0)
(1.12255 0.836159 2.46409e-19)
(1.05828 0.811332 -1.87211e-20)
(0.987844 0.78014 1.67884e-20)
(0.909975 0.743483 -1.51694e-21)
(0.8244 0.697928 0)
(0.74107 0.644138 -6.21972e-20)
(0.675791 0.590028 -2.44119e-19)
(0.628613 0.539295 -3.07452e-19)
(0.602829 0.496849 -1.28108e-19)
(0.580898 0.462158 1.68909e-19)
(0.560047 0.426526 -4.01448e-19)
(0.524965 0.389943 7.33567e-19)
(0.433858 0.312144 7.6737e-21)
(0.261774 0.182288 -6.84789e-19)
(0.0642245 0.0447705 -1.01678e-19)
(0.441115 0.333951 0)
(0.989176 0.714125 -3.30528e-19)
(1.18901 0.884964 2.60171e-19)
(1.21173 0.903048 0)
(1.16448 0.897791 0)
(1.10932 0.870718 -5.44435e-19)
(1.04473 0.844951 0)
(0.97375 0.812699 0)
(0.89482 0.775088 -5.82856e-20)
(0.807711 0.728706 4.85048e-20)
(0.722074 0.67305 -4.91606e-19)
(0.652185 0.614319 0)
(0.602704 0.561802 -3.33881e-19)
(0.562631 0.513807 1.16958e-20)
(0.543631 0.469239 -5.39788e-19)
(0.532038 0.43807 2.17714e-19)
(0.50347 0.386408 4.08271e-21)
(0.413787 0.31071 -7.85788e-19)
(0.243824 0.178086 3.72669e-19)
(0.0579731 0.0414552 1.08784e-19)
(0.439634 0.34806 0)
(0.980683 0.742714 -3.89807e-19)
(1.17672 0.917881 2.76597e-19)
(1.19879 0.936887 5.81395e-19)
(1.15125 0.930915 1.18199e-19)
(1.09623 0.902966 -8.24545e-20)
(1.0315 0.876448 5.14735e-20)
(0.960135 0.843373 -1.03059e-19)
(0.880287 0.804969 6.23488e-20)
(0.791448 0.757876 2.9002e-19)
(0.703133 0.701399 4.07635e-19)
(0.629742 0.642719 7.89764e-20)
(0.574136 0.587152 4.85158e-19)
(0.543907 0.534821 3.16217e-19)
(0.52031 0.490667 3.89963e-19)
(0.500242 0.438181 -2.44341e-19)
(0.469016 0.393376 -2.90439e-19)
(0.384279 0.306154 3.4221e-19)
(0.22318 0.169117 -2.02324e-19)
(0.0531815 0.0392471 3.55864e-19)
(0.438079 0.361661 5.1399e-19)
(0.972056 0.768888 6.18967e-19)
(1.16473 0.948376 1.51697e-19)
(1.18643 0.968576 1.59703e-20)
(1.13871 0.961982 -4.10231e-19)
(1.08373 0.93313 1.57676e-19)
(1.0188 0.905915 -5.87636e-20)
(0.947104 0.872188 -2.11351e-20)
(0.866527 0.833184 -5.05642e-20)
(0.775806 0.785772 -3.25058e-19)
(0.683202 0.728983 2.40733e-20)
(0.603838 0.669175 0)
(0.547494 0.611263 0)
(0.499634 0.553486 -1.60436e-19)
(0.474836 0.493932 -6.41532e-19)
(0.464747 0.445731 5.30236e-19)
(0.443872 0.373378 3.25353e-19)
(0.370957 0.285717 0)
(0.22427 0.148121 6.4551e-19)
(0.0479194 0.0216651 -3.86404e-19)
(0.436669 0.374468 -2.74588e-19)
(0.964424 0.794345 2.36959e-19)
(1.15323 0.977291 -3.38614e-19)
(1.17426 0.998218 -3.65059e-19)
(1.12634 0.990914 -1.61718e-19)
(1.07154 0.961316 3.79025e-20)
(1.00655 0.933499 0)
(0.934653 0.89925 1.48677e-19)
(0.853401 0.859911 1.01537e-20)
(0.761306 0.812584 0)
(0.667942 0.75671 0)
(0.587173 0.697685 5.54274e-20)
(0.519018 0.636503 8.57312e-20)
(0.479048 0.575316 -1.72897e-19)
(0.447272 0.517641 4.64053e-19)
(0.422424 0.441232 -5.83694e-19)
(0.397114 0.370136 -7.00696e-19)
(0.34608 0.263272 6.2259e-19)
(0.245737 0.159573 -2.33023e-19)
(0.128391 0.0973339 1.33534e-19)
(0.434985 0.386471 3.16803e-19)
(0.956478 0.817308 0)
(1.14203 1.00392 0)
(1.1627 1.02591 -1.23019e-19)
(1.11477 1.01807 9.95675e-20)
(1.0601 0.987708 -2.05671e-20)
(0.99507 0.959359 -2.23674e-19)
(0.923013 0.924646 -2.27978e-19)
(0.841274 0.88507 3.96017e-20)
(0.74795 0.837777 -2.6412e-20)
(0.650608 0.781786 6.4388e-20)
(0.562901 0.72149 -4.53557e-19)
(0.496087 0.662249 -5.02521e-19)
(0.431799 0.600382 -9.21521e-20)
(0.390782 0.523894 0)
(0.368768 0.455654 -1.32676e-20)
(0.351514 0.324656 3.84918e-19)
(0.313746 0.169892 -6.53671e-19)
(0.278481 0.00296847 4.8373e-19)
(0.0845258 -0.0800936 3.86201e-19)
(0.433424 0.397776 -6.90599e-19)
(0.949361 0.839753 -2.97448e-19)
(1.13126 1.02929 6.09574e-21)
(1.15131 1.05193 1.56426e-19)
(1.10329 1.04358 0)
(1.04888 1.01273 4.67761e-19)
(0.98388 0.984 2.78797e-19)
(0.911773 0.949064 -4.57009e-20)
(0.829405 0.909564 -6.28377e-21)
(0.734598 0.86307 -2.47196e-20)
(0.635115 0.809194 2.29599e-20)
(0.544591 0.752823 4.01095e-19)
(0.463719 0.691327 4.91375e-19)
(0.410426 0.624055 8.85913e-20)
(0.362041 0.561976 4.91532e-19)
(0.305609 0.455813 0)
(0.212903 0.32789 0)
(0.0609731 0.309012 4.84735e-19)
(-0.0599877 0.631788 -3.32971e-20)
(-0.0010525 1.48544 -6.2424e-19)
(0.431387 0.408471 3.75675e-19)
(0.941912 0.859993 8.92034e-19)
(1.12071 1.0528 -1.34104e-18)
(1.14042 1.07656 8.08616e-19)
(1.09243 1.06797 -9.47907e-20)
(1.03816 1.03675 6.09969e-19)
(0.973171 1.00788 0)
(0.90087 0.972951 2.35457e-19)
(0.818116 0.933733 0)
(0.722385 0.887658 2.23326e-19)
(0.62153 0.833713 -3.67957e-20)
(0.528355 0.776876 4.12573e-20)
(0.449296 0.724294 5.42728e-19)
(0.360825 0.667113 -2.01501e-19)
(0.276004 0.585982 -2.58134e-19)
(0.20935 0.521933 0)
(0.111563 0.607461 0)
(0.0455479 1.22391 0)
(0.0819878 2.41361 -2.72887e-19)
(0.114125 2.88657 -1.69181e-19)
(0.429468 0.418837 0)
(0.935285 0.87987 0)
(1.11062 1.0753 4.79756e-19)
(1.12972 1.09974 -6.74056e-19)
(1.08165 1.09093 4.63215e-19)
(1.02766 1.05962 -5.59116e-19)
(0.962734 1.03079 -3.23169e-20)
(0.890509 0.996063 2.51623e-20)
(0.80739 0.95749 4.48329e-21)
(0.710419 0.913176 -2.53549e-19)
(0.604772 0.863992 5.52947e-20)
(0.503499 0.814765 3.73851e-19)
(0.409877 0.758657 -5.34483e-19)
(0.339896 0.694971 -6.2825e-19)
(0.276685 0.650977 2.19819e-19)
(0.212362 0.766187 0)
(0.15234 1.47176 3.17905e-19)
(0.151984 2.65982 3.58574e-19)
(0.155714 3.07677 -4.01297e-19)
(0.14669 3.2176 4.46452e-19)
(0.427168 0.428134 0)
(0.928316 0.897532 7.2459e-19)
(1.10078 1.09602 -1.24314e-19)
(1.11958 1.12161 8.47963e-19)
(1.07155 1.1128 -4.86215e-19)
(1.0177 1.08144 0)
(0.952804 1.05276 0)
(0.880493 1.01847 0)
(0.797059 0.980801 -8.63169e-20)
(0.699363 0.937727 1.15265e-21)
(0.59493 0.888331 0)
(0.496255 0.838611 -3.64332e-19)
(0.409414 0.798239 0)
(0.300218 0.754034 4.46595e-19)
(0.21998 0.833585 -2.88879e-19)
(0.177842 1.42986 -2.4307e-19)
(0.187252 2.65071 -5.99967e-19)
(0.206538 3.12471 -2.98182e-19)
(0.195515 3.27391 -3.38954e-19)
(0.180225 3.31558 2.99038e-19)
(0.425083 0.436961 -2.44787e-19)
(0.922156 0.914991 1.47758e-20)
(1.09142 1.11597 -1.33924e-19)
(1.10967 1.14223 -6.78676e-19)
(1.06154 1.13339 0)
(1.00795 1.10222 0)
(0.943159 1.07391 0)
(0.871033 1.04018 -1.63234e-20)
(0.787633 1.00349 9.942e-20)
(0.689577 0.962597 0)
(0.580742 0.919386 0)
(0.475539 0.8794 0)
(0.368603 0.840526 0)
(0.309719 0.837106 2.90085e-19)
(0.293017 1.1777 7.6017e-19)
(0.28559 2.31334 2.38053e-19)
(0.296911 3.07846 4.29419e-19)
(0.288274 3.29457 -2.682e-19)
(0.236235 3.36445 9.91186e-20)
(0.201539 3.37741 0)
(0.422621 0.445016 2.48032e-19)
(0.915381 0.930679 -1.56225e-18)
(1.08206 1.13474 -4.42246e-19)
(1.1001 1.16224 -1.08031e-19)
(1.05202 1.15358 1.24085e-19)
(0.998595 1.12253 -8.76558e-19)
(0.933882 1.09456 5.95112e-20)
(0.86186 1.06146 4.15106e-19)
(0.778246 1.02609 0)
(0.679561 0.987351 -1.41962e-20)
(0.572844 0.944888 1.29142e-20)
(0.467553 0.904998 0)
(0.38403 0.879934 0)
(0.332865 1.00349 -3.59724e-19)
(0.307749 1.81322 -5.23264e-21)
(0.302978 2.91769 -1.2226e-19)
(0.320767 3.29757 1.93075e-19)
(0.293566 3.40404 5.76076e-20)
(0.224476 3.43141 1.1447e-19)
(0.197694 3.43999 -5.89607e-20)
(0.420076 0.453335 4.77804e-19)
(0.908824 0.947854 1.49405e-18)
(1.07236 1.15455 5.43803e-19)
(1.08993 1.18265 0)
(1.04183 1.17398 0)
(0.98875 1.14312 6.71551e-19)
(0.924254 1.11556 -4.16339e-19)
(0.852532 1.08316 -3.81491e-19)
(0.769415 1.04896 -1.53277e-20)
(0.671488 1.01233 1.6661e-20)
(0.561714 0.975371 -2.47121e-19)
(0.456898 0.94504 0)
(0.378058 0.955961 0)
(0.354968 1.32944 -1.95313e-19)
(0.370823 2.41114 -2.56031e-19)
(0.413011 3.1977 0)
(0.441174 3.39058 9.15789e-20)
(0.370517 3.4584 2.20587e-19)
(0.292637 3.50332 -4.87583e-19)
(0.266251 3.52938 2.83007e-19)
(0.416589 0.461615 -9.05411e-19)
(0.900698 0.964338 -7.10749e-19)
(1.06163 1.17457 0)
(1.07919 1.20393 0)
(1.03131 1.19537 0)
(0.978535 1.16448 0)
(0.914361 1.13712 4.44792e-19)
(0.843268 1.10516 -4.90505e-19)
(0.760431 1.07212 0)
(0.662131 1.03835 -9.39584e-21)
(0.555955 1.00514 4.01522e-19)
(0.45205 0.980617 2.15544e-20)
(0.398702 1.06226 3.73588e-20)
(0.415696 1.70037 2.83297e-19)
(0.446621 2.86262 -7.15043e-20)
(0.48127 3.33264 0)
(0.462874 3.46881 -7.94697e-20)
(0.36956 3.55882 1.04721e-19)
(0.279922 3.63285 3.61433e-19)
(0.202317 3.61459 -3.1701e-19)
(0.412955 0.470442 4.29126e-19)
(0.892587 0.98338 -6.98383e-19)
(1.05013 1.19647 0)
(1.06733 1.22612 -1.73452e-19)
(1.0196 1.21734 6.58654e-19)
(0.967378 1.18638 0)
(0.903713 1.1592 0)
(0.833097 1.12777 9.16825e-19)
(0.751057 1.09597 1.60298e-20)
(0.655014 1.0636 -1.01381e-19)
(0.546262 1.03253 -1.66074e-19)
(0.45946 1.02335 1.34567e-19)
(0.427662 1.22724 0)
(0.464694 2.0981 -1.30263e-19)
(0.513233 3.12597 1.13379e-19)
(0.572638 3.44282 -4.9917e-20)
(0.569078 3.55226 0)
(0.49335 3.65649 -2.07201e-19)
(0.414752 3.70337 -7.8884e-19)
(0.328835 3.67483 -1.99211e-19)
(0.407924 0.478802 -8.32947e-19)
(0.882348 1.00116 9.93786e-19)
(1.03734 1.21835 7.39095e-19)
(1.05478 1.24919 -1.91539e-19)
(1.00745 1.24033 -1.00466e-18)
(0.95577 1.2091 0)
(0.892743 1.1819 3.84961e-19)
(0.823362 1.15071 -3.74725e-19)
(0.742523 1.11948 -3.83342e-20)
(0.646716 1.08984 8.6239e-20)
(0.540399 1.06802 7.26209e-22)
(0.462727 1.08823 -1.49783e-19)
(0.4664 1.41626 1.27813e-19)
(0.541854 2.47433 -2.01907e-20)
(0.614433 3.3013 1.35254e-19)
(0.672483 3.50794 -3.71073e-19)
(0.629379 3.57749 0)
(0.56026 3.59504 0)
(0.451697 3.56768 -9.12001e-19)
(0.199441 3.36853 1.81537e-18)
(0.402585 0.48798 3.94908e-19)
(0.87212 1.0222 9.58492e-19)
(1.02362 1.24253 -7.27902e-19)
(1.04095 1.27321 7.14419e-19)
(0.993977 1.2638 9.93035e-19)
(0.943178 1.23219 0)
(0.881085 1.20481 -4.18673e-19)
(0.812597 1.17372 -5.21362e-19)
(0.732735 1.14368 0)
(0.639749 1.11562 0)
(0.54037 1.09426 0)
(0.48094 1.13911 0)
(0.524702 1.6444 -1.30944e-19)
(0.613873 2.76031 6.63694e-20)
(0.692742 3.40738 0)
(0.738498 3.53308 2.27166e-19)
(0.734442 3.54749 0)
(0.803471 3.40432 3.62742e-19)
(0.896775 3.05106 -2.65586e-18)
(0.472477 2.70085 2.59931e-18)
(0.395383 0.495824 -7.70801e-19)
(0.859093 1.04107 -6.07647e-19)
(1.00825 1.26637 -4.68509e-19)
(1.02624 1.29818 -6.68196e-19)
(0.979903 1.28843 -4.7148e-19)
(0.92998 1.25623 0)
(0.868886 1.22854 -9.36295e-20)
(0.802046 1.19759 3.84418e-20)
(0.724379 1.16792 2.81636e-19)
(0.634033 1.14085 0)
(0.537262 1.13092 5.25738e-22)
(0.496571 1.23917 -5.97326e-22)
(0.574147 1.85557 0)
(0.692682 3.01231 -6.0736e-20)
(0.790657 3.46339 0)
(0.834961 3.52146 -3.78218e-19)
(0.837078 3.44608 9.65105e-19)
(0.825199 3.08886 -3.57073e-19)
(0.578193 2.11199 5.50437e-19)
(-0.36106 0.56997 -1.35639e-18)
(0.387739 0.504655 -1.2583e-20)
(0.845718 1.06379 -2.98727e-19)
(0.99156 1.29312 6.51374e-19)
(1.00976 1.32453 -1.86695e-20)
(0.964036 1.314 -1.24936e-19)
(0.915377 1.2812 0)
(0.855722 1.25317 4.25649e-19)
(0.79068 1.22195 4.34347e-19)
(0.714853 1.19283 -5.43925e-19)
(0.625078 1.16816 3.06075e-19)
(0.541175 1.16398 1.36278e-19)
(0.526014 1.31907 0)
(0.643142 2.11133 -1.07841e-19)
(0.777777 3.1796 1.07822e-19)
(0.860535 3.45374 2.32518e-19)
(0.8651 3.46203 0)
(0.7963 3.26595 -4.76404e-19)
(0.624509 2.50887 5.7736e-19)
(0.161395 0.824353 -6.86727e-19)
(-0.268749 -0.452317 -6.21418e-19)
(0.377548 0.511332 6.97892e-19)
(0.828706 1.08319 -2.86904e-19)
(0.972709 1.3191 4.33813e-19)
(0.992082 1.35199 3.42101e-19)
(0.947218 1.34105 2.41462e-19)
(0.899858 1.30756 6.32802e-19)
(0.841632 1.27897 -8.17882e-19)
(0.778321 1.24779 -5.27809e-19)
(0.704774 1.2201 5.84559e-19)
(0.617881 1.19702 7.3648e-20)
(0.546834 1.20461 4.98772e-20)
(0.558331 1.44861 1.07849e-19)
(0.705591 2.3743 -1.42668e-19)
(0.840181 3.26659 2.2018e-19)
(0.911061 3.42575 -3.44392e-19)
(0.905063 3.37653 3.45786e-19)
(0.777935 2.96846 -8.50035e-19)
(0.504781 1.85906 5.21067e-19)
(0.0801927 0.115639 0)
(-0.0835784 -0.199043 -9.78383e-19)
(0.3662 0.518748 0)
(0.810636 1.10626 -1.07931e-18)
(0.95233 1.34818 2.34368e-20)
(0.972267 1.38085 -5.99332e-19)
(0.928305 1.36895 0)
(0.882725 1.3347 -4.52234e-19)
(0.826457 1.30578 6.94415e-19)
(0.766272 1.27451 4.9375e-19)
(0.696644 1.24634 -6.08436e-19)
(0.615088 1.22544 -3.04592e-19)
(0.554991 1.24795 -1.79161e-19)
(0.601634 1.57353 4.33236e-20)
(0.779774 2.6036 1.54691e-19)
(0.91606 3.32035 1.63574e-19)
(0.970254 3.39135 -3.64907e-19)
(0.891801 3.22788 5.65199e-19)
(0.64697 2.53632 3.92998e-19)
(0.196527 0.717381 -4.65126e-19)
(-0.123995 -0.250081 0)
(-0.122953 -0.217595 0)
(0.351215 0.522841 -6.4473e-19)
(0.787841 1.12419 1.04599e-18)
(0.929328 1.37554 0)
(0.950909 1.41056 0)
(0.907962 1.39813 0)
(0.86441 1.3631 0)
(0.81034 1.33331 -2.96043e-19)
(0.752424 1.30107 -1.45764e-20)
(0.685679 1.2741 -7.633e-20)
(0.608368 1.25779 -4.01066e-20)
(0.559411 1.29868 3.53525e-19)
(0.642141 1.70879 -1.49254e-19)
(0.839964 2.79823 0)
(0.96105 3.32073 3.97842e-20)
(0.985447 3.33413 6.0455e-19)
(0.868158 3.01878 -2.39774e-19)
(0.531324 1.95846 3.88551e-19)
(0.0368944 0.0717633 2.29474e-19)
(-0.19499 -0.253088 -1.04476e-18)
(-0.0684301 -0.15279 -1.2447e-18)
(0.334919 0.527085 3.15875e-19)
(0.763963 1.14596 4.87478e-19)
(0.904671 1.40584 -9.62397e-21)
(0.926846 1.44145 2.88681e-19)
(0.885105 1.42782 0)
(0.844163 1.39171 7.21554e-19)
(0.792434 1.36144 -1.97507e-19)
(0.738186 1.32942 7.1661e-20)
(0.675234 1.30283 -2.95409e-20)
(0.606823 1.28811 -4.45322e-20)
(0.577131 1.34952 -2.24703e-19)
(0.692635 1.85946 1.8761e-19)
(0.915271 2.95242 1.93395e-19)
(1.02408 3.32186 1.33113e-19)
(1.03919 3.26413 -3.75259e-19)
(0.822555 2.74961 8.46072e-19)
(0.335533 1.27018 -4.95511e-19)
(-0.0916303 -0.2156 6.22905e-19)
(-0.23775 -0.267272 -1.84544e-18)
(-0.078018 -0.172006 1.29451e-18)
(0.314739 0.526412 -2.95468e-19)
(0.735368 1.16104 0)
(0.876484 1.43285 -3.62838e-19)
(0.900238 1.47246 -5.48573e-19)
(0.860011 1.45829 0)
(0.822284 1.42131 -5.49364e-19)
(0.773658 1.39018 0)
(0.723341 1.35676 -4.09468e-19)
(0.665171 1.32851 2.2298e-19)
(0.606148 1.31761 -4.44055e-19)
(0.58935 1.40553 3.10343e-19)
(0.744251 2.00338 -7.12152e-20)
(0.968456 3.03795 -5.0342e-19)
(1.05854 3.29529 2.68861e-19)
(1.01839 3.15562 -3.44894e-19)
(0.736441 2.40927 -2.62024e-19)
(0.234252 0.626415 6.53261e-19)
(-0.121581 -0.307977 -7.7156e-19)
(-0.195402 -0.302828 -2.56897e-21)
(-0.0859539 -0.183078 -1.34308e-19)
(0.293174 0.524471 5.73021e-19)
(0.704861 1.17881 -4.49484e-19)
(0.845868 1.46173 3.66498e-19)
(0.870211 1.50396 2.60461e-19)
(0.832325 1.48872 2.58106e-20)
(0.798325 1.45037 2.92274e-19)
(0.752391 1.41817 0)
(0.705752 1.38324 -2.87922e-20)
(0.6508 1.35613 0)
(0.599431 1.35094 4.15321e-19)
(0.605181 1.4643 -2.8402e-19)
(0.796982 2.15285 4.34467e-20)
(1.03045 3.10373 4.87543e-19)
(1.11157 3.28361 2.94485e-19)
(1.06191 3.03303 -1.59659e-19)
(0.70632 2.13215 2.63105e-19)
(0.154624 0.15948 -8.47458e-19)
(-0.135116 -0.276038 -5.24879e-19)
(-0.148145 -0.299819 -2.08003e-19)
(-0.0579123 -0.143254 9.64346e-19)
(0.267152 0.514648 4.12293e-21)
(0.668327 1.18699 2.2308e-19)
(0.810073 1.48526 0)
(0.83664 1.53379 4.85203e-19)
(0.801837 1.51931 -7.32446e-19)
(0.771779 1.47969 2.82839e-19)
(0.729201 1.44631 -2.03492e-19)
(0.68822 1.41113 3.50747e-19)
(0.639658 1.38242 -3.44498e-19)
(0.597763 1.37957 5.29229e-20)
(0.620571 1.51523 -3.39841e-19)
(0.850647 2.23699 -4.53509e-19)
(1.08757 3.12763 4.40131e-20)
(1.14186 3.26314 -5.73301e-19)
(0.992571 2.91195 -3.06907e-19)
(0.553839 1.69561 5.89429e-19)
(-0.0947495 0.0564875 -4.66447e-19)
(-0.219106 -0.164356 2.38584e-19)
(-0.189306 -0.228507 -4.35578e-21)
(-0.0294835 -0.0599144 -8.38894e-19)
(0.239178 0.500971 1.04035e-18)
(0.628256 1.19564 -2.16898e-19)
(0.770997 1.51016 -6.26923e-19)
(0.799512 1.56325 5.0883e-19)
(0.769075 1.54906 -3.29082e-19)
(0.742365 1.50775 5.32684e-19)
(0.703447 1.47277 3.51484e-19)
(0.667402 1.43538 0)
(0.627283 1.40372 4.00457e-19)
(0.595313 1.40259 -6.12681e-20)
(0.634014 1.56337 8.78169e-20)
(0.899833 2.31437 4.5194e-19)
(1.14573 3.14314 8.08173e-20)
(1.17323 3.25637 2.51158e-20)
(0.954369 2.83126 -5.44113e-19)
(0.32459 1.40303 -3.06255e-19)
(-0.331366 0.140339 6.53899e-19)
(-0.478171 -0.314308 3.68731e-19)
(-0.442429 -0.441629 8.84807e-20)
(-0.176371 -0.307779 9.20442e-19)
(0.206752 0.476316 0)
(0.581072 1.19023 2.0213e-19)
(0.725279 1.52615 -2.86498e-19)
(0.758327 1.58928 4.85525e-19)
(0.732582 1.57708 -6.62854e-19)
(0.709033 1.53482 2.68579e-19)
(0.674581 1.49789 0)
(0.644767 1.45906 0)
(0.610261 1.42458 0)
(0.587222 1.41927 1.08347e-19)
(0.642986 1.60312 -1.01644e-19)
(0.943271 2.3346 6.78014e-20)
(1.22985 3.12646 3.54743e-19)
(1.25429 3.24278 4.42703e-19)
(1.01461 2.81365 -7.87931e-19)
(0.38436 1.41161 6.33646e-19)
(-0.2971 0.156215 4.11359e-21)
(-0.654561 -0.628593 -1.35293e-18)
(-0.688941 -0.99577 1.83248e-19)
(-0.46356 -0.943899 0)
(0.173066 0.445494 9.37966e-19)
(0.52976 1.18237 -1.89023e-19)
(0.676293 1.54293 4.05518e-21)
(0.7131 1.61457 0)
(0.691902 1.6035 -3.10984e-19)
(0.67139 1.55871 1.75818e-20)
(0.643126 1.52008 0)
(0.61938 1.47995 1.08501e-19)
(0.591324 1.44495 -8.56096e-20)
(0.578851 1.42841 0)
(0.625867 1.61495 0)
(0.986545 2.29595 -1.93542e-19)
(1.31861 3.10379 -3.65362e-19)
(1.42605 3.20563 1.39824e-19)
(1.25836 2.85358 -2.57274e-19)
(0.745387 1.53839 4.47278e-19)
(0.0817923 0.331666 0)
(-0.431475 -0.716358 -1.11219e-18)
(-0.687296 -1.27917 -1.47762e-18)
(-0.566325 -1.3704 3.59081e-18)
(0.136131 0.400275 7.72387e-19)
(0.470604 1.15248 -1.79526e-19)
(0.619052 1.5431 2.62213e-19)
(0.661642 1.63203 -6.46597e-19)
(0.646357 1.62481 0)
(0.630119 1.58154 0)
(0.607008 1.54042 0)
(0.589381 1.49826 1.03503e-19)
(0.568909 1.4598 -8.16625e-20)
(0.569837 1.43336 0)
(0.614697 1.59553 0)
(0.993983 2.22756 2.88194e-19)
(1.42881 2.9937 -1.8643e-19)
(1.63075 3.07345 1.91825e-19)
(1.595 2.74429 5.88543e-19)
(1.31283 1.90238 0)
(0.720942 0.730948 -1.34928e-19)
(0.12508 -0.303267 -3.05063e-19)
(-0.322827 -1.22982 1.99506e-18)
(-0.534303 -1.54657 -2.42109e-18)
(0.0999858 0.349071 -7.18794e-19)
(0.407011 1.11697 1.84954e-19)
(0.557512 1.54337 5.36596e-19)
(0.604556 1.64797 3.78066e-19)
(0.595126 1.64349 -3.05706e-19)
(0.58397 1.59971 -2.11336e-19)
(0.567603 1.55628 1.49996e-19)
(0.556631 1.5083 0)
(0.542344 1.46913 0)
(0.558771 1.42867 0)
(0.599549 1.55822 -1.49428e-19)
(0.948151 2.04451 -2.42792e-19)
(1.41473 2.88145 1.34707e-19)
(1.63549 2.88312 -1.03066e-19)
(1.5797 2.64591 -1.57494e-19)
(1.42335 2.02798 0)
(0.946748 1.0265 8.09882e-20)
(0.445998 0.0595865 -1.10187e-19)
(-0.0158012 -0.823608 8.83208e-20)
(-0.220729 -1.07264 -2.61142e-20)
(0.0654565 0.284844 7.63039e-19)
(0.334603 1.04856 -6.2702e-19)
(0.48653 1.51491 0)
(0.540576 1.64916 1.84814e-19)
(0.538489 1.65229 1.35428e-19)
(0.533099 1.6117 2.95495e-19)
(0.521648 1.56646 -1.40221e-19)
(0.516566 1.51679 0)
(0.504805 1.47252 0)
(0.536719 1.41314 -2.34459e-19)
(0.5427 1.50586 3.91502e-20)
(0.840113 1.83482 1.05358e-19)
(1.25895 2.66745 7.72455e-20)
(1.4613 2.70167 -1.3706e-19)
(1.44833 2.55921 2.79742e-19)
(1.34398 2.15779 -7.20525e-19)
(1.03082 1.44971 5.41075e-19)
(0.617704 0.626958 0)
(0.209325 -0.0823994 6.30001e-20)
(-0.0716025 -0.502637 -1.89346e-18)
(0.0366981 0.220472 7.89967e-19)
(0.26077 0.973037 0)
(0.409916 1.48464 0)
(0.468774 1.64617 0)
(0.47402 1.65617 1.1424e-19)
(0.475673 1.62027 -2.8557e-19)
(0.469263 1.57243 -1.28937e-19)
(0.471947 1.52138 0)
(0.459598 1.47068 0)
(0.481376 1.40724 1.40796e-19)
(0.456459 1.43388 5.17667e-20)
(0.62754 1.67125 -4.08682e-20)
(1.01108 2.4742 -7.82983e-20)
(1.17191 2.63183 -1.91373e-19)
(1.15824 2.5658 2.95836e-19)
(1.09341 2.32234 -5.83761e-19)
(0.910748 1.82931 5.91567e-19)
(0.600373 1.1847 0)
(0.295045 0.587914 -5.8809e-20)
(0.0707576 0.124575 -1.3645e-18)
(0.0152361 0.150051 -7.57361e-19)
(0.182236 0.853345 2.61561e-19)
(0.327431 1.41231 4.00449e-19)
(0.391016 1.61932 -2.32814e-20)
(0.403298 1.64672 -2.42575e-19)
(0.412967 1.61939 -1.59294e-19)
(0.413801 1.56941 3.60584e-19)
(0.4215 1.51847 -7.90796e-21)
(0.407054 1.47396 0)
(0.406351 1.42542 3.95917e-20)
(0.384045 1.40866 -4.0034e-21)
(0.382583 1.56881 3.13837e-20)
(0.696552 2.34573 0)
(0.860687 2.64211 6.86572e-20)
(0.842359 2.63358 0)
(0.801981 2.51669 1.16949e-19)
(0.701613 2.21691 7.63544e-20)
(0.492229 1.70695 0)
(0.28237 1.16607 0)
(0.111933 0.604678 -1.23739e-18)
(0.00458469 0.0900981 6.24835e-19)
(0.111241 0.727977 -2.34498e-19)
(0.241444 1.32784 1.81243e-19)
(0.306396 1.57891 -2.84186e-19)
(0.331744 1.62241 1.10032e-19)
(0.344351 1.60752 -3.7622e-20)
(0.358549 1.55895 2.42961e-20)
(0.368979 1.51952 -4.75345e-20)
(0.356939 1.47856 -3.00348e-20)
(0.364888 1.44995 -2.23158e-20)
(0.343637 1.43501 5.66823e-21)
(0.265917 1.55367 0)
(0.399593 2.19767 6.06148e-21)
(0.581816 2.65374 0)
(0.551248 2.7386 0)
(0.516062 2.70459 0)
(0.460978 2.52146 4.96123e-19)
(0.334573 2.11508 -1.32981e-18)
(0.204156 1.60394 -9.88122e-23)
(0.0907659 0.902911 9.54041e-19)
(-0.000267583 0.0252258 1.09913e-19)
(0.0508694 0.565423 1.02675e-19)
(0.150893 1.19488 -8.36927e-20)
(0.213188 1.50329 -6.14235e-20)
(0.250342 1.58209 4.9663e-20)
(0.273429 1.57855 3.53455e-20)
(0.299897 1.53758 2.52363e-20)
(0.323418 1.51115 0)
(0.331169 1.46331 -1.24646e-20)
(0.36478 1.45803 -7.85572e-21)
(0.344509 1.47945 1.41185e-20)
(0.26301 1.57945 0)
(0.241389 2.09222 4.3709e-21)
(0.382353 2.65676 -1.17223e-20)
(0.326899 2.83507 0)
(0.286021 2.84684 0)
(0.253033 2.73292 -2.58137e-20)
(0.180343 2.39368 0)
(0.0976004 1.86112 -2.12931e-20)
(0.0358274 1.0607 0)
(0.000590751 -0.0255814 0)
(0.0142778 0.432363 0)
(0.0629749 1.04426 0)
(0.115636 1.38635 0)
(0.161387 1.50554 -1.20606e-33)
(0.201534 1.52219 9.2124e-34)
(0.243547 1.49715 0)
(0.293035 1.47591 0)
(0.334286 1.43029 0)
(0.392702 1.44821 0)
(0.403735 1.52787 0)
(0.294429 1.63425 0)
(0.198147 2.0901 0)
(0.258354 2.65947 0)
(0.190926 2.89832 0)
(0.154006 2.93665 0)
(0.142749 2.83905 0)
(0.0815282 2.57003 0)
(0.0319281 2.07297 0)
(-0.00589885 1.16518 0)
(7.25574e-05 -0.0366699 0)
(-0.00771776 0.402408 0)
(0.00670294 0.959012 0)
(0.043965 1.28138 0)
(0.0908923 1.40917 0)
(0.146218 1.439 0)
(0.20485 1.42524 0)
(0.284317 1.40113 0)
(0.356141 1.35563 0)
(0.461631 1.40507 0)
(0.468331 1.56799 0)
(0.3754 1.76053 0)
(0.181623 2.1387 0)
(0.17641 2.70314 0)
(0.118881 2.95201 0)
(0.0947052 2.9807 0)
(0.0748745 2.90634 0)
(0.018027 2.69304 0)
(-0.00300582 2.16955 0)
(-0.0108995 1.16735 0)
(-0.00487998 -0.00735929 0)
(-0.0126034 0.416267 0)
(-0.0163428 0.915002 0)
(0.00730703 1.19817 0)
(0.0496182 1.30686 0)
(0.110021 1.33554 0)
(0.179023 1.32201 0)
(0.278404 1.29153 0)
(0.365782 1.25837 0)
(0.505859 1.34394 0)
(0.49834 1.59756 0)
(0.467522 1.93164 0)
(0.202247 2.26065 0)
(0.145047 2.77711 0)
(0.0907375 3.00611 0)
(0.0496591 3.03738 0)
(0.00434085 3.03521 0)
(-0.0422153 2.7579 0)
(-0.0230254 2.17165 0)
(-0.0168264 1.13625 0)
(-0.00378999 0.0210576 0)
(-0.0127603 0.444869 0)
(-0.0227808 0.902258 0)
(-0.00600127 1.13111 0)
(0.0269458 1.21266 0)
(0.0847228 1.22817 0)
(0.151896 1.20913 0)
(0.251128 1.17246 0)
(0.341673 1.15216 0)
(0.49172 1.26852 0)
(0.494736 1.61121 0)
(0.501295 2.08655 0)
(0.246681 2.44017 0)
(0.131457 2.88344 0)
(0.0519061 3.09627 0)
(-0.0232631 3.17776 0)
(-0.090233 3.14903 0)
(-0.0878892 2.74042 0)
(-0.0484311 2.12748 0)
(-0.0299267 1.02281 0)
(-0.00199219 0.0484749 0)
(-0.0126867 0.48494 0)
(-0.0225799 0.902229 0)
(-0.0121042 1.08271 0)
(0.010887 1.13633 0)
(0.0553007 1.13662 0)
(0.108783 1.11011 0)
(0.188655 1.06625 0)
(0.266421 1.04909 0)
(0.390798 1.18799 0)
(0.419824 1.62365 0)
(0.416877 2.22097 0)
(0.161595 2.63992 0)
(0.0163292 3.06667 0)
(-0.0986301 3.2695 0)
(-0.167614 3.33937 0)
(-0.194509 3.1422 0)
(-0.130194 2.65336 0)
(-0.0760143 1.99857 0)
(-0.026099 0.823657 0)
(-0.00151642 0.0736187 0)
(-0.0137761 0.52556 0)
(-0.0239258 0.906727 0)
(-0.0214418 1.05671 0)
(-0.00941604 1.08632 0)
(0.0141886 1.07428 0)
(0.0433186 1.04147 0)
(0.0874451 0.99363 0)
(0.124131 0.975218 0)
(0.18214 1.14421 0)
(0.143959 1.66569 0)
(0.128394 2.39275 0)
(-0.148234 2.8976 0)
(-0.240522 3.26995 0)
(-0.324373 3.38971 0)
(-0.328802 3.35046 0)
(-0.255819 3.02561 0)
(-0.153637 2.4245 0)
(-0.0758454 1.76223 0)
(-0.0154792 0.651277 0)
(-0.00176675 0.101271 0)
(-0.0157588 0.571896 0)
(-0.0300979 0.925168 0)
(-0.0346702 1.05301 0)
(-0.0376027 1.07062 0)
(-0.0359325 1.05098 0)
(-0.0359922 1.01621 0)
(-0.0365612 0.971217 0)
(-0.0588588 0.964491 0)
(-0.098122 1.17078 0)
(-0.228885 1.74303 0)
(-0.26507 2.55609 0)
(-0.478012 3.05925 0)
(-0.471688 3.32001 0)
(-0.481772 3.36725 0)
(-0.405984 3.21681 0)
(-0.247699 2.70454 0)
(-0.131059 2.17617 0)
(-0.059433 1.53217 0)
(-0.00915045 0.512534 0)
(-0.00222419 0.132852 0)
(-0.0171545 0.626244 0)
(-0.0372304 0.965332 0)
(-0.0490026 1.07173 0)
(-0.0683671 1.09021 0)
(-0.0881727 1.07119 0)
(-0.11653 1.04029 0)
(-0.159543 1.00373 0)
(-0.236495 1.01751 0)
(-0.353209 1.25327 0)
(-0.529667 1.85633 0)
(-0.578562 2.63889 0)
(-0.665172 3.06883 0)
(-0.589399 3.24801 0)
(-0.511771 3.25599 0)
(-0.358949 2.90101 0)
(-0.177496 2.35111 0)
(-0.0930019 1.96341 0)
(-0.0377493 1.35373 0)
(-0.00433714 0.41583 0)
(-0.00268164 0.168286 0)
(-0.0182275 0.687294 0)
(-0.0420399 1.02216 0)
(-0.0631091 1.12608 0)
(-0.0970167 1.14516 0)
(-0.132062 1.12886 0)
(-0.183081 1.10707 0)
(-0.257192 1.08497 0)
(-0.370963 1.11699 0)
(-0.523078 1.36355 0)
(-0.69542 1.97175 0)
(-0.718548 2.6459 0)
(-0.729547 2.97935 0)
(-0.578425 3.11829 0)
(-0.435711 2.99606 0)
(-0.211541 2.53952 0)
(-0.100171 2.11967 0)
(-0.052199 1.81339 0)
(-0.017483 1.24201 0)
(-0.000577072 0.362355 0)
(-0.00285144 0.206243 0)
(-0.0182443 0.752645 0)
(-0.0440993 1.09193 0)
(-0.0709337 1.19956 0)
(-0.113002 1.22107 0)
(-0.159061 1.21184 0)
(-0.22389 1.20234 0)
(-0.314818 1.19725 0)
(-0.445524 1.24297 0)
(-0.605442 1.47759 0)
(-0.732374 2.06015 0)
(-0.730214 2.62484 0)
(-0.683077 2.85712 0)
(-0.454904 2.8591 0)
(-0.281301 2.61553 0)
(-0.0889185 2.2887 0)
(-0.0416221 1.99466 0)
(-0.0198043 1.73394 0)
(-0.0038354 1.18687 0)
(0.00162475 0.344917 0)
(-0.00271653 0.243741 0)
(-0.0167792 0.817434 0)
(-0.042621 1.16811 0)
(-0.0715801 1.28265 0)
(-0.116502 1.3091 0)
(-0.167363 1.30755 0)
(-0.2367 1.31003 0)
(-0.330516 1.32114 0)
(-0.460046 1.37711 0)
(-0.610422 1.58481 0)
(-0.702519 2.09244 0)
(-0.675148 2.55879 0)
(-0.511791 2.66073 0)
(-0.299886 2.58802 0)
(-0.151417 2.3469 0)
(-0.0300384 2.1376 0)
(-0.0111653 1.94117 0)
(-0.00416344 1.70428 0)
(0.00207396 1.16655 0)
(0.00245396 0.347217 0)
(-0.00239863 0.277659 0)
(-0.014225 0.876982 0)
(-0.0381364 1.24364 0)
(-0.0664237 1.36753 0)
(-0.109845 1.39935 0)
(-0.159717 1.40409 0)
(-0.225822 1.41567 0)
(-0.311571 1.43911 0)
(-0.424831 1.50134 0)
(-0.546413 1.67895 0)
(-0.609847 2.07941 0)
(-0.509108 2.41804 0)
(-0.336728 2.46086 0)
(-0.169382 2.37336 0)
(-0.0683009 2.18537 0)
(-0.00660041 2.05709 0)
(0.000990863 1.92363 0)
(0.00106933 1.69726 0)
(0.00375737 1.16165 0)
(0.00238424 0.357961 0)
(-0.00202342 0.306233 0)
(-0.0114957 0.928525 0)
(-0.0323053 1.31288 0)
(-0.0581558 1.44738 0)
(-0.0972098 1.484 0)
(-0.142213 1.49293 0)
(-0.20024 1.50934 0)
(-0.272343 1.53918 0)
(-0.362105 1.60134 0)
(-0.451987 1.74773 0)
(-0.474171 2.04128 0)
(-0.365017 2.28761 0)
(-0.213082 2.29998 0)
(-0.0930117 2.22461 0)
(-0.0292783 2.09766 0)
(-0.000657299 2.01871 0)
(0.00284974 1.92001 0)
(0.00133659 1.69645 0)
(0.0036014 1.16065 0)
(0.00189537 0.369401 0)
(-0.00163478 0.329436 0)
(-0.00921836 0.971526 0)
(-0.026566 1.37245 0)
(-0.0491076 1.5178 0)
(-0.0822992 1.55819 0)
(-0.120752 1.56969 0)
(-0.168819 1.58714 0)
(-0.226332 1.61787 0)
(-0.293659 1.67429 0)
(-0.356693 1.78926 0)
(-0.361901 1.99676 0)
(-0.26455 2.17513 0)
(-0.142495 2.1777 0)
(-0.060341 2.12597 0)
(-0.0186135 2.04893 0)
(-0.0035805 1.99911 0)
(6.70363e-05 1.91849 0)
(-0.000192296 1.69473 0)
(0.00262001 1.1594 0)
(0.00135886 0.378629 0)
(-0.00122836 0.348009 0)
(-0.00734558 1.00683 0)
(-0.0214861 1.42162 0)
(-0.0405012 1.57695 0)
(-0.0676401 1.62012 0)
(-0.0995453 1.63323 0)
(-0.138076 1.64959 0)
(-0.182586 1.67795 0)
(-0.231608 1.72588 0)
(-0.274315 1.81367 0)
(-0.273821 1.957 0)
(-0.197199 2.08306 0)
(-0.105596 2.0876 0)
(-0.0497738 2.05879 0)
(-0.0199437 2.01633 0)
(-0.00880677 1.98413 0)
(-0.00363638 1.91328 0)
(-0.00174113 1.68947 0)
(0.0015932 1.15647 0)
(0.000927943 0.384932 0)
(-0.000832601 0.362362 0)
(-0.00556278 1.03511 0)
(-0.0169059 1.46138 0)
(-0.0324091 1.62536 0)
(-0.0540408 1.67068 0)
(-0.0798862 1.68455 0)
(-0.110221 1.6989 0)
(-0.144184 1.72356 0)
(-0.179472 1.76258 0)
(-0.207972 1.82872 0)
(-0.205641 1.92716 0)
(-0.150392 2.01438 0)
(-0.0848594 2.02319 0)
(-0.0460839 2.01087 0)
(-0.0230322 1.9897 0)
(-0.0125173 1.96831 0)
(-0.00597694 1.9037 0)
(-0.00255467 1.68121 0)
(0.000896623 1.15223 0)
(0.000630203 0.388818 0)
(-0.000519739 0.372847 0)
(-0.00392159 1.05733 0)
(-0.0129551 1.49326 0)
(-0.0254676 1.66406 0)
(-0.0425409 1.71092 0)
(-0.0631458 1.72474 0)
(-0.0868029 1.73681 0)
(-0.112676 1.75754 0)
(-0.138247 1.78869 0)
(-0.15746 1.83844 0)
(-0.154566 1.90674 0)
(-0.116611 1.96672 0)
(-0.0711272 1.97814 0)
(-0.0432182 1.97573 0)
(-0.0245947 1.96654 0)
(-0.0142047 1.9517 0)
(-0.00699961 1.89156 0)
(-0.00279396 1.67155 0)
(0.0004755 1.14741 0)
(0.000421687 0.391104 0)
(-0.000322428 0.380024 0)
(-0.00264021 1.07424 0)
(-0.00975258 1.51889 0)
(-0.0197703 1.69519 0)
(-0.0330266 1.74304 0)
(-0.049113 1.75611 0)
(-0.0672071 1.76585 0)
(-0.0867814 1.78255 0)
(-0.105476 1.80699 0)
(-0.118765 1.84446 0)
(-0.116075 1.89267 0)
(-0.0904594 1.93433 0)
(-0.05942 1.94619 0)
(-0.0388408 1.94879 0)
(-0.0237521 1.94579 0)
(-0.0140138 1.93487 0)
(-0.00696591 1.87836 0)
(-0.00266313 1.66175 0)
(0.000213584 1.1428 0)
(0.000271174 0.392433 0)
(-0.000228121 0.384937 0)
(-0.00182214 1.08706 0)
(-0.00748482 1.539 0)
(-0.0156777 1.71907 0)
(-0.0259573 1.7674 0)
(-0.0385519 1.77956 0)
(-0.0522558 1.78736 0)
(-0.0671342 1.80051 0)
(-0.0808807 1.8196 0)
(-0.0903315 1.84805 0)
(-0.0881158 1.88294 0)
(-0.070757 1.91257 0)
(-0.0494893 1.92371 0)
(-0.0339965 1.92841 0)
(-0.0217893 1.92843 0)
(-0.0130321 1.91984 0)
(-0.00655974 1.86616 0)
(-0.00246384 1.6529 0)
(2.10518e-05 1.13861 0)
(0.00016402 0.393072 0)
(-0.000169508 0.388352 0)
(-0.00125969 1.09678 0)
(-0.00567324 1.55563 0)
(-0.0123332 1.73871 0)
(-0.0201154 1.78709 0)
(-0.0298778 1.79819 0)
(-0.0400085 1.80438 0)
(-0.0512671 1.81441 0)
(-0.0613033 1.82907 0)
(-0.0681038 1.85044 0)
(-0.0664342 1.87586 0)
(-0.0546108 1.89717 0)
(-0.0399789 1.9068 0)
(-0.0283451 1.91185 0)
(-0.0187031 1.91309 0)
(-0.0112521 1.90588 0)
(-0.00570478 1.85458 0)
(-0.00210148 1.64475 0)
(-7.33527e-05 1.13488 0)
(9.76934e-05 0.393297 0)
(-0.000122163 0.390759 0)
(-0.000864605 1.10395 0)
(-0.00433435 1.56829 0)
(-0.00995642 1.75311 0)
(-0.0159192 1.80117 0)
(-0.023723 1.81143 0)
(-0.0312378 1.81653 0)
(-0.0401017 1.82436 0)
(-0.047522 1.83588 0)
(-0.0526184 1.85226 0)
(-0.0513189 1.87126 0)
(-0.0430121 1.887 0)
(-0.0325865 1.89514 0)
(-0.0236118 1.89986 0)
(-0.0159208 1.9015 0)
(-0.00961404 1.89506 0)
(-0.00492169 1.84549 0)
(-0.00178607 1.63839 0)
(-0.000107042 1.1319 0)
(6.89005e-05 0.393303 0)
(-8.38104e-05 0.392418 0)
(-0.000541518 1.10956 0)
(-0.0031248 1.57962 0)
(-0.00768975 1.7662 0)
(-0.0121039 1.81354 0)
(-0.0181536 1.82281 0)
(-0.0235235 1.82686 0)
(-0.0303648 1.83274 0)
(-0.0357549 1.84152 0)
(-0.0395783 1.85375 0)
(-0.0386071 1.8677 0)
(-0.0327905 1.87912 0)
(-0.0253913 1.88553 0)
(-0.018634 1.88943 0)
(-0.0127361 1.89089 0)
(-0.00768269 1.88485 0)
(-0.00393855 1.83675 0)
(-0.00138796 1.63235 0)
(-9.18387e-05 1.12916 0)
(4.70421e-05 0.393195 0)
(-5.9618e-05 0.393444 0)
(-0.000363679 1.11316 0)
(-0.00236057 1.58712 0)
(-0.00631766 1.77452 0)
(-0.00975068 1.82115 0)
(-0.0147759 1.8298 0)
(-0.0187558 1.8332 0)
(-0.0244454 1.83796 0)
(-0.0285019 1.84504 0)
(-0.0316116 1.85475 0)
(-0.0307765 1.86563 0)
(-0.0264343 1.87441 0)
(-0.0208128 1.87965 0)
(-0.0154136 1.88291 0)
(-0.0106639 1.88413 0)
(-0.00643879 1.8783 0)
(-0.0033331 1.83114 0)
(-0.00117558 1.6285 0)
(-0.000107473 1.12742 0)
(2.94759e-05 0.39312 0)
(-4.75354e-05 0.394282 0)
(-0.000241655 1.1166 0)
(-0.00165276 1.59522 0)
(-0.00471936 1.78401 0)
(-0.00723068 1.82954 0)
(-0.0110076 1.83739 0)
(-0.013773 1.83997 0)
(-0.0180485 1.84347 0)
(-0.0208935 1.84857 0)
(-0.0232172 1.85563 0)
(-0.0225661 1.8634 0)
(-0.019521 1.86962 0)
(-0.0155233 1.87344 0)
(-0.0115634 1.87582 0)
(-0.00806497 1.8766 0)
(-0.0048838 1.87086 0)
(-0.00254889 1.82468 0)
(-0.000907616 1.62405 0)
(-9.91816e-05 1.12537 0)
(1.53666e-05 0.39289 0)
(-4.41507e-05 0.394667 0)
(-0.000202587 1.11801 0)
(-0.00134098 1.59864 0)
(-0.00407393 1.78791 0)
(-0.00617046 1.83292 0)
(-0.00953252 1.84045 0)
(-0.0117555 1.84269 0)
(-0.0155322 1.84575 0)
(-0.0178036 1.85009 0)
(-0.0198348 1.85606 0)
(-0.0191914 1.86254 0)
(-0.0166963 1.86765 0)
(-0.0133734 1.8709 0)
(-0.00999619 1.87292 0)
(-0.00701497 1.87351 0)
(-0.00425013 1.86784 0)
(-0.00223995 1.82207 0)
(-0.000815661 1.62225 0)
(-0.00011581 1.12454 0)
(-8.62474e-07 0.392807 0)
(-4.33799e-05 0.395402 0)
(-0.000199283 1.12075 0)
(-0.000962958 1.60525 0)
(-0.00284847 1.79582 0)
(-0.0043193 1.8398 0)
(-0.00660269 1.84658 0)
(-0.00809659 1.8481 0)
(-0.0106572 1.85018 0)
(-0.0121079 1.85287 0)
(-0.0134783 1.85675 0)
(-0.0129751 1.86081 0)
(-0.0113495 1.864 0)
(-0.00915682 1.866 0)
(-0.00689794 1.86722 0)
(-0.00489309 1.86736 0)
(-0.00302078 1.86171 0)
(-0.00164036 1.81675 0)
(-0.000655311 1.61851 0)
(-0.000142517 1.12269 0)
(-1.97602e-05 0.392376 0)
(-0.275104 1.67539 1.86348e-22)
(0.420333 3.27421 -1.93616e-19)
(0.10034 3.49572 2.94729e-19)
(0.214112 3.45614 0)
(0.180144 3.40211 0)
(0.174805 3.35023 -1.78338e-19)
(0.177314 3.32415 2.35679e-19)
(0.149227 3.27183 -2.47564e-19)
(0.127034 3.16543 5.05673e-21)
(0.120034 2.56667 4.00477e-19)
(-0.102867 2.40121 6.08427e-23)
(0.148731 3.32841 1.78099e-19)
(0.017241 3.45434 0)
(0.110128 3.40259 0)
(0.0862244 3.35391 5.29405e-21)
(0.092201 3.31219 4.04264e-19)
(0.087308 3.27421 -2.47288e-19)
(0.0610298 3.23525 -4.80424e-21)
(0.0573618 3.07272 4.58377e-21)
(0.0028308 2.07526 0)
(-0.026551 2.11257 -1.7717e-21)
(0.0955388 3.1631 2.10754e-21)
(0.0364446 3.35914 0)
(0.0841294 3.33338 1.80345e-19)
(0.062552 3.30634 -1.53306e-21)
(0.0635487 3.28239 -2.24359e-19)
(0.0526652 3.26698 -3.18019e-19)
(0.0368237 3.24299 -2.50699e-22)
(0.0442665 3.11423 4.76409e-21)
(-0.0159227 2.20618 0)
(-0.0384856 2.0483 5.12016e-20)
(0.0325505 3.13468 0)
(-0.00812223 3.31778 -9.75542e-20)
(0.0292747 3.31105 -6.12812e-20)
(0.0220005 3.28742 8.50434e-21)
(0.028736 3.26271 -1.66045e-19)
(0.0326472 3.24429 1.42478e-19)
(0.0250067 3.23188 -5.51109e-21)
(0.0443204 3.12205 7.43963e-21)
(0.00825495 2.24685 1.95693e-19)
(-0.0449718 2.04099 -5.16036e-20)
(0.0186394 3.09864 0)
(-0.00278687 3.27205 2.27956e-19)
(0.0187166 3.26408 -1.31271e-19)
(0.0175922 3.24929 -7.42974e-22)
(0.0212367 3.23705 -8.12076e-21)
(0.0231209 3.2334 -1.53199e-20)
(0.0237694 3.22261 -2.02966e-19)
(0.0443577 3.1252 5.52926e-21)
(-0.00310507 2.31008 -4.14511e-19)
(-0.0523874 2.09004 0)
(-0.00697229 3.09042 -1.42422e-19)
(-0.0264277 3.24684 2.30185e-20)
(-0.0111939 3.24877 -1.01685e-20)
(-0.00264604 3.23343 1.0481e-20)
(0.00521658 3.22043 1.76238e-19)
(0.0182474 3.20983 1.87621e-19)
(0.0223185 3.20483 4.04278e-19)
(0.0430398 3.12329 2.28023e-19)
(0.0110982 2.35309 -1.62809e-20)
(-0.0477658 2.14981 0)
(-0.0177222 3.0858 1.47316e-19)
(-0.0173051 3.21553 -1.5714e-19)
(-0.00981205 3.21333 -1.14997e-20)
(0.00123722 3.20262 2.3943e-20)
(0.00902923 3.19535 3.85007e-22)
(0.0165721 3.19588 -1.3106e-20)
(0.0222987 3.19029 -2.13792e-19)
(0.0429404 3.12038 -2.22222e-19)
(0.00374639 2.41902 -1.70228e-20)
(-0.0501455 2.22714 1.84577e-19)
(-0.0277325 3.0858 -8.55747e-21)
(-0.0312556 3.19513 5.93001e-21)
(-0.0227412 3.19634 0)
(-0.0123198 3.18607 0)
(-0.000898204 3.17843 0)
(0.014577 3.1709 0)
(0.0212241 3.16924 2.49053e-19)
(0.0410943 3.11262 -2.5822e-19)
(0.0157066 2.46359 2.51865e-19)
(-0.044374 2.31193 2.55434e-20)
(-0.032385 3.08736 2.08725e-19)
(-0.0201113 3.17008 0)
(-0.0143236 3.16563 -1.39011e-20)
(-0.00375265 3.15764 1.42215e-20)
(0.00580411 3.15279 0)
(0.0143571 3.15471 -7.84189e-21)
(0.0207004 3.15236 -2.41664e-19)
(0.0404459 3.1087 2.5914e-19)
(0.0102546 2.53269 0)
(-0.0451807 2.40045 1.76893e-20)
(-0.0362421 3.08547 -3.2293e-19)
(-0.0302076 3.1501 0)
(-0.0224066 3.14721 0)
(-0.0133822 3.13946 1.56889e-20)
(-0.00218653 3.13411 -1.33948e-19)
(0.012395 3.12833 -1.66218e-20)
(0.019434 3.12937 1.43786e-19)
(0.0383539 3.09629 0)
(0.0194683 2.58105 0)
(-0.0385424 2.4947 -3.43916e-19)
(-0.0381742 3.08391 1.1624e-19)
(-0.0200584 3.12441 0)
(-0.0129752 3.11618 0)
(-0.00355217 3.10938 0)
(0.0057519 3.10614 2.78689e-19)
(0.0137551 3.1093 0)
(0.0200391 3.11035 -1.53488e-19)
(0.0380858 3.0902 9.5672e-21)
(0.0147345 2.65364 1.63958e-19)
(-0.0387589 2.58589 1.24677e-19)
(-0.0404203 3.07389 -1.22935e-20)
(-0.0300478 3.10113 1.49044e-19)
(-0.0213567 3.09508 1.45269e-19)
(-0.0123908 3.08859 0)
(-0.000931294 3.08462 -1.44512e-19)
(0.0131903 3.08073 0)
(0.0212633 3.08457 0)
(0.0383168 3.07236 0)
(0.0225004 2.70643 -1.6472e-19)
(-0.0341121 2.68164 -1.37411e-19)
(-0.0429409 3.06396 1.42124e-19)
(-0.0230188 3.07206 -1.40593e-19)
(-0.0131163 3.06199 -2.23379e-19)
(-0.00292711 3.05679 0)
(0.00731995 3.05514 2.01057e-20)
(0.0161885 3.05928 -1.02492e-20)
(0.0246242 3.06287 7.72713e-20)
(0.0418373 3.06137 9.58455e-20)
(0.0206269 2.78031 -9.87806e-20)
(-0.0352849 2.76941 1.40953e-19)
(-0.0468472 3.04295 -1.36412e-19)
(-0.0330472 3.0455 9.8362e-21)
(-0.020909 3.04039 5.73245e-20)
(-0.010969 3.03646 -8.35976e-20)
(0.000228378 3.03418 0)
(0.0143892 3.03146 8.99972e-20)
(0.0258464 3.03563 4.94984e-21)
(0.0444785 3.0368 -1.86837e-19)
(0.0288311 2.83263 -6.5489e-21)
(-0.0288533 2.85789 -4.17308e-20)
(-0.0437853 3.02351 1.00888e-20)
(-0.0227674 3.01805 -5.25141e-20)
(-0.0110292 3.0145 2.1524e-20)
(-0.00223113 3.01404 1.02096e-19)
(0.00629583 3.01349 -4.36115e-20)
(0.0138256 3.01473 -4.27293e-20)
(0.0231733 3.01679 -4.45671e-20)
(0.0419603 3.0216 9.65684e-20)
(0.0246348 2.90024 4.65927e-20)
(-0.0179399 2.93773 3.35268e-20)
(-0.0261632 2.99875 1.48513e-20)
(-0.0162347 3.00048 2.89248e-20)
(-0.00938206 3.00168 -5.92668e-20)
(-0.00408489 3.00262 2.01002e-20)
(0.000626697 3.00219 4.06796e-20)
(0.00587921 3.0006 -4.24169e-20)
(0.0108345 2.99895 -4.45486e-20)
(0.0217512 2.99736 6.1033e-21)
(0.0166445 2.94919 4.31794e-20)
)
;

boundaryField
{
    wall-4
    {
        type            noSlip;
    }
    pressure-outlet-7
    {
        type            zeroGradient;
    }
    velocity-inlet-6
    {
        type            fixedValue;
        value           uniform (0 3 0);
    }
    velocity-inlet-5
    {
        type            fixedValue;
        value           uniform (1 0 0);
    }
    frontAndBackPlanes
    {
        type            empty;
    }
}


// ************************************************************************* //
