/*--------------------------------*- C++ -*----------------------------------*\
| =========                 |                                                 |
| \\      /  F ield         | OpenFOAM: The Open Source CFD Toolbox           |
|  \\    /   O peration     | Version:  4.0                                   |
|   \\  /    A nd           | Web:      www.OpenFOAM.org                      |
|    \\/     M anipulation  |                                                 |
\*---------------------------------------------------------------------------*/
FoamFile
{
    version     2.0;
    format      ascii;
    class       volScalarField;
    location    "6";
    object      p;
}
// * * * * * * * * * * * * * * * * * * * * * * * * * * * * * * * * * * * * * //

dimensions      [0 2 -2 0 0 0 0];

internalField   nonuniform List<scalar> 
8800
(
0.458449
0.410916
0.372619
0.344133
0.323866
0.309688
0.299729
0.292801
0.288366
0.286423
0.287319
0.290861
0.296722
0.305209
0.317178
0.33417
0.358327
0.391773
0.433886
0.492514
0.288931
0.296824
0.30523
0.309165
0.308387
0.304092
0.298332
0.292859
0.288518
0.285761
0.28528
0.287415
0.291285
0.296463
0.302362
0.30774
0.310509
0.309101
0.302762
0.293411
0.266471
0.273117
0.278279
0.282112
0.284817
0.286041
0.285641
0.284208
0.282659
0.281899
0.282423
0.284033
0.285923
0.287158
0.286916
0.28496
0.28176
0.277266
0.271721
0.267919
0.263449
0.266183
0.270378
0.273965
0.276343
0.277819
0.278575
0.278681
0.278385
0.278202
0.278607
0.279329
0.279766
0.279553
0.278589
0.27683
0.273923
0.26987
0.266237
0.265115
0.264735
0.265476
0.267048
0.268811
0.270635
0.272286
0.273461
0.274134
0.27446
0.274689
0.275013
0.275252
0.275125
0.274455
0.273206
0.271524
0.269833
0.268125
0.266973
0.266696
0.263342
0.263625
0.264341
0.265202
0.266077
0.266949
0.26775
0.268453
0.269001
0.269427
0.269756
0.26987
0.269684
0.269234
0.268625
0.267833
0.267082
0.266295
0.265814
0.265713
0.260855
0.260985
0.261341
0.261877
0.262519
0.263243
0.263983
0.264684
0.265317
0.265879
0.266273
0.266399
0.266267
0.265921
0.26544
0.264915
0.26443
0.264024
0.263809
0.263763
0.257432
0.257497
0.257677
0.257961
0.258329
0.258791
0.259344
0.259966
0.260622
0.261272
0.261781
0.262035
0.262064
0.261946
0.261757
0.261547
0.261347
0.261182
0.261096
0.261072
0.253613
0.253657
0.25378
0.253982
0.254269
0.254653
0.255143
0.25574
0.256435
0.257198
0.257858
0.258271
0.258466
0.258513
0.258476
0.2584
0.258316
0.258243
0.258203
0.258187
0.24948
0.249505
0.249599
0.249754
0.249989
0.250328
0.250796
0.251413
0.252184
0.253094
0.253948
0.254552
0.254921
0.255126
0.255225
0.255263
0.255268
0.255259
0.255251
0.255241
0.24507
0.245095
0.245173
0.245315
0.245541
0.245883
0.246376
0.247056
0.247952
0.249062
0.250161
0.250992
0.251545
0.251901
0.252117
0.252242
0.252309
0.25234
0.252351
0.252344
0.24037
0.24039
0.240474
0.240626
0.240872
0.241251
0.241813
0.24261
0.243689
0.245064
0.246465
0.247557
0.248331
0.248844
0.249174
0.249378
0.249497
0.249561
0.249588
0.249583
0.235363
0.235385
0.235478
0.235652
0.235939
0.236388
0.237061
0.23803
0.239361
0.241084
0.242871
0.244296
0.245306
0.245996
0.246448
0.246734
0.246906
0.247001
0.247041
0.247037
0.229981
0.230005
0.230117
0.230328
0.230679
0.23123
0.232063
0.233268
0.234934
0.237107
0.239379
0.241201
0.242508
0.243406
0.244
0.244377
0.244607
0.244736
0.244792
0.244788
0.224135
0.224165
0.224305
0.224569
0.225008
0.225701
0.226748
0.228267
0.230372
0.233124
0.236007
0.238326
0.239995
0.241145
0.241906
0.242393
0.24269
0.242857
0.24293
0.242926
0.217707
0.217744
0.217923
0.218259
0.218818
0.219699
0.22103
0.222961
0.225634
0.229126
0.232782
0.235721
0.237837
0.239296
0.240263
0.240882
0.24126
0.241473
0.241565
0.24156
0.210531
0.21058
0.21081
0.211242
0.211961
0.213092
0.214797
0.217264
0.220671
0.225108
0.229738
0.233453
0.236125
0.237965
0.239186
0.239967
0.240444
0.240714
0.24083
0.240824
0.202391
0.202455
0.202754
0.203316
0.204248
0.20571
0.207907
0.211075
0.215429
0.221069
0.226926
0.231609
0.23497
0.237284
0.238818
0.2398
0.240399
0.240739
0.240885
0.240876
0.19299
0.193075
0.19347
0.194208
0.195426
0.197332
0.200182
0.204267
0.209845
0.217016
0.22441
0.230297
0.234514
0.237413
0.239336
0.240566
0.241317
0.241742
0.241925
0.241913
0.181926
0.182043
0.182569
0.18355
0.185162
0.18767
0.191395
0.196689
0.20385
0.212961
0.222274
0.229648
0.23492
0.238544
0.240949
0.242488
0.243429
0.243961
0.244188
0.244173
0.168643
0.168808
0.169519
0.170843
0.17301
0.176353
0.181267
0.18817
0.197382
0.208941
0.220623
0.22982
0.236386
0.240905
0.24391
0.245836
0.247015
0.24768
0.247965
0.247946
0.152344
0.152583
0.153566
0.155399
0.158377
0.162913
0.169477
0.178538
0.190404
0.205022
0.219591
0.230991
0.239134
0.244758
0.248515
0.250933
0.252414
0.253248
0.253604
0.253581
0.13182
0.132167
0.13358
0.136229
0.140467
0.146768
0.155671
0.167651
0.182932
0.201314
0.219334
0.233352
0.243392
0.25038
0.255093
0.258154
0.260036
0.26109
0.261536
0.261508
0.105105
0.105627
0.107821
0.111905
0.118206
0.127219
0.139503
0.155433
0.175052
0.19797
0.220012
0.237064
0.24935
0.258016
0.263968
0.267911
0.270374
0.27176
0.272338
0.272298
0.0688185
0.0697449
0.0736388
0.0804964
0.0903334
0.103626
0.120801
0.14198
0.166959
0.195172
0.22175
0.242212
0.257085
0.267788
0.275363
0.280579
0.283992
0.285998
0.286852
0.286784
0.0162899
0.0190201
0.0273842
0.0399549
0.0560442
0.0760221
0.0999954
0.127802
0.159076
0.193185
0.224653
0.248777
0.266505
0.279582
0.289212
0.296232
0.30123
0.304502
0.3061
0.306034
-0.0640732
-0.0507958
-0.0314185
-0.00851142
0.017153
0.0460732
0.078274
0.11362
0.151794
0.192267
0.229029
0.257223
0.278278
0.294297
0.306693
0.316435
0.324169
0.330181
0.334254
0.335264
-0.149323
-0.121159
-0.0900392
-0.0567677
-0.0213866
0.0163567
0.0566546
0.0995125
0.144777
0.19214
0.235057
0.26827
0.293525
0.313272
0.329116
0.342162
0.353101
0.362688
0.37135
0.372821
-0.21098
-0.180641
-0.141727
-0.100304
-0.0567796
-0.0111558
0.0365718
0.0863968
0.138259
0.19198
0.2404
0.277791
0.306213
0.328404
0.346098
0.360456
0.372288
0.382084
0.389492
0.390962
-0.258761
-0.226342
-0.183097
-0.1364
-0.0871134
-0.0354941
0.018254
0.0739856
0.131574
0.190842
0.243976
0.284765
0.315476
0.33912
0.357653
0.372414
0.384366
0.394116
0.401532
0.403106
-0.294981
-0.262211
-0.216121
-0.16584
-0.112547
-0.0565188
0.00191394
0.062478
0.124965
0.189152
0.246507
0.290235
0.322813
0.347577
0.366709
0.38172
0.393676
0.403266
0.410405
0.411992
-0.32401
-0.291137
-0.243351
-0.190514
-0.134173
-0.0747358
-0.0125995
0.0518894
0.118477
0.186934
0.248111
0.294581
0.328925
0.354737
0.374429
0.389676
0.401669
0.411179
0.418136
0.419724
-0.348199
-0.315265
-0.266338
-0.211715
-0.153121
-0.0910407
-0.025988
0.0416562
0.111688
0.183981
0.248856
0.298139
0.334367
0.361339
0.381685
0.397247
0.409342
0.418806
0.425614
0.427209
-0.369296
-0.336152
-0.286286
-0.230292
-0.169983
-0.105904
-0.0385853
0.031573
0.104472
0.180229
0.248803
0.301152
0.339541
0.367911
0.389084
0.405079
0.417359
0.426841
0.433561
0.435164
-0.388055
-0.354636
-0.304053
-0.246936
-0.185267
-0.119641
-0.0506211
0.0214344
0.0966242
0.175499
0.247887
0.303708
0.344704
0.374828
0.397078
0.413677
0.426235
0.435805
0.442442
0.444036
-0.405235
-0.371419
-0.320099
-0.262065
-0.199331
-0.13255
-0.0623104
0.0110725
0.0879778
0.169597
0.245963
0.305809
0.350005
0.382362
0.40603
0.423446
0.436414
0.446141
0.452751
0.45435
-0.42084
-0.386664
-0.334735
-0.275921
-0.212348
-0.144742
-0.0737424
0.000400827
0.0783942
0.162316
0.242807
0.307354
0.355502
0.390714
0.416235
0.434752
0.4483
0.458238
0.464859
0.466547
-0.435294
-0.400711
-0.348129
-0.288654
-0.224441
-0.156291
-0.0849445
-0.0106192
0.0677748
0.153427
0.238146
0.308144
0.361167
0.400016
0.427949
0.447917
0.462259
0.472586
0.479108
0.480951
-0.448599
-0.413773
-0.360456
-0.300377
-0.235667
-0.167216
-0.0958934
-0.0219486
0.0560797
0.142731
0.231645
0.307923
0.366904
0.410336
0.441361
0.46322
0.478592
0.489388
0.496063
0.497853
-0.460867
-0.425499
-0.371807
-0.311165
-0.246042
-0.177493
-0.10653
-0.0335215
0.043317
0.13005
0.222953
0.306363
0.372532
0.421678
0.45662
0.480892
0.49761
0.509032
0.515869
0.517609
-0.472256
-0.436418
-0.382138
-0.321017
-0.255581
-0.187079
-0.116775
-0.0452143
0.029572
0.115257
0.211702
0.303076
0.377814
0.433955
0.473746
0.501052
0.51953
0.531827
0.538909
0.540432
-0.482813
-0.446457
-0.39158
-0.32997
-0.264278
-0.195938
-0.126517
-0.0568938
0.0149669
0.0982932
0.197529
0.297648
0.382473
0.446941
0.492711
0.523795
0.544446
0.55785
0.565245
0.566463
-0.492524
-0.455601
-0.400143
-0.338061
-0.27214
-0.204032
-0.13566
-0.0683722
-0.000331121
0.0791749
0.180082
0.289642
0.386091
0.460393
0.513197
0.548973
0.572265
0.586885
0.594528
0.59537
-0.501416
-0.463945
-0.407894
-0.345332
-0.279187
-0.211337
-0.144119
-0.0794857
-0.0160957
0.057968
0.159084
0.278643
0.388435
0.473769
0.534701
0.576412
0.6032
0.619084
0.626527
0.626653
-0.509719
-0.47155
-0.414888
-0.351829
-0.285445
-0.21785
-0.151816
-0.0900681
-0.0320649
0.0348157
0.13425
0.264196
0.388927
0.486684
0.556796
0.605215
0.636925
0.654501
0.660198
0.658785
-0.517334
-0.478491
-0.421159
-0.357594
-0.290957
-0.223572
-0.158699
-0.0999539
-0.047981
0.00997248
0.105307
0.245904
0.387355
0.498677
0.577868
0.633742
0.672608
0.695019
0.69721
0.690238
-0.524499
-0.484836
-0.426762
-0.362694
-0.2958
-0.228561
-0.164795
-0.109129
-0.0638096
-0.01671
0.0715145
0.222619
0.383669
0.509865
0.596059
0.658153
0.705826
0.741338
0.748756
0.722165
-0.531222
-0.490581
-0.43176
-0.367268
-0.300122
-0.232961
-0.170254
-0.117779
-0.079932
-0.0465256
0.0300095
0.191003
0.376867
0.519835
0.60919
0.672763
0.72316
0.754196
0.753414
0.717701
-0.537363
-0.495616
-0.436027
-0.371291
-0.303832
-0.236649
-0.174978
-0.125601
-0.0957934
-0.0788876
-0.0200631
0.148875
0.366297
0.532232
0.615227
0.664918
0.699281
0.703082
0.632846
0.582197
-0.542186
-0.499563
-0.439179
-0.374275
-0.306514
-0.239374
-0.178826
-0.132369
-0.111
-0.113849
-0.0799503
0.0940744
0.35348
0.54666
0.614208
0.621282
0.633285
0.582084
0.492066
0.432565
-0.601209
-0.49991
-0.442373
-0.377207
-0.309318
-0.242124
-0.181653
-0.13754
-0.124874
-0.151814
-0.153136
0.0192814
0.326603
0.556057
0.602266
0.563735
0.509529
0.42115
0.313507
0.253525
-0.517871
-0.501762
-0.446091
-0.380891
-0.312415
-0.244518
-0.18503
-0.144692
-0.145104
-0.21383
-0.299417
-0.16155
0.243237
0.535809
0.562468
0.362011
0.181816
0.0669904
-0.0402933
0.0164675
-0.544308
-0.508579
-0.450378
-0.384826
-0.315461
-0.246812
-0.186495
-0.147488
-0.155293
-0.251697
-0.422016
-0.371914
0.0964097
0.452037
0.387966
0.125207
-0.10275
-0.252751
-0.399137
-0.288589
-0.55849
-0.517556
-0.456614
-0.389622
-0.318934
-0.249118
-0.187625
-0.149009
-0.162846
-0.291584
-0.585235
-0.69463
-0.138753
0.228975
0.12088
-0.19558
-0.4456
-0.63462
-0.855833
-0.707081
-0.571197
-0.526183
-0.462967
-0.39392
-0.321653
-0.250392
-0.187626
-0.148819
-0.16762
-0.332599
-0.791887
-1.17555
-0.518051
-0.127126
-0.267534
-0.574607
-0.869083
-1.11637
-1.43749
-1.34277
-0.581466
-0.53436
-0.4691
-0.398043
-0.324035
-0.251
-0.186521
-0.146404
-0.168031
-0.362532
-1.00865
-1.78722
-1.05811
-0.571352
-0.696778
-0.953307
-1.29758
-1.64914
-2.07963
-2.40987
-0.590377
-0.542145
-0.4753
-0.402382
-0.326439
-0.251307
-0.18448
-0.141814
-0.163241
-0.377492
-1.18607
-2.3379
-1.58733
-1.03768
-1.07812
-1.26644
-1.58845
-1.96036
-2.14315
-2.53617
-0.599264
-0.550022
-0.481814
-0.407091
-0.329047
-0.251505
-0.181617
-0.135097
-0.152508
-0.377776
-1.32483
-2.66609
-1.96418
-1.43597
-1.40864
-1.51184
-1.65211
-1.89087
-2.03556
-2.07643
-0.608542
-0.558381
-0.488806
-0.412246
-0.331988
-0.251668
-0.178104
-0.126171
-0.135028
-0.355845
-1.33319
-2.69914
-2.0881
-1.6687
-1.66279
-1.75227
-1.64423
-1.6831
-1.82884
-1.8281
-0.618706
-0.567555
-0.496493
-0.418019
-0.33539
-0.251977
-0.17417
-0.115239
-0.110808
-0.29715
-1.17365
-2.35034
-1.89274
-1.71679
-1.85886
-2.10682
-1.82333
-1.51779
-1.72555
-1.85543
-0.630415
-0.577937
-0.505212
-0.424706
-0.339511
-0.25279
-0.170116
-0.103074
-0.081075
-0.21157
-0.859835
-1.66737
-1.43886
-1.54816
-2.04411
-2.83686
-3.1976
-2.95021
-2.68771
-2.6114
-0.64397
-0.58995
-0.515356
-0.432631
-0.344739
-0.254439
-0.166603
-0.090607
-0.048203
-0.110929
-0.478323
-0.893131
-0.872345
-1.18823
-2.02182
-3.50867
-4.71674
-4.45758
-3.82651
-3.50131
-0.659713
-0.603969
-0.527287
-0.442169
-0.3514
-0.257421
-0.164192
-0.0787394
-0.0155566
-0.0113882
-0.131057
-0.232723
-0.311412
-0.654698
-1.43044
-2.58881
-3.45688
-3.35011
-2.89657
-2.65682
-0.677952
-0.620388
-0.54134
-0.453626
-0.359835
-0.26203
-0.163396
-0.0689544
0.0139781
0.0741549
0.112644
0.178337
0.140116
-0.0270405
-0.36327
-0.736356
-1.00372
-1.00334
-0.902531
-0.855714
-0.698968
-0.63942
-0.55771
-0.467162
-0.370219
-0.268665
-0.164781
-0.061489
0.0387139
0.139334
0.257714
0.390239
0.432522
0.412647
0.338037
0.281814
0.289091
0.33079
0.35363
0.359328
-0.722649
-0.661056
-0.57636
-0.482833
-0.382613
-0.277152
-0.168159
-0.0569282
0.0574459
0.185242
0.3391
0.495222
0.593916
0.65721
0.704756
0.756431
0.815063
0.861895
0.883016
0.885497
-0.748062
-0.684538
-0.596891
-0.500136
-0.396549
-0.287333
-0.173541
-0.0551638
0.0703908
0.215639
0.384608
0.548389
0.6744
0.773306
0.856683
0.930844
0.995098
1.04181
1.06589
1.07027
-0.774435
-0.709142
-0.618317
-0.51839
-0.411438
-0.298514
-0.180178
-0.0559003
0.0780608
0.233955
0.408562
0.571959
0.705018
0.812027
0.899841
0.972561
1.03117
1.07453
1.09984
1.10528
-0.799657
-0.732718
-0.639434
-0.536181
-0.425972
-0.309629
-0.187406
-0.0583477
0.0818195
0.243412
0.41844
0.576995
0.707278
0.8117
0.895029
0.961296
1.01392
1.05348
1.07842
1.0841
-0.820303
-0.752953
-0.657608
-0.5516
-0.438551
-0.319334
-0.194067
-0.0614523
0.0826537
0.246669
0.418889
0.570432
0.694005
0.792549
0.870365
0.931666
0.979844
1.01716
1.0398
1.04631
-0.83384
-0.766822
-0.670108
-0.561932
-0.446969
-0.325874
-0.198705
-0.0641604
0.0814125
0.24552
0.412253
0.555766
0.671796
0.764112
0.837093
0.89472
0.940309
0.975894
0.997732
1.00439
-0.835939
-0.769907
-0.673603
-0.564417
-0.448613
-0.327158
-0.199855
-0.0654594
0.0791483
0.239515
0.399222
0.534353
0.642725
0.729166
0.797872
0.85248
0.896009
0.92997
0.951301
0.958172
-0.820101
-0.75721
-0.663086
-0.554947
-0.440778
-0.32124
-0.196126
-0.0645021
0.0761336
0.230078
0.380474
0.506362
0.606866
0.687444
0.752066
0.803875
0.845599
0.878016
0.899144
0.906317
-0.778524
-0.721426
-0.633116
-0.529218
-0.419755
-0.30551
-0.186196
-0.0608253
0.0725844
0.217084
0.355891
0.47126
0.562912
0.637014
0.697093
0.745813
0.785339
0.816526
0.837321
0.844933
-0.707428
-0.659667
-0.57732
-0.482756
-0.382699
-0.278082
-0.168583
-0.0533731
0.069011
0.200678
0.325943
0.428365
0.509583
0.575129
0.628816
0.67302
0.708934
0.737724
0.758726
0.766235
-0.596943
-0.562144
-0.492794
-0.412603
-0.327601
-0.237634
-0.142294
-0.0411427
0.0666523
0.182137
0.290757
0.378021
0.446077
0.499951
0.543282
0.578937
0.608261
0.631057
0.646443
0.651404
-0.431523
-0.4143
-0.37099
-0.315685
-0.253823
-0.184618
-0.108324
-0.0244743
0.0671605
0.166751
0.260621
0.33528
0.392412
0.436548
0.47068
0.496692
0.516569
0.532725
0.544841
0.548145
-0.261999
-0.256708
-0.236837
-0.207863
-0.17043
-0.124179
-0.0686155
-0.00362813
0.0707704
0.154128
0.233761
0.296891
0.344337
0.379563
0.405359
0.424216
0.437791
0.446557
0.451313
0.452373
-0.135105
-0.133312
-0.12608
-0.113054
-0.0933452
-0.065445
-0.0279729
0.01977
0.0778343
0.145489
0.211302
0.263346
0.301758
0.329605
0.349319
0.362487
0.370615
0.375417
0.377864
0.378193
-0.0518004
-0.0523974
-0.0513889
-0.0462147
-0.0355368
-0.0183182
0.00681236
0.0411849
0.0854352
0.139131
0.192547
0.234883
0.265689
0.287249
0.301653
0.310943
0.316652
0.319669
0.320722
0.320764
-0.00283092
-0.00352934
-0.00396856
-0.00210476
0.00367119
0.0147083
0.032291
0.0575233
0.091223
0.133333
0.175897
0.209665
0.234011
0.250919
0.262223
0.269314
0.273314
0.275235
0.27588
0.275907
0.0262934
0.0260048
0.025935
0.0273193
0.0311457
0.0385101
0.0507951
0.069312
0.0949566
0.127836
0.161589
0.188475
0.20779
0.221017
0.229602
0.234866
0.237866
0.239349
0.239881
0.239923
0.0454219
0.0453208
0.0454067
0.0464995
0.0493372
0.0547708
0.0638198
0.0776027
0.0970893
0.122597
0.149117
0.170292
0.185422
0.195715
0.2024
0.206505
0.208822
0.209952
0.210362
0.210396
0.0578252
0.057816
0.0580076
0.0589285
0.0610887
0.0651441
0.0719313
0.0823766
0.0973042
0.11708
0.137839
0.154477
0.166365
0.174438
0.17965
0.182832
0.184629
0.185508
0.185835
0.185862
0.065631
0.065662
0.065896
0.0666856
0.0684005
0.0715275
0.0767001
0.0846648
0.0961316
0.111464
0.127672
0.140696
0.149995
0.156294
0.160356
0.162835
0.164234
0.164922
0.165175
0.165194
0.070101
0.0701409
0.0703636
0.0710154
0.0723691
0.0747946
0.0787794
0.0849061
0.0937501
0.105638
0.118268
0.128442
0.135709
0.140629
0.143798
0.14573
0.146818
0.147352
0.147546
0.147559
0.0720561
0.0720945
0.0722877
0.0728152
0.073883
0.075771
0.0788532
0.0835843
0.0904222
0.0996455
0.109481
0.117416
0.123086
0.126923
0.129392
0.130894
0.131738
0.13215
0.132298
0.132307
0.0720791
0.0721122
0.0722713
0.0726914
0.073529
0.0749995
0.0773904
0.0810534
0.0863505
0.093509
0.10116
0.107343
0.111761
0.114749
0.116671
0.117838
0.118493
0.11881
0.118923
0.118928
0.0706062
0.0706332
0.0707604
0.0710911
0.0717459
0.0728902
0.0747458
0.0775857
0.0816927
0.0872504
0.0932002
0.0980121
0.101451
0.103776
0.10527
0.106175
0.106681
0.106926
0.107011
0.107015
0.0679712
0.067993
0.0680939
0.0683529
0.068863
0.0697525
0.0711931
0.0733962
0.0765818
0.0808956
0.0855183
0.0892593
0.0919337
0.0937412
0.0949017
0.0956043
0.0959953
0.096182
0.0962463
0.0962482
0.0644356
0.0644526
0.0645312
0.0647328
0.0651297
0.0658209
0.0669386
0.0686468
0.0711171
0.0744644
0.0780543
0.0809608
0.0830381
0.0844406
0.0853395
0.0858826
0.0861845
0.0863293
0.0863786
0.0863796
0.0601995
0.0602127
0.0602739
0.0604306
0.0607384
0.061274
0.06214
0.0634639
0.0653788
0.067974
0.070758
0.073012
0.0746225
0.0757095
0.0764054
0.0768255
0.0770587
0.077169
0.0772059
0.0772064
0.0554211
0.0554311
0.0554783
0.0555992
0.055837
0.0562512
0.0569213
0.0579456
0.0594271
0.0614353
0.0635909
0.0653357
0.0665816
0.0674225
0.0679611
0.0682855
0.0684643
0.0685483
0.0685762
0.0685763
0.0502222
0.0502298
0.0502659
0.0503588
0.0505421
0.0508614
0.051378
0.0521681
0.0533113
0.0548617
0.0565262
0.0578739
0.0588365
0.0594851
0.0598988
0.060147
0.0602837
0.0603471
0.0603678
0.0603677
0.0446997
0.0447054
0.0447324
0.0448029
0.0449425
0.0451869
0.0455834
0.0461899
0.047068
0.0482596
0.0495384
0.0505737
0.0513129
0.0518104
0.0521277
0.0523183
0.0524224
0.0524705
0.0524849
0.0524847
0.0389264
0.0389304
0.03895
0.0390028
0.0391086
0.0392947
0.039597
0.0400599
0.0407298
0.0416389
0.0426147
0.0434037
0.0439651
0.0443426
0.0445835
0.044728
0.0448071
0.0448435
0.0448547
0.0448543
0.0329605
0.0329633
0.0329777
0.0330171
0.0330966
0.033236
0.0334626
0.0338101
0.034314
0.0349981
0.0357323
0.0363263
0.0367498
0.0370345
0.0372155
0.0373228
0.0373804
0.0374064
0.0374134
0.0374131
0.0268512
0.0268529
0.0268626
0.0268904
0.026948
0.0270499
0.0272159
0.0274711
0.0278416
0.0283453
0.0288867
0.0293251
0.0296373
0.029846
0.0299772
0.0300549
0.0300965
0.0301144
0.0301188
0.0301186
0.0206331
0.0206337
0.0206399
0.020659
0.0206987
0.0207696
0.0208865
0.021067
0.0213293
0.0216855
0.0220674
0.0223752
0.0225938
0.0227405
0.0228337
0.0228885
0.0229174
0.0229297
0.0229325
0.0229321
0.0143385
0.0143385
0.0143418
0.0143535
0.0143786
0.0144244
0.0145001
0.0146173
0.0147876
0.0150195
0.0152685
0.0154694
0.0156119
0.0157071
0.0157661
0.0157996
0.0158162
0.0158222
0.0158225
0.0158221
0.00798795
0.00798786
0.00798901
0.00799448
0.00800745
0.00803174
0.00807206
0.0081341
0.00822458
0.00834769
0.00848147
0.0085873
0.00866196
0.00871056
0.00874092
0.00875851
0.00876661
0.00876872
0.00876825
0.00876829
0.00160042
0.00159893
0.00159645
0.00159569
0.0015971
0.00160068
0.00160717
0.00161782
0.00163359
0.00165552
0.0016836
0.00170952
0.00172753
0.00173971
0.00174784
0.00175262
0.00175514
0.00175581
0.0017544
0.00175187
-0.938258
-0.621679
-0.287168
-0.0221346
0.18926
0.359066
0.503958
0.629557
0.6925
0.662213
-0.378495
-0.17975
0.0193631
0.18882
0.331813
0.451385
0.549425
0.620605
0.65497
0.656731
-0.0249354
0.0998136
0.226617
0.338321
0.43436
0.51475
0.578649
0.623139
0.650166
0.659732
0.202954
0.283886
0.3678
0.443989
0.510919
0.567249
0.611814
0.64366
0.66541
0.676954
0.361609
0.415816
0.476161
0.531871
0.580344
0.620908
0.653196
0.677659
0.696293
0.709359
0.479698
0.520664
0.565494
0.607755
0.644908
0.677135
0.704472
0.726081
0.742707
0.756899
0.575913
0.608588
0.647354
0.683276
0.716593
0.746097
0.770772
0.790296
0.804727
0.819998
0.665526
0.698122
0.735112
0.769977
0.801641
0.829352
0.852676
0.871229
0.883931
0.899964
0.761767
0.797467
0.837009
0.872164
0.903559
0.930645
0.952976
0.969971
0.981281
0.998179
0.878684
0.917942
0.958224
0.993743
1.02375
1.04894
1.06941
1.08529
1.09656
1.11443
1.0251
1.06451
1.10137
1.13269
1.15884
1.18122
1.2005
1.216
1.22834
1.2463
1.20093
1.23317
1.25965
1.28239
1.3026
1.32142
1.33926
1.35596
1.37146
1.3895
1.39006
1.40766
1.42294
1.43916
1.45514
1.46983
1.48316
1.49713
1.51484
1.53497
1.57245
1.58184
1.59351
1.60451
1.61394
1.62357
1.6343
1.6457
1.65714
1.67253
1.77934
1.78303
1.76819
1.75367
1.7476
1.75325
1.7718
1.80211
1.83424
1.86085
2.08631
1.95157
1.87483
1.83201
1.81437
1.8186
1.84588
1.90236
2.00522
2.22968
0.348778
0.346852
0.342674
0.33463
0.323021
0.311574
0.302033
0.29476
0.289627
0.286601
0.28609
0.288319
0.292682
0.299071
0.307611
0.318317
0.330213
0.34058
0.346209
0.348968
0.272398
0.278439
0.285457
0.290839
0.294131
0.29468
0.292798
0.289661
0.286553
0.284374
0.284024
0.285802
0.288828
0.292282
0.295102
0.295943
0.294063
0.289639
0.283584
0.276435
0.263892
0.266011
0.270727
0.275093
0.278018
0.27987
0.280851
0.280932
0.280355
0.279761
0.279782
0.280532
0.281546
0.282102
0.281746
0.280448
0.278177
0.2746
0.2698
0.266163
0.264276
0.264832
0.267142
0.270179
0.272857
0.274881
0.276186
0.276835
0.276981
0.276916
0.277083
0.277598
0.277962
0.277838
0.277038
0.275536
0.273237
0.270425
0.267572
0.266161
0.264261
0.264412
0.265059
0.266116
0.267201
0.268342
0.269527
0.270462
0.271106
0.271532
0.271873
0.272104
0.272049
0.271598
0.270751
0.269721
0.268698
0.267693
0.266812
0.266461
0.262235
0.262302
0.262682
0.263361
0.264136
0.264959
0.265734
0.266449
0.267071
0.267599
0.268031
0.268284
0.268272
0.26801
0.26755
0.266933
0.266248
0.265573
0.265053
0.264868
0.259215
0.259246
0.259395
0.259699
0.260111
0.260632
0.261246
0.261913
0.262584
0.263222
0.263767
0.264086
0.264131
0.263963
0.263667
0.263329
0.26301
0.26273
0.262541
0.262478
0.255563
0.255582
0.255681
0.255878
0.25616
0.256529
0.256991
0.257546
0.258183
0.258874
0.259537
0.260001
0.260216
0.260252
0.260179
0.260053
0.259911
0.259779
0.259686
0.25965
0.251582
0.251592
0.25166
0.251797
0.252009
0.252311
0.252725
0.253263
0.253932
0.254718
0.255536
0.256177
0.25656
0.256753
0.256825
0.25683
0.256803
0.256766
0.256735
0.256721
0.247312
0.24732
0.247368
0.247481
0.247665
0.247942
0.248343
0.248898
0.249632
0.250551
0.251571
0.25243
0.253012
0.253373
0.253586
0.253702
0.253759
0.253782
0.253788
0.253786
0.242756
0.242758
0.242812
0.242922
0.243107
0.243397
0.24383
0.244452
0.245305
0.246415
0.247694
0.248823
0.249613
0.250156
0.250501
0.250715
0.25084
0.250908
0.250941
0.250947
0.237909
0.237909
0.237964
0.238086
0.238294
0.238625
0.239129
0.239865
0.240895
0.242263
0.243876
0.24533
0.246395
0.247123
0.247607
0.247917
0.248107
0.248216
0.248271
0.248285
0.232724
0.232723
0.232787
0.23293
0.233177
0.233575
0.234187
0.235089
0.236364
0.238075
0.240116
0.241979
0.243351
0.244309
0.244953
0.245369
0.245628
0.245779
0.245857
0.245878
0.227123
0.227121
0.2272
0.227376
0.227682
0.228176
0.228938
0.230067
0.231667
0.233825
0.236411
0.238783
0.240539
0.241771
0.242602
0.243143
0.243481
0.24368
0.243783
0.243811
0.221003
0.221001
0.2211
0.221322
0.221709
0.222334
0.223298
0.224727
0.226754
0.22949
0.232768
0.23578
0.23801
0.239578
0.240638
0.241328
0.24176
0.242016
0.242148
0.242185
0.214225
0.214221
0.214349
0.214634
0.215129
0.215928
0.21716
0.218982
0.221564
0.225041
0.2292
0.233014
0.235835
0.237819
0.23916
0.240034
0.240581
0.240905
0.241073
0.241118
0.206599
0.206594
0.20676
0.207129
0.207769
0.208799
0.210384
0.212722
0.216024
0.220453
0.225727
0.230547
0.234104
0.236603
0.238291
0.239392
0.240081
0.240489
0.240701
0.240758
0.197872
0.197867
0.198086
0.198568
0.199403
0.200742
0.202794
0.20581
0.210047
0.215696
0.22238
0.228458
0.23293
0.236068
0.238186
0.239567
0.240432
0.240944
0.24121
0.241281
0.187702
0.187697
0.187988
0.188628
0.189728
0.191486
0.194164
0.198076
0.203532
0.210744
0.219204
0.226846
0.232452
0.236379
0.239031
0.240759
0.241841
0.242483
0.242815
0.242903
0.175609
0.175605
0.176004
0.176868
0.178339
0.180671
0.184201
0.189311
0.196364
0.205577
0.216261
0.225835
0.232832
0.237733
0.241043
0.243203
0.244558
0.245363
0.24578
0.245891
0.16091
0.16091
0.161474
0.162671
0.164677
0.167821
0.172532
0.179268
0.188425
0.200191
0.213632
0.225565
0.234261
0.240356
0.244484
0.247187
0.248888
0.249904
0.250433
0.250571
0.142599
0.142615
0.143453
0.145168
0.147965
0.152294
0.158695
0.167673
0.179611
0.194612
0.211427
0.226195
0.236937
0.244494
0.249644
0.253037
0.25519
0.256492
0.257178
0.257357
0.119152
0.119224
0.120549
0.123102
0.127135
0.133292
0.142188
0.154296
0.169896
0.188932
0.209787
0.227889
0.241053
0.250385
0.25682
0.261117
0.263885
0.265591
0.266517
0.266764
0.0880314
0.0882696
0.0905388
0.0945826
0.100783
0.109962
0.122639
0.139101
0.159429
0.183367
0.208912
0.230811
0.246762
0.258211
0.266269
0.271786
0.275434
0.277746
0.279047
0.279412
0.0444511
0.0451444
0.0496518
0.0568886
0.0673163
0.0816458
0.0999818
0.12234
0.148573
0.17824
0.209018
0.235074
0.254112
0.268006
0.278073
0.28525
0.290239
0.293581
0.295575
0.296113
-0.0200082
-0.0175291
-0.007033
0.00741121
0.0259573
0.0484786
0.0747346
0.104601
0.137799
0.173839
0.210193
0.240589
0.262885
0.279455
0.291867
0.301187
0.308151
0.313323
0.316766
0.317358
-0.0982603
-0.0929704
-0.0734021
-0.0470997
-0.018034
0.0138747
0.0487045
0.0864564
0.126972
0.169931
0.212703
0.248497
0.275166
0.29556
0.311484
0.324134
0.334359
0.342713
0.347664
0.349633
-0.177204
-0.164239
-0.134633
-0.0984101
-0.0597711
-0.0189303
0.0241052
0.0694068
0.116978
0.166666
0.215779
0.256894
0.287699
0.311503
0.330375
0.345616
0.358045
0.368263
0.375454
0.379193
-0.232568
-0.218635
-0.184273
-0.141731
-0.0962365
-0.0484491
0.00147583
0.0534409
0.107366
0.163121
0.217815
0.263354
0.29731
0.323345
0.343715
0.359867
0.372768
0.383124
0.390399
0.393937
-0.274998
-0.260885
-0.223068
-0.176451
-0.126404
-0.073622
-0.0184758
0.0387971
0.0980222
0.159037
0.218669
0.268068
0.304572
0.33221
0.353528
0.370198
0.383333
0.393712
0.401071
0.404623
-0.307692
-0.293807
-0.254328
-0.204904
-0.15156
-0.0951223
-0.0359455
0.0256244
0.0892941
0.154856
0.21886
0.271694
0.310447
0.33947
0.361574
0.378631
0.391914
0.40229
0.409706
0.413268
-0.334497
-0.320773
-0.280132
-0.228849
-0.1731
-0.113812
-0.0514727
0.0134906
0.0807872
0.150231
0.218213
0.274364
0.315362
0.3458
0.368725
0.386214
0.399685
0.410104
0.417611
0.421175
-0.357319
-0.343643
-0.302125
-0.249463
-0.191956
-0.13055
-0.0657664
0.00191113
0.0721893
0.14501
0.216748
0.276294
0.319734
0.351782
0.375679
0.393705
0.407447
0.417962
0.425565
0.429126
-0.377399
-0.363762
-0.321395
-0.267641
-0.208748
-0.145697
-0.0790493
-0.00930061
0.0633341
0.139037
0.214382
0.277556
0.323808
0.357796
0.38292
0.401661
0.415778
0.426467
0.434165
0.437768
-0.395447
-0.381741
-0.338798
-0.284027
-0.224011
-0.159672
-0.0916287
-0.0203648
0.0540307
0.132126
0.210951
0.278117
0.327706
0.36411
0.390815
0.410505
0.425141
0.436082
0.443882
0.447511
-0.411967
-0.398091
-0.354575
-0.298935
-0.238007
-0.172702
-0.103665
-0.0314074
0.0441425
0.12408
0.20625
0.277852
0.33145
0.370898
0.399648
0.420598
0.435944
0.447238
0.455223
0.458886
-0.427136
-0.413103
-0.368889
-0.312606
-0.250918
-0.184893
-0.115233
-0.0424799
0.033599
0.114742
0.200014
0.276548
0.334985
0.378251
0.409649
0.432253
0.448557
0.460341
0.468519
0.472214
-0.441163
-0.426937
-0.38201
-0.325117
-0.26284
-0.196314
-0.12636
-0.0535887
0.0223695
0.103978
0.191973
0.273917
0.338151
0.386195
0.420974
0.445734
0.463291
0.475742
0.484187
0.48791
-0.454066
-0.439607
-0.394185
-0.336629
-0.273837
-0.206965
-0.137005
-0.0646736
0.0104763
0.0916994
0.181839
0.269621
0.340718
0.394676
0.433737
0.46125
0.480426
0.493746
0.502558
0.506366
-0.466065
-0.45126
-0.405328
-0.347185
-0.283939
-0.216856
-0.147112
-0.0756418
-0.00198581
0.0778687
0.169349
0.263275
0.342399
0.403567
0.447973
0.478989
0.500224
0.514645
0.523923
0.527873
-0.477098
-0.462115
-0.415471
-0.356808
-0.293153
-0.225963
-0.156621
-0.086366
-0.0148995
0.0625098
0.15426
0.254466
0.342853
0.412678
0.463627
0.499004
0.522837
0.538615
0.548492
0.552501
-0.487322
-0.472056
-0.424748
-0.365545
-0.30151
-0.234265
-0.165465
-0.0967195
-0.0280652
0.0457067
0.136369
0.242779
0.341673
0.42176
0.480478
0.521117
0.548251
0.565785
0.57642
0.580429
-0.49665
-0.481127
-0.433171
-0.373427
-0.309027
-0.241752
-0.17358
-0.106572
-0.0413001
0.0276448
0.115525
0.227789
0.338542
0.430357
0.498082
0.545104
0.576277
0.595969
0.607324
0.61119
-0.505296
-0.489467
-0.440825
-0.380523
-0.315749
-0.248448
-0.180923
-0.115796
-0.0543868
0.00853746
0.0916591
0.209021
0.333033
0.438072
0.51595
0.570455
0.606794
0.629245
0.640666
0.643573
-0.513271
-0.497078
-0.447766
-0.386869
-0.321705
-0.254362
-0.187462
-0.124278
-0.0670994
-0.0113724
0.0647566
0.186138
0.324777
0.444661
0.533119
0.595794
0.639052
0.666213
0.677405
0.676213
-0.520704
-0.504158
-0.454021
-0.39251
-0.326954
-0.259532
-0.193193
-0.131942
-0.0792342
-0.0317779
0.0348912
0.158574
0.31331
0.449854
0.549146
0.618991
0.669918
0.705797
0.722004
0.710608
-0.527644
-0.510704
-0.459649
-0.39753
-0.331621
-0.264085
-0.198251
-0.13895
-0.0910646
-0.0534157
6.00251e-05
0.123543
0.297027
0.454124
0.563354
0.637413
0.69388
0.740288
0.764578
0.764444
-0.534123
-0.516686
-0.464619
-0.401971
-0.335776
-0.268084
-0.202637
-0.14523
-0.102392
-0.076099
-0.0403969
0.0790541
0.274165
0.456836
0.576061
0.645558
0.696593
0.732424
0.729381
0.659851
-0.539868
-0.521799
-0.468781
-0.406042
-0.339554
-0.271701
-0.206436
-0.150658
-0.112989
-0.0995091
-0.0868781
0.0221389
0.2427
0.461329
0.588068
0.632905
0.663333
0.668553
0.6104
0.527547
-0.545042
-0.526698
-0.471414
-0.409705
-0.342834
-0.274697
-0.209867
-0.1552
-0.122829
-0.123636
-0.138719
-0.0497453
0.205394
0.46388
0.59611
0.621651
0.5915
0.547001
0.457331
0.36296
-0.509249
-0.497035
-0.446214
-0.381197
-0.31298
-0.24527
-0.183632
-0.140747
-0.132596
-0.171746
-0.190213
-0.021091
0.304671
0.553213
0.651731
0.534878
0.443128
0.34867
0.243177
0.173684
-0.52773
-0.511491
-0.476794
-0.415427
-0.348371
-0.279466
-0.213938
-0.160568
-0.133852
-0.155474
-0.223438
-0.20454
0.0698801
0.431137
0.607395
0.579468
0.40257
0.262943
0.168418
0.0461834
-0.538805
-0.519475
-0.478688
-0.416283
-0.34914
-0.279905
-0.214677
-0.162467
-0.140216
-0.177271
-0.292146
-0.345782
-0.0708501
0.361877
0.530926
0.397059
0.138004
-0.0268727
-0.145259
-0.266715
-0.549603
-0.532871
-0.48418
-0.420769
-0.352333
-0.281971
-0.215793
-0.163497
-0.144724
-0.199038
-0.37552
-0.572138
-0.29703
0.230813
0.360234
0.122737
-0.156528
-0.350787
-0.513756
-0.689651
-0.562883
-0.544805
-0.491751
-0.426249
-0.35615
-0.284409
-0.216878
-0.163822
-0.146957
-0.215329
-0.46108
-0.879476
-0.69387
-0.0517108
0.041907
-0.226298
-0.52436
-0.758844
-0.97119
-1.29509
-0.573742
-0.555027
-0.499125
-0.43138
-0.359446
-0.286134
-0.217051
-0.162739
-0.146659
-0.227249
-0.551426
-1.26826
-1.25387
-0.474261
-0.372716
-0.619951
-0.931213
-1.2443
-1.53698
-2.15556
-0.582979
-0.564193
-0.506246
-0.436544
-0.362726
-0.287562
-0.216469
-0.160109
-0.14296
-0.231391
-0.637005
-1.68224
-1.84645
-0.963793
-0.817317
-0.990289
-1.2853
-1.67167
-2.03707
-2.83638
-0.591632
-0.572866
-0.513406
-0.441988
-0.366235
-0.28896
-0.215393
-0.156144
-0.135788
-0.226483
-0.698412
-2.00542
-2.32864
-1.41623
-1.22361
-1.30668
-1.50444
-1.80759
-2.0399
-2.08158
-0.600508
-0.581757
-0.520936
-0.447856
-0.370127
-0.290483
-0.214002
-0.150815
-0.124886
-0.210047
-0.711153
-2.16683
-2.56782
-1.71638
-1.53389
-1.59053
-1.62824
-1.70757
-1.90094
-1.95493
-0.610237
-0.591231
-0.529059
-0.45428
-0.374476
-0.292251
-0.212402
-0.144287
-0.110338
-0.179848
-0.653409
-2.06273
-2.44931
-1.79307
-1.72243
-1.85343
-1.84119
-1.52972
-1.57349
-1.73331
-0.621064
-0.601716
-0.53809
-0.461515
-0.3795
-0.294504
-0.210821
-0.137058
-0.0923841
-0.136737
-0.524752
-1.65259
-1.95854
-1.60997
-1.79833
-2.19068
-2.44269
-2.08393
-2.01235
-2.08213
-0.633614
-0.613712
-0.54844
-0.469898
-0.385522
-0.297515
-0.209785
-0.129527
-0.0726425
-0.0842724
-0.341565
-1.04974
-1.25159
-1.20661
-1.66446
-2.61174
-3.89048
-4.12123
-3.68709
-3.25078
-0.648117
-0.62759
-0.5605
-0.479796
-0.392889
-0.301734
-0.209688
-0.122684
-0.0522836
-0.0283353
-0.144661
-0.451497
-0.556876
-0.702695
-1.32613
-2.51341
-4.09086
-4.48224
-3.94186
-3.42554
-0.665281
-0.64377
-0.57465
-0.491552
-0.401948
-0.307521
-0.211029
-0.117026
-0.0335095
0.0242363
0.0254768
-0.00186123
-0.00789426
-0.164256
-0.581559
-1.24185
-1.93378
-2.16767
-1.97975
-1.79392
-0.685012
-0.662568
-0.591172
-0.505441
-0.412952
-0.315106
-0.214252
-0.11357
-0.0174758
0.0694803
0.148855
0.251634
0.323622
0.275235
0.141167
-0.0481443
-0.189398
-0.202688
-0.163098
-0.142916
-0.707675
-0.684085
-0.610161
-0.521534
-0.426032
-0.324766
-0.219474
-0.112251
-0.00495817
0.104621
0.229224
0.382317
0.499973
0.542514
0.555044
0.558733
0.591554
0.642492
0.676906
0.683029
-0.732388
-0.70846
-0.631401
-0.53971
-0.440952
-0.336118
-0.22656
-0.113429
0.00362251
0.129887
0.279431
0.449835
0.590293
0.687258
0.766055
0.835324
0.90267
0.960243
0.995616
1.0059
-0.758569
-0.734528
-0.654122
-0.559221
-0.457191
-0.348875
-0.235187
-0.11656
0.00844616
0.146459
0.30934
0.4844
0.632953
0.749334
0.845007
0.925973
0.99517
1.04993
1.08552
1.09948
-0.784843
-0.760148
-0.677004
-0.579088
-0.473769
-0.362005
-0.244465
-0.121131
0.0100635
0.156191
0.325686
0.499055
0.646134
0.76496
0.860685
0.938036
1.00034
1.04921
1.08361
1.0991
-0.808971
-0.784091
-0.698832
-0.597565
-0.489123
-0.374253
-0.253384
-0.126237
0.00974299
0.160839
0.332141
0.500956
0.642001
0.755864
0.846374
0.918021
0.974708
1.01939
1.05235
1.06749
-0.827454
-0.803455
-0.715652
-0.612076
-0.501147
-0.38385
-0.260533
-0.130713
0.00814695
0.161894
0.331157
0.493864
0.627281
0.734332
0.819175
0.886149
0.939119
0.981072
1.01312
1.02926
-0.836937
-0.814259
-0.725
-0.619635
-0.507191
-0.388636
-0.264188
-0.133292
0.00631444
0.159187
0.325355
0.479864
0.605142
0.705344
0.784937
0.848127
0.898395
0.938387
0.969978
0.985679
-0.831941
-0.811284
-0.722454
-0.616702
-0.504395
-0.386144
-0.262574
-0.132781
0.00497571
0.154526
0.313751
0.459597
0.576381
0.669835
0.744488
0.804308
0.852417
0.891004
0.922255
0.937574
-0.806233
-0.789071
-0.701847
-0.598449
-0.488721
-0.373844
-0.253933
-0.12826
0.00458634
0.147583
0.297541
0.432918
0.540621
0.626883
0.696392
0.752778
0.798811
0.836442
0.867486
0.882334
-0.75253
-0.737963
-0.657076
-0.559332
-0.456562
-0.348817
-0.236361
-0.118629
0.00566451
0.138691
0.276587
0.399414
0.496569
0.574489
0.637709
0.689604
0.732982
0.769679
0.800655
0.815851
-0.660448
-0.64593
-0.579723
-0.495426
-0.40465
-0.30903
-0.208638
-0.102873
0.00911185
0.128678
0.25146
0.359285
0.443523
0.510608
0.564906
0.609422
0.646948
0.680204
0.709114
0.726472
-0.522031
-0.512815
-0.46872
-0.403117
-0.330985
-0.253531
-0.170106
-0.0805279
0.0157687
0.119359
0.22562
0.317774
0.388256
0.442909
0.485834
0.519897
0.546718
0.567622
0.584913
0.596674
-0.343091
-0.340886
-0.319762
-0.283054
-0.238002
-0.184471
-0.122811
-0.0526588
0.0260714
0.113359
0.20436
0.283486
0.343486
0.389073
0.423526
0.449131
0.468227
0.482781
0.492955
0.497583
-0.192346
-0.191862
-0.184084
-0.168172
-0.144828
-0.113173
-0.0721743
-0.0212098
0.0398802
0.110766
0.186619
0.252899
0.302499
0.339074
0.365665
0.384803
0.397937
0.406107
0.41075
0.41271
-0.088014
-0.0886836
-0.0869651
-0.0810841
-0.0697324
-0.0518921
-0.025949
0.00946665
0.0550964
0.110833
0.172383
0.226787
0.267218
0.296512
0.317008
0.330576
0.339108
0.344291
0.347001
0.347821
-0.0235815
-0.0241367
-0.0251092
-0.0239386
-0.0187049
-0.0080295
0.00922437
0.0342896
0.0682498
0.111504
0.160616
0.204421
0.236741
0.25962
0.275207
0.285482
0.291855
0.295307
0.296744
0.297039
0.0134742
0.0131631
0.0125942
0.0130578
0.0159321
0.0224464
0.0340436
0.0520664
0.0775382
0.110959
0.149732
0.184636
0.210368
0.228533
0.240809
0.248626
0.253237
0.255697
0.256762
0.25703
0.0369258
0.0367811
0.036602
0.0371253
0.0392896
0.043959
0.0521923
0.065242
0.0842915
0.110015
0.140456
0.168088
0.188417
0.2026
0.212022
0.217986
0.221533
0.223431
0.22425
0.224469
0.0523541
0.0522869
0.0522623
0.0527498
0.0543854
0.0578434
0.0639766
0.0737663
0.0881991
0.107977
0.13172
0.153427
0.1694
0.180528
0.187922
0.192584
0.195331
0.196793
0.197426
0.1976
0.062237
0.0622067
0.0622826
0.0627711
0.0641015
0.0667587
0.0713898
0.0787953
0.0898131
0.105071
0.123571
0.140582
0.153112
0.161823
0.167584
0.171204
0.173339
0.17448
0.174979
0.175115
0.0682465
0.0682315
0.068335
0.068773
0.0698488
0.0719264
0.075495
0.0811695
0.0896253
0.101408
0.115796
0.129085
0.138882
0.145688
0.150187
0.153012
0.154675
0.155562
0.155949
0.156053
0.0713676
0.0713597
0.0714619
0.0718334
0.0726947
0.0743188
0.0770797
0.0814551
0.087978
0.0970959
0.108282
0.118648
0.126298
0.131611
0.13512
0.13732
0.138614
0.139302
0.1396
0.139679
0.072291
0.0722866
0.0723756
0.0726788
0.0733614
0.0746321
0.0767762
0.080162
0.0852071
0.0922714
0.100966
0.109042
0.115006
0.119149
0.121883
0.123595
0.124599
0.125131
0.12536
0.125419
0.0715155
0.0715129
0.0715863
0.0718288
0.0723657
0.0733573
0.0750236
0.0776483
0.0815568
0.087036
0.093792
0.100078
0.104723
0.107949
0.110075
0.111406
0.112185
0.112597
0.112771
0.112816
0.069423
0.0694213
0.0694801
0.0696712
0.0700911
0.0708634
0.0721577
0.0741943
0.0772258
0.0814765
0.0867248
0.0916134
0.0952267
0.0977359
0.09939
0.100424
0.101027
0.101344
0.101478
0.101511
0.0663074
0.0663062
0.0663528
0.0665025
0.0668299
0.0674307
0.0684361
0.070016
0.0723664
0.075664
0.0797389
0.0835376
0.0863469
0.0882969
0.0895802
0.0903809
0.0908479
0.0910923
0.0911941
0.0912192
0.0623986
0.0623977
0.0624339
0.0625503
0.0628045
0.0632709
0.0640507
0.0652757
0.0670985
0.069656
0.0728178
0.0757663
0.077946
0.0794589
0.0804545
0.0810743
0.081434
0.0816253
0.0817018
0.0817203
0.0578735
0.0578727
0.0579006
0.0579907
0.0581877
0.0585489
0.0591528
0.0601012
0.0615126
0.0634933
0.0659431
0.0682285
0.0699176
0.0710885
0.0718584
0.0723384
0.0726174
0.072762
0.0728212
0.0728353
0.0528708
0.0528702
0.0528916
0.0529607
0.0531125
0.0533912
0.0538578
0.0545912
0.0556823
0.0572132
0.0591073
0.0608744
0.0621801
0.0630856
0.0636805
0.0640496
0.0642631
0.064373
0.0644174
0.0644276
0.0474987
0.047498
0.0475141
0.047567
0.0476836
0.0478984
0.0482574
0.048821
0.0496605
0.05084
0.0522997
0.0536616
0.0546684
0.0553659
0.055823
0.056106
0.0562691
0.0563527
0.0563865
0.0563941
0.0418405
0.0418397
0.0418518
0.041892
0.0419807
0.0421439
0.042418
0.0428497
0.0434928
0.0443961
0.0455141
0.046557
0.0473271
0.0478597
0.0482086
0.0484253
0.0485501
0.0486132
0.0486378
0.0486433
0.0359643
0.0359637
0.0359724
0.0360022
0.0360686
0.0361915
0.0363984
0.0367251
0.0372125
0.0378975
0.0387454
0.039536
0.0401192
0.0405229
0.0407873
0.0409506
0.041044
0.0410911
0.0411096
0.0411137
0.0299226
0.0299222
0.0299276
0.0299489
0.0299975
0.0300882
0.0302416
0.0304843
0.0308469
0.0313568
0.031989
0.0325792
0.0330153
0.033317
0.033514
0.0336347
0.033703
0.0337369
0.0337493
0.0337516
0.023755
0.0237546
0.0237581
0.0237724
0.0238063
0.0238711
0.0239822
0.0241583
0.0244212
0.0247911
0.0252497
0.0256767
0.0259906
0.0262061
0.0263459
0.026432
0.0264811
0.0265051
0.0265139
0.0265155
0.0174944
0.0174939
0.0174955
0.0175042
0.017527
0.0175713
0.0176469
0.0177664
0.0179459
0.0181992
0.0185124
0.0188033
0.0190169
0.0191641
0.0192598
0.0193176
0.0193493
0.0193641
0.0193685
0.0193689
0.0111686
0.0111683
0.0111691
0.011174
0.0111871
0.011213
0.0112576
0.0113291
0.0114367
0.0115885
0.0117774
0.0119541
0.012084
0.0121733
0.0122302
0.0122642
0.012282
0.012289
0.01229
0.0122897
0.00160055
0.00159753
0.00159578
0.00159614
0.00159858
0.00160348
0.00161189
0.00162499
0.00164364
0.00166932
0.0016975
0.00171943
0.00173422
0.00174424
0.00175059
0.0017541
0.00175573
0.00175533
0.00175326
0.00525601
-2.58407
-1.34884
-0.709249
-0.310328
-0.0181346
0.207604
0.386439
0.541021
0.692832
0.814007
-0.889172
-0.533643
-0.243201
-0.00917575
0.182663
0.340731
0.47243
0.582067
0.654446
0.66725
-0.299403
-0.113219
0.0548892
0.204269
0.331336
0.43882
0.527346
0.595063
0.636973
0.65561
0.0315329
0.144821
0.252516
0.350613
0.436008
0.509351
0.569391
0.614725
0.644684
0.661964
0.24463
0.318093
0.389801
0.457767
0.518705
0.571198
0.613951
0.646407
0.669518
0.683804
0.393177
0.443015
0.496741
0.547706
0.592642
0.631219
0.663176
0.68908
0.709033
0.721326
0.506917
0.543303
0.586555
0.625746
0.66213
0.694858
0.723431
0.746807
0.764677
0.774561
0.600491
0.633077
0.671798
0.707898
0.741718
0.772157
0.798243
0.81953
0.835986
0.844557
0.693093
0.726792
0.764995
0.801607
0.834843
0.864248
0.889638
0.910352
0.925356
0.932547
0.79584
0.834665
0.875245
0.913197
0.946334
0.975192
0.998896
1.01775
1.03173
1.04004
0.925009
0.968234
1.00822
1.0451
1.07616
1.10211
1.12397
1.14177
1.15525
1.1652
1.08725
1.12938
1.16377
1.19358
1.21848
1.24035
1.26014
1.27762
1.29242
1.30515
1.27847
1.3095
1.33115
1.35059
1.36876
1.38608
1.40253
1.41852
1.4351
1.45209
1.47698
1.48852
1.4996
1.51376
1.52816
1.54113
1.55259
1.5635
1.57645
1.59304
1.66271
1.67263
1.68144
1.68407
1.68522
1.68963
1.70039
1.71638
1.73393
1.73846
1.96385
1.90836
1.85757
1.81758
1.7954
1.79126
1.80488
1.83879
1.89514
1.97064
0.491251
0.432628
0.390535
0.357119
0.33301
0.316092
0.304232
0.295902
0.290264
0.287036
0.286515
0.288817
0.29352
0.300635
0.310724
0.324993
0.34532
0.373844
0.412165
0.459711
0.292087
0.301455
0.307821
0.309269
0.30656
0.301271
0.295508
0.290529
0.286934
0.285167
0.286074
0.289145
0.293725
0.299362
0.305232
0.3096
0.310427
0.306525
0.298139
0.290256
0.268071
0.270278
0.275842
0.280371
0.283623
0.285661
0.286033
0.284997
0.283381
0.282126
0.281994
0.283142
0.285007
0.286676
0.287238
0.286117
0.283478
0.279688
0.274551
0.269518
0.263721
0.264571
0.26823
0.27233
0.275311
0.277174
0.278285
0.278705
0.278556
0.278237
0.278327
0.278973
0.279611
0.279748
0.279167
0.277815
0.275525
0.271997
0.267838
0.26539
0.264785
0.265012
0.266185
0.267942
0.269713
0.27152
0.272947
0.273858
0.274331
0.27457
0.274838
0.27516
0.275243
0.274859
0.273889
0.272391
0.270665
0.268966
0.267429
0.266749
0.263364
0.263438
0.26394
0.264779
0.265624
0.266538
0.267357
0.268122
0.268747
0.269224
0.269605
0.269849
0.269814
0.269484
0.268947
0.268224
0.267465
0.266674
0.265994
0.26574
0.260868
0.2609
0.261135
0.261594
0.262182
0.262875
0.263617
0.264343
0.26501
0.265609
0.266103
0.266369
0.266362
0.266115
0.265691
0.265177
0.264669
0.264208
0.263887
0.263778
0.257438
0.257455
0.257572
0.257808
0.258133
0.258549
0.259057
0.259648
0.260293
0.260952
0.261551
0.26194
0.262072
0.262017
0.261856
0.261652
0.261445
0.261258
0.261127
0.261082
0.253615
0.253627
0.253708
0.253872
0.254114
0.254448
0.254884
0.255429
0.256078
0.256813
0.257549
0.258095
0.25839
0.258503
0.258501
0.25844
0.258358
0.258277
0.258218
0.258194
0.249481
0.249486
0.249547
0.249668
0.24986
0.250144
0.250544
0.251085
0.25178
0.252626
0.253538
0.254283
0.254763
0.25504
0.255185
0.255249
0.255268
0.255264
0.255254
0.255247
0.245067
0.245075
0.245127
0.245235
0.245415
0.245695
0.246108
0.24669
0.247477
0.248484
0.249625
0.250614
0.251293
0.251745
0.252023
0.252189
0.252281
0.252327
0.252347
0.25235
0.240366
0.240371
0.240425
0.24054
0.240735
0.241042
0.241506
0.242179
0.243113
0.244342
0.245777
0.24706
0.247981
0.248614
0.249027
0.249288
0.249446
0.249535
0.249579
0.249589
0.235357
0.235363
0.235422
0.235553
0.235778
0.236139
0.236692
0.237504
0.238647
0.240175
0.241989
0.243638
0.244849
0.245686
0.246247
0.246608
0.246831
0.246961
0.247027
0.247044
0.229973
0.22998
0.23005
0.230208
0.230482
0.230925
0.231606
0.232613
0.234039
0.23596
0.238256
0.240359
0.241913
0.243002
0.243735
0.244211
0.244507
0.244682
0.244772
0.244796
0.224125
0.224133
0.224221
0.224419
0.224762
0.225317
0.226173
0.227441
0.229241
0.23167
0.234581
0.237255
0.239235
0.240626
0.241566
0.242178
0.242561
0.242787
0.242904
0.242936
0.217693
0.217704
0.217816
0.218067
0.218504
0.21921
0.220299
0.221911
0.224198
0.227281
0.230974
0.234364
0.236873
0.238638
0.239831
0.240608
0.241095
0.241383
0.241532
0.241573
0.210514
0.210527
0.210673
0.210996
0.211558
0.212465
0.213861
0.215923
0.218842
0.222766
0.22745
0.231738
0.234907
0.237135
0.238641
0.239622
0.240236
0.2406
0.240789
0.24084
0.202368
0.202386
0.202575
0.202996
0.203726
0.2049
0.206702
0.209356
0.213095
0.218096
0.224035
0.229448
0.233439
0.23624
0.238132
0.239366
0.240138
0.240596
0.240833
0.240897
0.19296
0.192984
0.193235
0.193788
0.194745
0.196278
0.198621
0.202053
0.20686
0.213243
0.220765
0.227583
0.232593
0.236105
0.238477
0.240022
0.24099
0.241563
0.24186
0.241939
0.181887
0.181921
0.182256
0.182992
0.184261
0.186284
0.189358
0.193825
0.200027
0.20818
0.217692
0.226252
0.232519
0.23691
0.239874
0.241808
0.243019
0.243736
0.244107
0.244206
0.168592
0.168641
0.169097
0.170091
0.171801
0.17451
0.178587
0.184448
0.192481
0.202895
0.214889
0.225587
0.233396
0.238866
0.242566
0.244984
0.246501
0.2474
0.247864
0.247987
0.152279
0.15235
0.152981
0.154357
0.156719
0.160422
0.165911
0.173674
0.184121
0.197409
0.212457
0.225747
0.235423
0.242217
0.246833
0.249862
0.251769
0.252898
0.253477
0.253632
0.131732
0.131836
0.132736
0.134728
0.138119
0.143327
0.150863
0.161261
0.174892
0.191793
0.210536
0.226905
0.23881
0.247215
0.252977
0.256796
0.259216
0.260648
0.261377
0.261572
0.104975
0.105129
0.106498
0.109611
0.11475
0.122339
0.132927
0.147013
0.164815
0.186176
0.209284
0.22922
0.243727
0.254074
0.261282
0.266153
0.269298
0.27118
0.272132
0.272383
0.0686
0.0688676
0.0712928
0.0767247
0.0850177
0.0965209
0.111726
0.130917
0.154052
0.180758
0.208857
0.232791
0.250251
0.262887
0.271914
0.278226
0.28248
0.285152
0.286547
0.286915
0.0159271
0.0167923
0.022551
0.0332747
0.0475416
0.0655518
0.0875422
0.113474
0.143084
0.175885
0.209437
0.23766
0.258323
0.273545
0.284771
0.29301
0.298956
0.303074
0.305506
0.306243
-0.0624892
-0.0579045
-0.041755
-0.0202164
0.00396688
0.0312431
0.0618228
0.0956329
0.132455
0.17187
0.211285
0.244194
0.268498
0.286823
0.300886
0.311853
0.320537
0.327387
0.3325
0.335274
-0.145843
-0.13539
-0.105886
-0.073579
-0.0392916
-0.00275624
0.0362563
0.0778509
0.121948
0.168322
0.214321
0.252866
0.281727
0.303986
0.321616
0.33595
0.347878
0.357899
0.367655
0.372716
-0.208148
-0.19781
-0.161539
-0.121214
-0.0787141
-0.0341433
0.0125405
0.0613239
0.11219
0.165019
0.217027
0.260454
0.292934
0.317975
0.337744
0.35365
0.366663
0.377353
0.386561
0.39073
-0.255935
-0.244922
-0.205202
-0.160011
-0.11197
-0.0614794
-0.00876753
0.0459946
0.102681
0.161142
0.218362
0.265886
0.301172
0.328054
0.348943
0.365448
0.378708
0.389449
0.398434
0.402908
-0.292345
-0.281269
-0.239826
-0.191291
-0.139457
-0.0847438
-0.0274656
0.0320709
0.0936245
0.157006
0.218892
0.270043
0.307686
0.336026
0.357751
0.374664
0.388039
0.398717
0.407398
0.411777
-0.321499
-0.3104
-0.26806
-0.217324
-0.16265
-0.104701
-0.043857
0.0195033
0.0850731
0.152643
0.218667
0.273157
0.313018
0.342735
0.365238
0.382534
0.39603
0.406698
0.415177
0.419506
-0.345747
-0.334633
-0.291762
-0.239476
-0.182777
-0.122365
-0.0587289
0.00766695
0.0765275
0.147722
0.217607
0.275437
0.317621
0.348831
0.37222
0.389979
0.403672
0.414375
0.422696
0.426991
-0.366884
-0.355705
-0.312268
-0.258771
-0.200532
-0.138258
-0.0724837
-0.00370507
0.0678264
0.142149
0.215707
0.27703
0.321819
0.354788
0.379262
0.397633
0.411619
0.422428
0.430664
0.43495
-0.38563
-0.374325
-0.330526
-0.276009
-0.216523
-0.152788
-0.0853889
-0.0148195
0.0587622
0.135723
0.212826
0.277949
0.325795
0.360924
0.386789
0.405977
0.420386
0.431379
0.43958
0.443837
-0.402755
-0.391287
-0.346969
-0.291615
-0.23113
-0.166279
-0.097694
-0.0258674
0.0491796
0.128264
0.208788
0.278116
0.329617
0.367455
0.395117
0.415399
0.4304
0.44164
0.449917
0.454169
-0.418366
-0.406743
-0.361967
-0.305887
-0.24456
-0.178878
-0.109495
-0.0369269
0.0389694
0.11959
0.203346
0.277357
0.333267
0.374516
0.404507
0.42623
0.442048
0.453676
0.462087
0.466362
-0.432792
-0.420988
-0.375661
-0.318971
-0.256973
-0.190676
-0.12084
-0.0480267
0.0280765
0.109555
0.196245
0.27543
0.336638
0.382165
0.415152
0.438768
0.455674
0.467862
0.476388
0.480748
-0.446075
-0.43411
-0.388123
-0.330965
-0.268435
-0.201716
-0.131728
-0.0591322
0.0165026
0.0980389
0.187192
0.272011
0.339537
0.390386
0.427187
0.453252
0.471578
0.484483
0.493296
0.497617
-0.458333
-0.446095
-0.399922
-0.342004
-0.27898
-0.211995
-0.142117
-0.0701656
0.00431202
0.0849775
0.175918
0.266739
0.341699
0.399096
0.440697
0.469874
0.490031
0.503883
0.513068
0.517396
-0.469797
-0.457211
-0.410514
-0.352092
-0.288637
-0.221493
-0.151936
-0.0810277
-0.00838933
0.0703627
0.162146
0.259212
0.342814
0.408141
0.45565
0.488706
0.511204
0.526328
0.536053
0.540331
-0.480322
-0.467537
-0.420226
-0.36127
-0.297425
-0.230199
-0.161119
-0.0915911
-0.0214532
0.0542802
0.145664
0.24901
0.342509
0.417262
0.47192
0.5098
0.535184
0.551908
0.562309
0.566554
-0.489973
-0.476947
-0.429064
-0.369574
-0.305358
-0.2381
-0.169603
-0.101709
-0.0346831
0.0368311
0.126299
0.235703
0.340448
0.426169
0.489221
0.532917
0.561886
0.580473
0.591552
0.595723
-0.498842
-0.485602
-0.437094
-0.377061
-0.312472
-0.245189
-0.177337
-0.111259
-0.0478695
0.0182105
0.103947
0.218899
0.336135
0.434411
0.507003
0.557669
0.591405
0.612259
0.623787
0.627362
-0.507022
-0.493557
-0.44439
-0.383775
-0.318807
-0.251485
-0.184279
-0.120124
-0.060795
-0.00134454
0.0785618
0.198151
0.329291
0.441543
0.524807
0.583297
0.622963
0.647304
0.65858
0.660017
-0.514588
-0.500831
-0.450992
-0.389764
-0.324403
-0.257021
-0.190416
-0.128204
-0.0732497
-0.02154
0.0501459
0.172991
0.319377
0.447451
0.541813
0.60819
0.655146
0.686001
0.698534
0.692515
-0.521645
-0.507617
-0.456932
-0.395074
-0.329335
-0.261853
-0.195774
-0.1355
-0.0851682
-0.0424098
0.0182028
0.14222
0.305749
0.452448
0.556993
0.62933
0.683459
0.725242
0.750027
0.735519
-0.528364
-0.513881
-0.462259
-0.399809
-0.333745
-0.266129
-0.200505
-0.142167
-0.0968085
-0.0646776
-0.0194302
0.102485
0.285981
0.455689
0.569208
0.64307
0.70005
0.740902
0.76567
0.716695
-0.535301
-0.519444
-0.466874
-0.404014
-0.337662
-0.269898
-0.204565
-0.148027
-0.107778
-0.0877451
-0.0630481
0.0521896
0.259921
0.45894
0.58144
0.641577
0.684516
0.710865
0.673804
0.596256
-0.543792
-0.524002
-0.470503
-0.408039
-0.341342
-0.273352
-0.208173
-0.153025
-0.117968
-0.1115
-0.112156
-0.0117188
0.225771
0.46343
0.59282
0.614479
0.632427
0.615465
0.538304
0.449556
-0.55187
-0.540771
-0.471177
-0.409841
-0.342908
-0.274722
-0.21116
-0.157037
-0.127104
-0.135632
-0.167366
-0.093056
0.18006
0.471645
0.601343
0.551841
0.541461
0.467598
0.36828
0.267543
-0.4962
-0.501159
-0.447077
-0.381994
-0.31365
-0.245763
-0.185589
-0.143564
-0.139001
-0.191851
-0.240834
-0.0866318
0.273769
0.545275
0.62287
0.46157
0.32047
0.216834
0.110545
-0.106448
-0.535834
-0.504603
-0.447724
-0.382455
-0.313592
-0.245384
-0.185625
-0.146179
-0.150544
-0.233021
-0.359837
-0.258665
0.180556
0.506744
0.480638
0.253181
0.0455178
-0.0883726
-0.209432
-0.44987
-0.551721
-0.513149
-0.453424
-0.387281
-0.317295
-0.248109
-0.187198
-0.148433
-0.159367
-0.271123
-0.495776
-0.514225
-0.00790379
0.360411
0.270085
-0.026649
-0.264083
-0.429764
-0.61096
-0.947727
-0.565515
-0.522002
-0.459839
-0.39183
-0.320372
-0.24987
-0.187764
-0.149161
-0.16566
-0.31226
-0.684973
-0.916073
-0.305811
0.0646024
-0.060349
-0.380498
-0.650084
-0.860086
-1.12337
-1.7277
-0.576918
-0.53043
-0.466055
-0.39597
-0.32286
-0.250751
-0.187203
-0.147901
-0.168447
-0.349311
-0.901927
-1.47346
-0.775571
-0.339522
-0.483295
-0.768499
-1.08995
-1.39411
-1.75787
-3.12184
-0.586277
-0.538393
-0.472192
-0.400175
-0.325223
-0.251175
-0.185604
-0.144354
-0.166281
-0.371873
-1.10494
-2.08074
-1.3372
-0.809912
-0.895666
-1.12013
-1.46981
-1.85671
-2.26487
-4.10256
-0.595151
-0.546177
-0.478524
-0.404685
-0.327707
-0.25141
-0.183142
-0.138721
-0.158687
-0.379517
-1.26801
-2.5312
-1.80478
-1.25049
-1.2506
-1.39721
-1.64184
-1.95452
-2.0757
-2.12961
-0.604247
-0.554297
-0.48526
-0.409608
-0.330466
-0.251583
-0.179921
-0.130907
-0.144607
-0.37086
-1.34878
-2.72877
-2.06216
-1.57988
-1.54622
-1.62416
-1.63942
-1.81347
-1.95611
-1.94125
-0.613997
-0.563057
-0.492571
-0.415045
-0.333621
-0.251781
-0.176174
-0.120905
-0.123733
-0.330746
-1.27616
-2.57453
-2.03003
-1.70985
-1.76211
-1.9079
-1.68566
-1.47524
-1.67465
-1.75181
-0.62507
-0.57283
-0.500737
-0.42123
-0.337339
-0.252299
-0.172121
-0.109251
-0.0964639
-0.257121
-1.03198
-2.03718
-1.69134
-1.67226
-1.96119
-2.38292
-2.27375
-2.02175
-2.04426
-2.1175
-0.637807
-0.584031
-0.510131
-0.428497
-0.341961
-0.253488
-0.168237
-0.0968191
-0.0648585
-0.162092
-0.670547
-1.27825
-1.16249
-1.38369
-2.06685
-3.28234
-4.15976
-3.94
-3.41521
-3.17802
-0.652513
-0.597058
-0.521137
-0.437184
-0.347871
-0.255729
-0.165253
-0.0844986
-0.031578
-0.0599837
-0.294169
-0.534843
-0.584118
-0.949135
-1.83974
-3.31173
-4.49079
-4.26106
-3.64608
-3.33245
-0.669634
-0.612309
-0.534116
-0.447646
-0.355389
-0.259518
-0.163519
-0.0735404
-0.000298952
0.0338046
0.00518046
0.00440924
-0.066512
-0.331324
-0.885093
-1.60608
-2.1354
-2.09162
-1.87031
-1.75029
-0.68942
-0.630085
-0.54934
-0.460142
-0.364767
-0.265081
-0.163861
-0.0649109
0.0270894
0.109428
0.195649
0.303125
0.306714
0.22474
0.0460111
-0.128549
-0.215461
-0.183355
-0.147481
-0.139684
-0.712354
-0.650521
-0.566885
-0.474759
-0.376209
-0.272714
-0.166199
-0.0588308
0.0488294
0.164505
0.30437
0.451695
0.526129
0.553786
0.554156
0.570368
0.61692
0.663564
0.682905
0.6835
-0.737421
-0.673311
-0.586607
-0.491339
-0.389409
-0.28206
-0.170667
-0.0557319
0.0646257
0.202192
0.36519
0.526455
0.642285
0.728938
0.801297
0.869301
0.933363
0.981316
1.00355
1.0061
-0.76399
-0.697208
-0.607771
-0.509218
-0.403972
-0.292884
-0.176749
-0.0552619
0.074795
0.226102
0.398749
0.563113
0.694417
0.799349
0.88701
0.962122
1.02457
1.07034
1.09524
1.10027
-0.790195
-0.722621
-0.629216
-0.527472
-0.418858
-0.304166
-0.183793
-0.056996
0.0803397
0.239594
0.414873
0.576214
0.708731
0.815283
0.90131
0.970904
1.02645
1.06838
1.09407
1.10005
-0.813971
-0.744867
-0.649304
-0.544384
-0.432676
-0.314783
-0.19091
-0.0598852
0.0825758
0.245608
0.419612
0.574852
0.70201
0.803656
0.884238
0.94798
0.998435
1.03739
1.06265
1.0686
-0.832275
-0.763229
-0.665083
-0.557648
-0.443473
-0.323166
-0.196771
-0.0629443
0.082202
0.246677
0.416328
0.563925
0.683755
0.779184
0.85459
0.914131
0.961352
0.998294
1.02413
1.03016
-0.841641
-0.773726
-0.67345
-0.56439
-0.448855
-0.327394
-0.199875
-0.0650775
0.0803923
0.242904
0.406477
0.545839
0.658022
0.74738
0.8183
0.87462
0.919531
0.955141
0.980667
0.986685
-0.836408
-0.771512
-0.670598
-0.561509
-0.446182
-0.325287
-0.198751
-0.0653736
0.0776557
0.235245
0.390561
0.521204
0.625666
0.709181
0.775993
0.829629
0.872751
0.90747
0.932672
0.938707
-0.810271
-0.750584
-0.651073
-0.544459
-0.432139
-0.314792
-0.192117
-0.0631534
0.0742937
0.223905
0.368916
0.489765
0.586039
0.663439
0.725982
0.776912
0.818513
0.852786
0.877604
0.883674
-0.755788
-0.703014
-0.608986
-0.508793
-0.403489
-0.293424
-0.178447
-0.0576651
0.0706594
0.209113
0.341559
0.450706
0.537544
0.607669
0.66483
0.712182
0.751993
0.786017
0.810922
0.817373
-0.663926
-0.616803
-0.538828
-0.450823
-0.357608
-0.25966
-0.156676
-0.0479544
0.0676139
0.191574
0.308777
0.403851
0.478849
0.5391
0.588184
0.628822
0.663958
0.695389
0.720178
0.728663
-0.520511
-0.494986
-0.437305
-0.367691
-0.293112
-0.212706
-0.126273
-0.0334117
0.0664444
0.17389
0.274815
0.355267
0.417234
0.465598
0.503816
0.534133
0.557766
0.576625
0.592038
0.598638
-0.343468
-0.332926
-0.302654
-0.261509
-0.212345
-0.154757
-0.0889024
-0.0144844
0.0685285
0.159956
0.246643
0.31551
0.367819
0.407524
0.43729
0.459327
0.476017
0.488471
0.496057
0.497873
-0.192851
-0.189063
-0.177036
-0.157467
-0.130084
-0.0939369
-0.0480005
0.00800658
0.0740479
0.14946
0.222083
0.279514
0.32221
0.353432
0.376042
0.392071
0.402573
0.408784
0.412072
0.412805
-0.0885079
-0.0882741
-0.0846239
-0.0761339
-0.0617165
-0.0400232
-0.00951172
0.0309553
0.0816879
0.142057
0.201484
0.248555
0.283089
0.30774
0.32455
0.33536
0.342046
0.345927
0.347599
0.347725
-0.0238192
-0.0246819
-0.0249062
-0.0219441
-0.0141117
-0.000293656
0.0207017
0.0500925
0.0886981
0.136302
0.184049
0.221886
0.249226
0.268196
0.28091
0.289098
0.293895
0.296228
0.296976
0.29699
0.0133438
0.0128718
0.0126093
0.0141234
0.0186567
0.0275286
0.0421837
0.0638161
0.0932323
0.130461
0.168392
0.198553
0.220286
0.235316
0.245199
0.251265
0.254686
0.256368
0.256962
0.257003
0.0368529
0.0366817
0.0367139
0.0379543
0.0412583
0.0475612
0.0580393
0.0739549
0.0962926
0.125272
0.15522
0.179102
0.196193
0.207824
0.215368
0.220012
0.222653
0.223945
0.224411
0.22445
0.052311
0.0522613
0.052401
0.0533901
0.055843
0.0605212
0.0683535
0.0803452
0.0973887
0.119844
0.143311
0.162085
0.175502
0.184628
0.190542
0.194156
0.196193
0.197189
0.197554
0.197585
0.0622077
0.0622251
0.0624488
0.0633069
0.0652315
0.0687839
0.0746945
0.0838039
0.0968827
0.114298
0.132648
0.147375
0.157893
0.165021
0.169619
0.172425
0.174011
0.174792
0.175079
0.175102
0.0682254
0.0682628
0.0684943
0.0692132
0.0707374
0.073491
0.0780285
0.0850093
0.0950747
0.108574
0.122883
0.134396
0.142618
0.148186
0.151775
0.153964
0.155198
0.155804
0.156026
0.156042
0.0713519
0.071392
0.0716014
0.0721895
0.0733923
0.0755313
0.0790341
0.0844157
0.0921905
0.102661
0.113808
0.122795
0.129215
0.13356
0.136357
0.138061
0.13902
0.139489
0.139659
0.13967
0.0722793
0.0723152
0.0724911
0.0729624
0.0739087
0.0755752
0.0782892
0.0824514
0.0884687
0.0965937
0.105269
0.112274
0.117281
0.120668
0.122846
0.12417
0.124913
0.125275
0.125404
0.125411
0.0715066
0.0715367
0.0716794
0.0720526
0.0727935
0.0740909
0.0761971
0.0794219
0.0840857
0.0903934
0.0971406
0.102596
0.106494
0.10913
0.110824
0.111853
0.112429
0.112707
0.112805
0.112809
0.0694161
0.0694404
0.0695537
0.0698465
0.0704246
0.0714335
0.0730684
0.0755699
0.0791872
0.0840834
0.0893287
0.0935718
0.0966044
0.098655
0.0999722
0.10077
0.101215
0.101429
0.101503
0.101506
0.0663021
0.0663214
0.0664106
0.0666393
0.0670894
0.0678737
0.0691428
0.0710826
0.0738877
0.0776878
0.0817617
0.08506
0.087418
0.0890103
0.0900312
0.090649
0.0909928
0.0911569
0.0912132
0.0912148
0.0623945
0.0624095
0.0624789
0.0626566
0.063006
0.0636145
0.0645987
0.0661029
0.0682784
0.0712263
0.0743883
0.0769479
0.078777
0.0800124
0.0808039
0.0812811
0.0815447
0.081674
0.081716
0.0817166
0.0578702
0.0578818
0.0579354
0.058073
0.0583438
0.0588151
0.059577
0.0607415
0.0624261
0.0647097
0.0671601
0.069144
0.0705609
0.0715166
0.0721289
0.0724988
0.0727034
0.0727997
0.0728321
0.0728323
0.0528683
0.0528771
0.0529182
0.0530241
0.0532329
0.0535968
0.0541858
0.0550863
0.0563884
0.0581535
0.0600485
0.0615823
0.0626776
0.0634165
0.0638887
0.0641724
0.0643285
0.0644014
0.0644253
0.0644253
0.0474967
0.0475032
0.0475344
0.0476157
0.0477764
0.0480566
0.0485095
0.0492018
0.0502045
0.0515649
0.053025
0.0542073
0.0550517
0.0556204
0.0559828
0.0561999
0.056319
0.0563741
0.0563927
0.0563921
0.0418388
0.0418435
0.0418672
0.041929
0.0420512
0.0422646
0.042611
0.0431414
0.0439093
0.0449512
0.0460695
0.0469747
0.04762
0.0480538
0.0483309
0.0484973
0.0485879
0.0486292
0.0486421
0.0486418
0.0359631
0.0359664
0.0359838
0.0360298
0.0361216
0.0362825
0.0365444
0.0369462
0.0375285
0.0383185
0.0391666
0.0398523
0.040341
0.04067
0.0408795
0.0410045
0.0410723
0.0411028
0.041113
0.0411126
0.0299218
0.0299238
0.0299357
0.029969
0.0300365
0.0301556
0.03035
0.0306487
0.0310819
0.0316706
0.0323033
0.0328157
0.0331813
0.0334268
0.0335824
0.0336742
0.0337235
0.033745
0.0337513
0.0337507
0.0237544
0.0237556
0.0237634
0.0237864
0.023834
0.0239199
0.0240609
0.0242775
0.0245917
0.0250188
0.0254773
0.0258471
0.0261092
0.0262841
0.0263945
0.0264605
0.0264956
0.0265108
0.0265153
0.0265149
0.0174939
0.0174943
0.0174986
0.0175135
0.017546
0.0176046
0.0177002
0.0178476
0.0180626
0.0183549
0.0186675
0.0189193
0.0190979
0.0192176
0.0192928
0.0193361
0.0193584
0.0193672
0.0193689
0.0193685
0.0111683
0.0111685
0.0111708
0.0111792
0.0111982
0.0112325
0.0112895
0.0113779
0.0115067
0.0116823
0.0118718
0.0120245
0.0121333
0.0122052
0.0122496
0.0122748
0.0122866
0.0122899
0.0122898
0.0122895
0.00479839
0.00479858
0.00479796
0.00479869
0.00480339
0.00481372
0.00483259
0.00486291
0.00490809
0.00497125
0.00505036
0.00512382
0.00517603
0.00521059
0.00523307
0.00524671
0.00525392
0.00525663
0.00525644
0.0052561
-1.7563
-0.973994
-0.493849
-0.157601
0.100762
0.30017
0.466679
0.614368
0.769461
0.762744
-0.641449
-0.377642
-0.120338
0.0917055
0.265569
0.409405
0.530198
0.625223
0.668094
0.662224
-0.182368
-0.027141
0.132584
0.27034
0.38747
0.485464
0.564137
0.619168
0.649508
0.656939
0.101066
0.19961
0.303263
0.394802
0.474257
0.541092
0.594031
0.631375
0.655682
0.666743
0.28957
0.354321
0.424604
0.489261
0.546087
0.593859
0.631428
0.659034
0.678854
0.691488
0.424348
0.471462
0.522826
0.570993
0.612771
0.648015
0.676866
0.699769
0.717487
0.731432
0.530289
0.565891
0.606432
0.644363
0.679
0.709707
0.735839
0.756334
0.771662
0.786539
0.619814
0.652709
0.690145
0.725124
0.757441
0.7858
0.809474
0.828342
0.842085
0.857901
0.712374
0.745724
0.783679
0.818658
0.850066
0.877449
0.900652
0.918593
0.930325
0.946703
0.816834
0.854818
0.894823
0.930289
0.961366
0.987689
1.00892
1.02534
1.03674
1.05427
0.948419
0.98824
1.02735
1.06136
1.08966
1.11356
1.1334
1.14898
1.16065
1.17869
1.10992
1.14703
1.17943
1.20648
1.22973
1.25048
1.26923
1.28529
1.29906
1.31693
1.29543
1.32082
1.34107
1.35981
1.37751
1.39445
1.41053
1.42665
1.44382
1.46291
1.48274
1.49369
1.50645
1.52109
1.53486
1.54703
1.55802
1.56944
1.58475
1.60419
1.66442
1.67804
1.68327
1.68452
1.68674
1.69416
1.70786
1.72546
1.73908
1.75042
1.93345
1.8828
1.83549
1.8042
1.79118
1.7957
1.81912
1.86418
1.93076
2.02486
0.347681
0.344938
0.339333
0.329006
0.31717
0.306554
0.298149
0.291955
0.287863
0.285995
0.286891
0.290229
0.295594
0.303028
0.31268
0.324201
0.335858
0.343934
0.348132
0.350067
0.275061
0.282225
0.288309
0.292776
0.294721
0.293976
0.291298
0.288051
0.285306
0.283917
0.284687
0.287201
0.290548
0.293861
0.295858
0.295389
0.292151
0.286802
0.279808
0.273773
0.26461
0.26826
0.273089
0.276713
0.279048
0.280463
0.280995
0.280692
0.280017
0.279678
0.280077
0.281049
0.281925
0.282054
0.281219
0.279453
0.276582
0.272255
0.267561
0.265444
0.264364
0.265787
0.268679
0.271558
0.273969
0.275609
0.276585
0.276952
0.27695
0.276943
0.277328
0.277828
0.277979
0.277534
0.276381
0.274485
0.271896
0.268911
0.266626
0.266071
0.264299
0.264658
0.265572
0.266637
0.267752
0.268958
0.270025
0.270815
0.271336
0.271711
0.272016
0.272124
0.27188
0.271227
0.270226
0.269223
0.268211
0.2672
0.266573
0.26642
0.262249
0.262442
0.262996
0.263742
0.26455
0.26535
0.266099
0.266771
0.267345
0.267833
0.26819
0.26831
0.268171
0.267801
0.267262
0.266586
0.265908
0.26528
0.26492
0.264849
0.259225
0.259299
0.259529
0.259894
0.260358
0.260928
0.261575
0.262249
0.262908
0.263518
0.263964
0.264141
0.26407
0.263826
0.263499
0.263164
0.262863
0.262621
0.262497
0.262466
0.255567
0.255618
0.255768
0.256009
0.256333
0.256748
0.257257
0.257855
0.258523
0.259225
0.259804
0.260136
0.260253
0.260226
0.26012
0.259982
0.259842
0.259725
0.259662
0.259642
0.251583
0.251617
0.25172
0.251893
0.252147
0.252503
0.252977
0.253581
0.254311
0.255141
0.255893
0.256397
0.256676
0.256801
0.256834
0.256819
0.256785
0.256749
0.256727
0.256715
0.24731
0.247336
0.247417
0.247563
0.24779
0.248125
0.2486
0.249242
0.250068
0.251071
0.252041
0.252754
0.253213
0.253494
0.253653
0.253736
0.253774
0.253787
0.253788
0.253781
0.242752
0.242779
0.242859
0.243003
0.243236
0.243593
0.244115
0.244847
0.245827
0.24706
0.248301
0.249254
0.249916
0.250348
0.250622
0.250786
0.25088
0.250928
0.250947
0.250942
0.237903
0.237929
0.238016
0.238178
0.238442
0.238852
0.239464
0.24034
0.241535
0.243072
0.244655
0.245906
0.246794
0.247391
0.24778
0.248024
0.248169
0.248249
0.248283
0.248278
0.232717
0.232746
0.232848
0.233038
0.233354
0.23385
0.234597
0.235675
0.237162
0.239096
0.241111
0.242724
0.243875
0.244665
0.245185
0.245515
0.245715
0.245826
0.245874
0.24587
0.227113
0.227149
0.227274
0.22751
0.227901
0.228518
0.22945
0.230801
0.232672
0.235117
0.237676
0.239733
0.241212
0.242229
0.242903
0.243333
0.243595
0.243742
0.243806
0.243802
0.220991
0.221037
0.221194
0.221491
0.221986
0.222767
0.223946
0.225657
0.228028
0.231127
0.234374
0.236986
0.238867
0.240163
0.241022
0.241571
0.241906
0.242096
0.242178
0.242173
0.214209
0.214268
0.21447
0.21485
0.215483
0.216481
0.217986
0.220167
0.223184
0.22712
0.231234
0.23454
0.236919
0.238558
0.239646
0.240341
0.240766
0.241006
0.24111
0.241104
0.206579
0.206655
0.206917
0.207409
0.208226
0.209511
0.211445
0.214239
0.21809
0.223091
0.228299
0.232472
0.23547
0.237534
0.238903
0.239779
0.240314
0.240617
0.240747
0.24074
0.197846
0.197947
0.198291
0.198934
0.199998
0.201665
0.204165
0.207759
0.212686
0.219045
0.225627
0.230879
0.234646
0.237236
0.238954
0.240053
0.240725
0.241105
0.241268
0.241258
0.187668
0.187803
0.18826
0.189112
0.19051
0.192692
0.195945
0.200592
0.206909
0.214992
0.223292
0.229883
0.2346
0.237841
0.239992
0.241367
0.242207
0.242683
0.242887
0.242874
0.175564
0.175751
0.176372
0.177516
0.179379
0.182264
0.186534
0.192573
0.200691
0.210955
0.221389
0.229627
0.235512
0.239558
0.242244
0.243965
0.245018
0.245615
0.245871
0.245853
0.16085
0.161118
0.161987
0.163558
0.166082
0.169952
0.175619
0.183521
0.193975
0.206979
0.220033
0.230279
0.237593
0.242631
0.245986
0.248141
0.249467
0.250223
0.250547
0.250523
0.142518
0.142929
0.144197
0.14641
0.149906
0.155202
0.16283
0.17325
0.186725
0.203136
0.219359
0.232015
0.241063
0.247327
0.251526
0.254243
0.25593
0.256905
0.257327
0.257295
0.119046
0.119735
0.121672
0.124899
0.129908
0.137363
0.147811
0.161641
0.178984
0.199551
0.219522
0.235013
0.246134
0.253914
0.259196
0.262661
0.264849
0.266146
0.26672
0.266684
0.0879056
0.0891772
0.0923374
0.0973635
0.104959
0.115835
0.130373
0.148767
0.170949
0.196438
0.220702
0.239427
0.252971
0.262606
0.269301
0.273809
0.276732
0.278518
0.27934
0.279314
0.0443254
0.0470008
0.0529382
0.0616415
0.0739724
0.0902955
0.110637
0.134958
0.162973
0.194069
0.22306
0.245332
0.261605
0.27345
0.281974
0.287982
0.292088
0.294759
0.296012
0.295983
-0.0201494
-0.0128691
-0.000278347
0.0161432
0.0367185
0.0611109
0.0891871
0.120758
0.155443
0.192629
0.226589
0.25257
0.271766
0.2861
0.296857
0.304926
0.310929
0.315316
0.317402
0.317136
-0.0971772
-0.0847878
-0.0606502
-0.032969
-0.0024942
0.0308606
0.0671525
0.106305
0.148088
0.192072
0.231974
0.262753
0.286007
0.303985
0.318151
0.329493
0.338776
0.345843
0.34877
0.349948
-0.174099
-0.150998
-0.116885
-0.0794573
-0.0396975
0.00222368
0.0463805
0.092821
0.141469
0.192107
0.237898
0.27333
0.300311
0.321446
0.338378
0.352134
0.363385
0.372411
0.377769
0.379353
-0.229289
-0.203201
-0.163498
-0.119377
-0.0727119
-0.0238458
0.027102
0.080051
0.134905
0.191495
0.242341
0.281498
0.311141
0.334121
0.352237
0.366667
0.378223
0.387299
0.392622
0.394205
-0.271977
-0.243838
-0.200341
-0.151891
-0.100429
-0.0464387
0.00978752
0.06805
0.128187
0.190002
0.245317
0.287626
0.319302
0.343527
0.362354
0.377145
0.388825
0.397905
0.403328
0.404886
-0.304803
-0.276162
-0.230284
-0.178742
-0.123813
-0.0659722
-0.00556611
0.0570761
0.121712
0.188105
0.2474
0.292503
0.325962
0.351243
0.370633
0.385675
0.39742
0.406485
0.411987
0.413534
-0.33174
-0.302698
-0.255242
-0.201551
-0.14398
-0.0831172
-0.0194322
0.0467199
0.115103
0.185525
0.248559
0.296415
0.331676
0.358046
0.378038
0.393375
0.405228
0.414322
0.419913
0.421445
-0.354625
-0.325233
-0.276601
-0.221333
-0.161824
-0.0986736
-0.0324027
0.0365868
0.108127
0.182194
0.248908
0.299684
0.336946
0.364579
0.385307
0.401028
0.413055
0.422216
0.427879
0.429392
-0.374734
-0.345001
-0.29537
-0.238854
-0.177824
-0.112917
-0.0446825
0.0265052
0.100622
0.177982
0.248442
0.302465
0.342092
0.371286
0.392958
0.409205
0.421492
0.43076
0.436526
0.438031
-0.392887
-0.362745
-0.312265
-0.254703
-0.192462
-0.126212
-0.0565237
0.0162689
0.092399
0.172696
0.247049
0.304802
0.347311
0.378484
0.401393
0.418352
0.431007
0.440425
0.446282
0.447765
-0.409425
-0.378846
-0.327597
-0.269174
-0.205982
-0.138746
-0.0680703
0.00576299
0.0832985
0.166135
0.244545
0.306645
0.352711
0.386409
0.41094
0.428856
0.442021
0.451669
0.457699
0.459078
-0.424583
-0.393524
-0.341611
-0.282453
-0.218532
-0.150611
-0.0793785
-0.0050739
0.0732028
0.158081
0.240676
0.307844
0.358305
0.395226
0.421876
0.441063
0.454928
0.46488
0.471057
0.472292
-0.438584
-0.407063
-0.354447
-0.294655
-0.230183
-0.161852
-0.0904641
-0.0162492
0.0620561
0.148306
0.235139
0.308172
0.364025
0.405035
0.434416
0.455262
0.470054
0.480468
0.48676
0.487934
-0.451513
-0.419436
-0.3663
-0.305909
-0.240974
-0.172455
-0.101273
-0.0277145
0.0498322
0.136638
0.227586
0.307327
0.369734
0.415867
0.448725
0.471707
0.4877
0.49871
0.505217
0.506317
-0.463518
-0.430887
-0.377109
-0.316226
-0.250933
-0.182386
-0.11172
-0.0393711
0.0365694
0.122921
0.217656
0.304949
0.375218
0.427669
0.464921
0.49063
0.508144
0.519913
0.526671
0.527773
-0.474577
-0.441384
-0.386988
-0.325619
-0.260049
-0.191616
-0.121722
-0.0510775
0.0223593
0.107064
0.204993
0.300645
0.380208
0.440351
0.482997
0.512141
0.531559
0.544258
0.551294
0.552369
-0.484727
-0.451015
-0.395986
-0.334137
-0.268324
-0.200098
-0.131182
-0.0626725
0.00738042
0.089015
0.189257
0.293983
0.384382
0.453674
0.50277
0.536121
0.558007
0.57191
0.579293
0.580106
-0.494021
-0.45977
-0.404128
-0.341812
-0.275779
-0.207795
-0.139992
-0.0739959
-0.00816903
0.0688226
0.17009
0.284511
0.387437
0.467103
0.523925
0.56239
0.587334
0.602596
0.610218
0.610608
-0.502634
-0.467752
-0.411495
-0.348689
-0.282424
-0.214706
-0.148076
-0.084861
-0.0240694
0.0466262
0.147172
0.271854
0.388846
0.480281
0.545788
0.590608
0.619591
0.636203
0.643067
0.642625
-0.510486
-0.475028
-0.418118
-0.354812
-0.288306
-0.22082
-0.155382
-0.0951142
-0.0400487
0.0226147
0.120328
0.255574
0.388498
0.492659
0.56709
0.619594
0.654611
0.673908
0.677807
0.67448
-0.51788
-0.481676
-0.424039
-0.360228
-0.29346
-0.226157
-0.161844
-0.104609
-0.055834
-0.00296441
0.0892779
0.235133
0.386048
0.503891
0.586992
0.646378
0.689752
0.717201
0.719453
0.693372
-0.524762
-0.487732
-0.429336
-0.36506
-0.298047
-0.230859
-0.167638
-0.113559
-0.0718837
-0.0312527
0.0516692
0.208023
0.38065
0.514545
0.603704
0.666977
0.718418
0.756972
0.762405
0.770208
-0.531483
-0.493143
-0.433993
-0.36938
-0.302091
-0.234934
-0.172736
-0.121823
-0.0879212
-0.0623178
0.00613233
0.171851
0.37144
0.525537
0.614215
0.67288
0.716189
0.744641
0.693513
0.65328
-0.538982
-0.497732
-0.437738
-0.372979
-0.305345
-0.238171
-0.177059
-0.129155
-0.103502
-0.0959592
-0.0487016
0.123833
0.360547
0.53955
0.61579
0.648369
0.673002
0.647739
0.56701
0.511085
-0.547997
-0.500539
-0.440412
-0.375452
-0.30764
-0.240554
-0.180469
-0.135351
-0.118275
-0.132378
-0.113695
0.0604796
0.342198
0.550631
0.614952
0.599468
0.576293
0.504657
0.406827
0.346161
-0.211525
-0.158144
-0.130671
-0.147258
-0.197307
-0.143026
0.139713
0.148904
-0.534948
-0.513631
-0.477688
-0.41565
-0.348729
-0.279759
-0.214478
-0.161756
-0.137109
-0.165506
-0.253171
-0.266431
0.00445945
0.403661
0.576129
0.501482
0.267124
0.120013
0.0152304
-0.543114
-0.526153
-0.480895
-0.418157
-0.350447
-0.280706
-0.215128
-0.163035
-0.142798
-0.18895
-0.334194
-0.448799
-0.164316
0.306904
0.462539
0.270204
-0.000113075
-0.183601
-0.323963
-0.556181
-0.538987
-0.487917
-0.42355
-0.354305
-0.283279
-0.216433
-0.163796
-0.146102
-0.20764
-0.417272
-0.715212
-0.473212
0.11322
0.217428
-0.0440541
-0.330008
-0.543237
-0.737748
-0.568414
-0.54997
-0.495465
-0.428841
-0.357835
-0.285341
-0.21708
-0.163482
-0.147202
-0.222076
-0.505538
-1.06438
-0.959598
-0.25124
-0.156295
-0.421337
-0.728155
-0.9948
-1.25996
-0.578226
-0.559546
-0.502674
-0.433928
-0.361066
-0.286854
-0.216832
-0.161602
-0.145255
-0.230439
-0.596336
-1.47944
-1.56032
-0.716116
-0.596526
-0.812865
-1.12204
-1.48024
-1.81756
-0.586907
-0.568327
-0.509765
-0.439215
-0.36444
-0.28825
-0.215986
-0.158305
-0.13984
-0.230193
-0.671707
-1.85698
-2.10597
-1.19935
-1.02771
-1.15158
-1.41488
-1.78232
-2.08298
-2.22112
-0.595583
-0.577015
-0.51707
-0.444861
-0.368134
-0.2897
-0.214733
-0.153651
-0.130812
-0.21987
-0.712479
-2.11293
-2.48672
-1.59083
-1.39326
-1.45339
-1.5686
-1.77222
-1.98464
-2.0893
-0.604765
-0.586084
-0.524853
-0.450985
-0.372233
-0.29133
-0.21322
-0.147682
-0.118064
-0.196736
-0.691189
-2.15206
-2.55593
-1.78903
-1.63891
-1.72354
-1.71004
-1.62825
-1.76534
-1.83755
-0.614964
-0.595953
-0.533365
-0.457773
-0.376885
-0.293307
-0.211581
-0.140741
-0.10174
-0.159685
-0.597659
-1.8925
-2.24578
-1.72885
-1.78595
-2.00214
-2.05373
-1.57042
-1.59224
-1.81142
-0.626486
-0.607077
-0.542981
-0.46553
-0.382367
-0.295883
-0.210215
-0.133286
-0.0826323
-0.111443
-0.437701
-1.36292
-1.61438
-1.42737
-1.75241
-2.41982
-3.13597
-3.09085
-2.8205
-2.62689
-0.639875
-0.61991
-0.5541
-0.474622
-0.389012
-0.299451
-0.209581
-0.125982
-0.062473
-0.0562511
-0.242178
-0.741429
-0.895257
-0.963442
-1.53446
-2.68024
-4.33029
-4.68593
-4.142
-3.60787
-0.655293
-0.634806
-0.567103
-0.485406
-0.397179
-0.304412
-0.210165
-0.119637
-0.042553
-0.00141214
-0.054575
-0.19779
-0.256255
-0.431066
-0.993287
-1.97727
-3.14978
-3.4805
-3.11433
-2.74852
-0.67331
-0.652192
-0.58235
-0.498197
-0.407201
-0.31106
-0.212358
-0.115017
-0.0251508
0.0479881
0.093031
0.14442
0.181337
0.0759971
-0.183472
-0.556282
-0.892113
-1.03582
-0.947508
-0.873399
-0.694016
-0.672208
-0.600047
-0.513178
-0.419214
-0.319684
-0.216637
-0.112608
-0.0107072
0.0883133
0.193515
0.327778
0.426221
0.427339
0.378642
0.30375
0.278299
0.310442
0.34524
0.357398
-0.717351
-0.695112
-0.620128
-0.530368
-0.433298
-0.330231
-0.22276
-0.112536
-0.000191463
0.118415
0.257325
0.421391
0.552539
0.627276
0.681628
0.729404
0.7861
0.841261
0.875596
0.884954
-0.742488
-0.719895
-0.642107
-0.549319
-0.448924
-0.342357
-0.23073
-0.114769
0.00650834
0.139147
0.296413
0.47023
0.616217
0.725882
0.816432
0.894579
0.964757
1.02116
1.05669
1.06957
-0.768455
-0.745106
-0.665166
-0.569151
-0.465521
-0.355446
-0.239781
-0.118699
0.00959413
0.152083
0.31897
0.49368
0.642309
0.761289
0.858111
0.937996
1.00366
1.05492
1.08969
1.10451
-0.79363
-0.769122
-0.687926
-0.588552
-0.481673
-0.368309
-0.249038
-0.123677
0.0101
0.159001
0.329983
0.501359
0.645746
0.762519
0.855825
0.930138
0.988984
1.03532
1.06804
1.08351
-0.814062
-0.789616
-0.707294
-0.605414
-0.495666
-0.379476
-0.257252
-0.128616
0.0090531
0.161946
0.332359
0.498414
0.635737
0.746245
0.833829
0.902885
0.957252
0.999763
1.03062
1.04525
-0.827572
-0.80391
-0.72078
-0.61678
-0.505022
-0.386948
-0.262851
-0.132272
0.00721573
0.160553
0.329335
0.48771
0.61712
0.720717
0.802812
0.867638
0.918868
0.959419
0.988527
1.00327
-0.829937
-0.807188
-0.724726
-0.619755
-0.50706
-0.388339
-0.264035
-0.133442
0.00559172
0.157194
0.320082
0.470511
0.591613
0.688479
0.765542
0.826776
0.875489
0.914355
0.942074
0.957118
-0.814932
-0.792904
-0.713817
-0.609645
-0.498345
-0.38142
-0.259195
-0.130972
0.00474525
0.151392
0.30626
0.447069
0.559446
0.649433
0.721582
0.779434
0.82587
0.86319
0.889771
0.905374
-0.774101
-0.753051
-0.681125
-0.581826
-0.474878
-0.362983
-0.246294
-0.124113
0.00497966
0.143502
0.287855
0.417081
0.519714
0.601971
0.668662
0.722781
0.766606
0.802224
0.827962
0.844017
-0.703897
-0.688243
-0.621404
-0.530705
-0.433097
-0.330759
-0.223767
-0.111537
0.007041
0.133787
0.264573
0.380282
0.471283
0.544094
0.60332
0.652046
0.691997
0.724099
0.749557
0.764694
-0.595153
-0.585154
-0.529859
-0.453253
-0.370546
-0.283092
-0.190466
-0.0922949
0.0120758
0.123585
0.237738
0.337222
0.414127
0.474578
0.522768
0.561974
0.594411
0.620506
0.639732
0.650345
-0.431663
-0.426587
-0.394952
-0.344171
-0.285595
-0.219998
-0.147272
-0.0672266
0.0204952
0.116119
0.214861
0.300528
0.365755
0.415911
0.454751
0.484607
0.507246
0.52502
0.539577
0.547502
-0.261908
-0.260877
-0.248222
-0.223377
-0.190267
-0.148376
-0.0975168
-0.0372248
0.0325124
0.111506
0.194896
0.26758
0.322355
0.363305
0.393483
0.415528
0.431615
0.442731
0.44937
0.452223
-0.13451
-0.134771
-0.130416
-0.120362
-0.104122
-0.0805344
-0.0479371
-0.0053652
0.0475982
0.110644
0.179126
0.239258
0.284061
0.316836
0.340365
0.356631
0.367056
0.373342
0.376957
0.37824
-0.0514552
-0.0521329
-0.0523028
-0.0494211
-0.0416181
-0.0278314
-0.00683603
0.0228009
0.0621051
0.111249
0.166357
0.215323
0.251584
0.277493
0.295207
0.306817
0.314174
0.31845
0.320384
0.320836
-0.00265681
-0.0030844
-0.00395135
-0.00343708
0.000207959
0.00843729
0.0226034
0.0438925
0.0733077
0.111335
0.154985
0.194084
0.222898
0.24327
0.257169
0.266217
0.271627
0.274475
0.275671
0.275942
0.0263916
0.0261765
0.0258521
0.0263774
0.0288624
0.0342932
0.0439421
0.0592035
0.0812233
0.110568
0.144965
0.176071
0.19899
0.215069
0.225798
0.232571
0.236591
0.238757
0.239698
0.239945
0.0454766
0.0453784
0.045284
0.0457787
0.0476452
0.051663
0.0587696
0.0700493
0.0865974
0.10914
0.13603
0.160528
0.178541
0.19109
0.199435
0.204718
0.207842
0.209503
0.21022
0.210413
0.0578604
0.0578151
0.0578509
0.0583444
0.0598131
0.0628263
0.0681351
0.0766384
0.0892451
0.106615
0.127577
0.146803
0.16096
0.170814
0.177343
0.181447
0.183867
0.185161
0.18572
0.185876
0.0656556
0.0656347
0.0657304
0.0661979
0.0673976
0.0697484
0.0738104
0.0802844
0.0899274
0.103332
0.11965
0.134688
0.145769
0.153469
0.158558
0.161756
0.163641
0.164647
0.165087
0.165206
0.0701191
0.0701083
0.0702133
0.0706189
0.0715821
0.0734181
0.0765553
0.0815357
0.08896
0.0993228
0.112009
0.123748
0.132407
0.138422
0.142396
0.14489
0.146357
0.147139
0.147479
0.14757
0.0720696
0.0720638
0.0721601
0.0724969
0.0732647
0.0747019
0.0771342
0.0809817
0.0867163
0.0947408
0.104604
0.113754
0.12051
0.125203
0.1283
0.130241
0.131381
0.131986
0.132247
0.132315
0.0720893
0.072086
0.0721673
0.0724391
0.073045
0.0741677
0.076058
0.0790386
0.0834787
0.0896997
0.0973636
0.104489
0.109753
0.113409
0.115821
0.117331
0.118216
0.118684
0.118884
0.118935
0.070614
0.0706119
0.0706776
0.0708929
0.071368
0.0722435
0.073712
0.0760239
0.0794658
0.0842918
0.090247
0.0957913
0.0998887
0.102734
0.104609
0.105782
0.106468
0.106829
0.106982
0.107021
0.0679773
0.0679759
0.0680285
0.0681979
0.0685688
0.0692499
0.0703908
0.0721848
0.0748543
0.0785982
0.0832228
0.0875324
0.0907187
0.0929313
0.0943889
0.0952994
0.0958306
0.0961085
0.0962244
0.0962532
0.0644403
0.0644392
0.0644802
0.0646121
0.0649008
0.0654306
0.0663163
0.0677076
0.0697775
0.0726817
0.0762718
0.0796193
0.0820946
0.0838123
0.0849425
0.0856471
0.0860573
0.0862725
0.0863619
0.0863837
0.0602033
0.0602023
0.0602342
0.0603369
0.060561
0.0609715
0.0616578
0.0627359
0.0643402
0.0665916
0.0693753
0.0719715
0.073891
0.0752226
0.0760982
0.0766434
0.0769606
0.0771259
0.0771935
0.0772097
0.055424
0.0554232
0.0554477
0.0555269
0.0556999
0.0560172
0.0565482
0.0573824
0.0586237
0.0603654
0.0625201
0.0645306
0.0660159
0.0670458
0.0677233
0.068145
0.0683892
0.0685154
0.0685669
0.068579
0.0502245
0.0502238
0.0502425
0.0503031
0.0504364
0.050681
0.0510903
0.0517336
0.0526913
0.0540357
0.0556994
0.0572519
0.0583993
0.0591948
0.0597164
0.0600395
0.0602264
0.0603224
0.0603609
0.0603698
0.0447014
0.0447009
0.0447148
0.0447606
0.0448619
0.0450488
0.0453626
0.0458564
0.0465916
0.0476247
0.0489033
0.050096
0.0509774
0.0515879
0.0519877
0.0522359
0.0523789
0.0524518
0.0524804
0.0524863
0.0389277
0.0389272
0.0389371
0.038971
0.0390474
0.0391894
0.0394286
0.0398053
0.0403664
0.0411545
0.04213
0.0430397
0.0437103
0.0441736
0.0444773
0.0446655
0.044774
0.0448295
0.0448511
0.0448557
0.0329616
0.0329609
0.0329684
0.0329933
0.0330506
0.0331572
0.0333363
0.0336188
0.0340406
0.0346336
0.0353677
0.0360523
0.0365578
0.0369072
0.0371358
0.0372766
0.0373564
0.0373964
0.0374113
0.037414
0.0268521
0.0268514
0.0268562
0.0268735
0.0269146
0.0269922
0.0271233
0.0273306
0.0276405
0.0280768
0.0286177
0.0291227
0.0294956
0.0297529
0.0299197
0.0300214
0.0300793
0.0301077
0.0301175
0.0301192
0.0206337
0.0206332
0.0206355
0.0206474
0.0206756
0.0207294
0.0208212
0.0209675
0.021187
0.0214957
0.0218777
0.0222334
0.0224947
0.0226749
0.0227926
0.022865
0.0229055
0.0229251
0.0229318
0.0229327
0.0143387
0.0143385
0.0143393
0.0143463
0.0143639
0.0143984
0.0144578
0.0145527
0.0146952
0.0148959
0.0151448
0.0153768
0.0155472
0.0156646
0.0157404
0.0157854
0.0158095
0.0158202
0.0158226
0.0158224
0.00798811
0.007988
0.00798802
0.007991
0.00799979
0.00801788
0.00804958
0.00809993
0.0081754
0.0082819
0.00841561
0.00853846
0.00862836
0.00868901
0.00872754
0.00875106
0.0087635
0.00876818
0.00876856
0.00876831
0.00479836
0.00479846
0.00479793
0.00480048
0.0048077
0.00482195
0.00484609
0.00488341
0.00493718
0.00500976
0.00508965
0.00515241
0.00519514
0.00522311
0.00524087
0.00525098
0.00525574
0.00525676
0.00525582
0.00175214
-1.40377
-0.843419
-0.447693
-0.148147
0.0881717
0.278243
0.433897
0.569551
0.673162
0.68317
-0.559466
-0.292632
-0.0758262
0.107435
0.263506
0.39431
0.503124
0.589187
0.642396
0.658667
-0.118678
0.0305766
0.165125
0.284377
0.388306
0.476508
0.548903
0.603406
0.638445
0.656566
0.146791
0.238762
0.326667
0.407031
0.478743
0.540424
0.591122
0.629252
0.655505
0.670923
0.324786
0.384585
0.445962
0.504946
0.557056
0.601645
0.638103
0.666332
0.687524
0.700504
0.453332
0.494135
0.543229
0.587195
0.626989
0.661643
0.691443
0.716003
0.735051
0.745879
0.555197
0.587953
0.628404
0.665625
0.7003
0.73193
0.75906
0.781166
0.798291
0.807235
0.646313
0.679351
0.716847
0.752844
0.786306
0.816015
0.841577
0.862588
0.878518
0.886119
0.742005
0.777743
0.817658
0.855133
0.888334
0.917685
0.942433
0.962161
0.976458
0.983852
0.856275
0.897721
0.938439
0.97674
1.00936
1.03694
1.05971
1.07798
1.09153
1.10035
1.00173
1.04511
1.08345
1.11776
1.14633
1.17041
1.19128
1.20876
1.2225
1.23356
1.18032
1.21834
1.24685
1.27145
1.2927
1.31216
1.33046
1.34778
1.36387
1.37844
1.37861
1.39985
1.41514
1.43099
1.44728
1.46268
1.47654
1.48987
1.50545
1.52403
1.56987
1.57698
1.58753
1.59925
1.60934
1.61864
1.62883
1.63993
1.65158
1.66055
1.78255
1.78439
1.7765
1.76018
1.74934
1.74882
1.76098
1.78564
1.81971
1.84418
2.2029
2.0091
1.90807
1.8499
1.82031
1.81382
1.82909
1.86984
1.94587
2.08898
-0.507423
-0.515675
-0.47318
-0.412326
-0.34525
-0.276666
0.457642
0.618287
0.605566
0.48465
0.372817
0.268058
-0.0839439
-0.443753
-0.942658
-1.61728
-2.53134
)
;

boundaryField
{
    wall-4
    {
        type            zeroGradient;
    }
    pressure-outlet-7
    {
        type            fixedValue;
        value           uniform 0;
    }
    velocity-inlet-6
    {
        type            zeroGradient;
    }
    velocity-inlet-5
    {
        type            zeroGradient;
    }
    frontAndBackPlanes
    {
        type            empty;
    }
}


// ************************************************************************* //
