/*--------------------------------*- C++ -*----------------------------------*\
| =========                 |                                                 |
| \\      /  F ield         | OpenFOAM: The Open Source CFD Toolbox           |
|  \\    /   O peration     | Version:  4.0                                   |
|   \\  /    A nd           | Web:      www.OpenFOAM.org                      |
|    \\/     M anipulation  |                                                 |
\*---------------------------------------------------------------------------*/
FoamFile
{
    version     2.0;
    format      ascii;
    class       labelList;
    note        "nPoints: 14422 nCells: 7000 nFaces: 28210 nInternalFaces: 13790";
    location    "constant/polyMesh";
    object      neighbour;
}
// * * * * * * * * * * * * * * * * * * * * * * * * * * * * * * * * * * * * * //


13790
(
1
50
2
51
3
52
4
53
5
54
6
55
7
56
8
57
9
58
10
59
11
60
12
61
13
62
14
63
15
64
16
65
17
66
18
67
19
68
20
69
21
70
22
71
23
72
24
73
25
74
26
75
27
76
28
77
29
78
30
79
31
80
32
81
33
82
34
83
35
84
36
85
37
86
38
87
39
88
40
89
41
90
42
91
43
92
44
93
45
94
46
95
47
96
48
97
49
98
99
51
100
52
101
53
102
54
103
55
104
56
105
57
106
58
107
59
108
60
109
61
110
62
111
63
112
64
113
65
114
66
115
67
116
68
117
69
118
70
119
71
120
72
121
73
122
74
123
75
124
76
125
77
126
78
127
79
128
80
129
81
130
82
131
83
132
84
133
85
134
86
135
87
136
88
137
89
138
90
139
91
140
92
141
93
142
94
143
95
144
96
145
97
146
98
147
99
148
149
101
150
102
151
103
152
104
153
105
154
106
155
107
156
108
157
109
158
110
159
111
160
112
161
113
162
114
163
115
164
116
165
117
166
118
167
119
168
120
169
121
170
122
171
123
172
124
173
125
174
126
175
127
176
128
177
129
178
130
179
131
180
132
181
133
182
134
183
135
184
136
185
137
186
138
187
139
188
140
189
141
190
142
191
143
192
144
193
145
194
146
195
147
196
148
197
149
198
199
151
200
152
201
153
202
154
203
155
204
156
205
157
206
158
207
159
208
160
209
161
210
162
211
163
212
164
213
165
214
166
215
167
216
168
217
169
218
170
219
171
220
172
221
173
222
174
223
175
224
176
225
177
226
178
227
179
228
180
229
181
230
182
231
183
232
184
233
185
234
186
235
187
236
188
237
189
238
190
239
191
240
192
241
193
242
194
243
195
244
196
245
197
246
198
247
199
248
249
201
250
202
251
203
252
204
253
205
254
206
255
207
256
208
257
209
258
210
259
211
260
212
261
213
262
214
263
215
264
216
265
217
266
218
267
219
268
220
269
221
270
222
271
223
272
224
273
225
274
226
275
227
276
228
277
229
278
230
279
231
280
232
281
233
282
234
283
235
284
236
285
237
286
238
287
239
288
240
289
241
290
242
291
243
292
244
293
245
294
246
295
247
296
248
297
249
298
299
251
300
252
301
253
302
254
303
255
304
256
305
257
306
258
307
259
308
260
309
261
310
262
311
263
312
264
313
265
314
266
315
267
316
268
317
269
318
270
319
271
320
272
321
273
322
274
323
275
324
276
325
277
326
278
327
279
328
280
329
281
330
282
331
283
332
284
333
285
334
286
335
287
336
288
337
289
338
290
339
291
340
292
341
293
342
294
343
295
344
296
345
297
346
298
347
299
348
349
301
350
302
351
303
352
304
353
305
354
306
355
307
356
308
357
309
358
310
359
311
360
312
361
313
362
314
363
315
364
316
365
317
366
318
367
319
368
320
369
321
370
322
371
323
372
324
373
325
374
326
375
327
376
328
377
329
378
330
379
331
380
332
381
333
382
334
383
335
384
336
385
337
386
338
387
339
388
340
389
341
390
342
391
343
392
344
393
345
394
346
395
347
396
348
397
349
398
399
351
400
352
401
353
402
354
403
355
404
356
405
357
406
358
407
359
408
360
409
361
410
362
411
363
412
364
413
365
414
366
415
367
416
368
417
369
418
370
419
371
420
372
421
373
422
374
423
375
424
376
425
377
426
378
427
379
428
380
429
381
430
382
431
383
432
384
433
385
434
386
435
387
436
388
437
389
438
390
439
391
440
392
441
393
442
394
443
395
444
396
445
397
446
398
447
399
448
449
401
450
402
451
403
452
404
453
405
454
406
455
407
456
408
457
409
458
410
459
411
460
412
461
413
462
414
463
415
464
416
465
417
466
418
467
419
468
420
469
421
470
422
471
423
472
424
473
425
474
426
475
427
476
428
477
429
478
430
479
431
480
432
481
433
482
434
483
435
484
436
485
437
486
438
487
439
488
440
489
441
490
442
491
443
492
444
493
445
494
446
495
447
496
448
497
449
498
499
451
500
452
501
453
502
454
503
455
504
456
505
457
506
458
507
459
508
460
509
461
510
462
511
463
512
464
513
465
514
466
515
467
516
468
517
469
518
470
519
471
520
472
521
473
522
474
523
475
524
476
525
477
526
478
527
479
528
480
529
481
530
482
531
483
532
484
533
485
534
486
535
487
536
488
537
489
538
490
539
491
540
492
541
493
542
494
543
495
544
496
545
497
546
498
547
499
548
549
501
550
502
551
503
552
504
553
505
554
506
555
507
556
508
557
509
558
510
559
511
560
512
561
513
562
514
563
515
564
516
565
517
566
518
567
519
568
520
569
521
570
522
571
523
572
524
573
525
574
526
575
527
576
528
577
529
578
530
579
531
580
532
581
533
582
534
583
535
584
536
585
537
586
538
587
539
588
540
589
541
590
542
591
543
592
544
593
545
594
546
595
547
596
548
597
549
598
599
551
600
552
601
553
602
554
603
555
604
556
605
557
606
558
607
559
608
560
609
561
610
562
611
563
612
564
613
565
614
566
615
567
616
568
617
569
618
570
619
571
620
572
621
573
622
574
623
575
624
576
625
577
626
578
627
579
628
580
629
581
630
582
631
583
632
584
633
585
634
586
635
587
636
588
637
589
638
590
639
591
640
592
641
593
642
594
643
595
644
596
645
597
646
598
647
599
648
649
601
650
602
651
603
652
604
653
605
654
606
655
607
656
608
657
609
658
610
659
611
660
612
661
613
662
614
663
615
664
616
665
617
666
618
667
619
668
620
669
621
670
622
671
623
672
624
673
625
674
626
675
627
676
628
677
629
678
630
679
631
680
632
681
633
682
634
683
635
684
636
685
637
686
638
687
639
688
640
689
641
690
642
691
643
692
644
693
645
694
646
695
647
696
648
697
649
698
699
651
700
652
701
653
702
654
703
655
704
656
705
657
706
658
707
659
708
660
709
661
710
662
711
663
712
664
713
665
714
666
715
667
716
668
717
669
718
670
719
671
720
672
721
673
722
674
723
675
724
676
725
677
726
678
727
679
728
680
729
681
730
682
731
683
732
684
733
685
734
686
735
687
736
688
737
689
738
690
739
691
740
692
741
693
742
694
743
695
744
696
745
697
746
698
747
699
748
749
701
750
702
751
703
752
704
753
705
754
706
755
707
756
708
757
709
758
710
759
711
760
712
761
713
762
714
763
715
764
716
765
717
766
718
767
719
768
720
769
721
770
722
771
723
772
724
773
725
774
726
775
727
776
728
777
729
778
730
779
731
780
732
781
733
782
734
783
735
784
736
785
737
786
738
787
739
788
740
789
741
790
742
791
743
792
744
793
745
794
746
795
747
796
748
797
749
798
799
751
800
752
801
753
802
754
803
755
804
756
805
757
806
758
807
759
808
760
809
761
810
762
811
763
812
764
813
765
814
766
815
767
816
768
817
769
818
770
819
771
820
772
821
773
822
774
823
775
824
776
825
777
826
778
827
779
828
780
829
781
830
782
831
783
832
784
833
785
834
786
835
787
836
788
837
789
838
790
839
791
840
792
841
793
842
794
843
795
844
796
845
797
846
798
847
799
848
849
801
850
802
851
803
852
804
853
805
854
806
855
807
856
808
857
809
858
810
859
811
860
812
861
813
862
814
863
815
864
816
865
817
866
818
867
819
868
820
869
821
870
822
871
823
872
824
873
825
874
826
875
827
876
828
877
829
878
830
879
831
880
832
881
833
882
834
883
835
884
836
885
837
886
838
887
839
888
840
889
841
890
842
891
843
892
844
893
845
894
846
895
847
896
848
897
849
898
899
851
900
852
901
853
902
854
903
855
904
856
905
857
906
858
907
859
908
860
909
861
910
862
911
863
912
864
913
865
914
866
915
867
916
868
917
869
918
870
919
871
920
872
921
873
922
874
923
875
924
876
925
877
926
878
927
879
928
880
929
881
930
882
931
883
932
884
933
885
934
886
935
887
936
888
937
889
938
890
939
891
940
892
941
893
942
894
943
895
944
896
945
897
946
898
947
899
948
949
901
950
902
951
903
952
904
953
905
954
906
955
907
956
908
957
909
958
910
959
911
960
912
961
913
962
914
963
915
964
916
965
917
966
918
967
919
968
920
969
921
970
922
971
923
972
924
973
925
974
926
975
927
976
928
977
929
978
930
979
931
980
932
981
933
982
934
983
935
984
936
985
937
986
938
987
939
988
940
989
941
990
942
991
943
992
944
993
945
994
946
995
947
996
948
997
949
998
999
951
1000
952
1001
953
1002
954
1003
955
1004
956
1005
957
1006
958
1007
959
1008
960
1009
961
1010
962
1011
963
1012
964
1013
965
1014
966
1015
967
1016
968
1017
969
1018
970
1019
971
1020
972
1021
973
1022
974
1023
975
1024
976
1025
977
1026
978
1027
979
1028
980
1029
981
1030
982
1031
983
1032
984
1033
985
1034
986
1035
987
1036
988
1037
989
1038
990
1039
991
1040
992
1041
993
1042
994
1043
995
1044
996
1045
997
1046
998
1047
999
1048
1049
1001
1050
1002
1051
1003
1052
1004
1053
1005
1054
1006
1055
1007
1056
1008
1057
1009
1058
1010
1059
1011
1060
1012
1061
1013
1062
1014
1063
1015
1064
1016
1065
1017
1066
1018
1067
1019
1068
1020
1069
1021
1070
1022
1071
1023
1072
1024
1073
1025
1074
1026
1075
1027
1076
1028
1077
1029
1078
1030
1079
1031
1080
1032
1081
1033
1082
1034
1083
1035
1084
1036
1085
1037
1086
1038
1087
1039
1088
1040
1089
1041
1090
1042
1091
1043
1092
1044
1093
1045
1094
1046
1095
1047
1096
1048
1097
1049
1098
1099
3000
1051
1100
1052
1101
1053
1102
1054
1103
1055
1104
1056
1105
1057
1106
1058
1107
1059
1108
1060
1109
1061
1110
1062
1111
1063
1112
1064
1113
1065
1114
1066
1115
1067
1116
1068
1117
1069
1118
1070
1119
1071
1120
1072
1121
1073
1122
1074
1123
1075
1124
1076
1125
1077
1126
1078
1127
1079
1128
1080
1129
1081
1130
1082
1131
1083
1132
1084
1133
1085
1134
1086
1135
1087
1136
1088
1137
1089
1138
1090
1139
1091
1140
1092
1141
1093
1142
1094
1143
1095
1144
1096
1145
1097
1146
1098
1147
1099
1148
1149
3100
1101
1150
1102
1151
1103
1152
1104
1153
1105
1154
1106
1155
1107
1156
1108
1157
1109
1158
1110
1159
1111
1160
1112
1161
1113
1162
1114
1163
1115
1164
1116
1165
1117
1166
1118
1167
1119
1168
1120
1169
1121
1170
1122
1171
1123
1172
1124
1173
1125
1174
1126
1175
1127
1176
1128
1177
1129
1178
1130
1179
1131
1180
1132
1181
1133
1182
1134
1183
1135
1184
1136
1185
1137
1186
1138
1187
1139
1188
1140
1189
1141
1190
1142
1191
1143
1192
1144
1193
1145
1194
1146
1195
1147
1196
1148
1197
1149
1198
1199
3200
1151
1200
1152
1201
1153
1202
1154
1203
1155
1204
1156
1205
1157
1206
1158
1207
1159
1208
1160
1209
1161
1210
1162
1211
1163
1212
1164
1213
1165
1214
1166
1215
1167
1216
1168
1217
1169
1218
1170
1219
1171
1220
1172
1221
1173
1222
1174
1223
1175
1224
1176
1225
1177
1226
1178
1227
1179
1228
1180
1229
1181
1230
1182
1231
1183
1232
1184
1233
1185
1234
1186
1235
1187
1236
1188
1237
1189
1238
1190
1239
1191
1240
1192
1241
1193
1242
1194
1243
1195
1244
1196
1245
1197
1246
1198
1247
1199
1248
1249
3300
1201
1250
1202
1251
1203
1252
1204
1253
1205
1254
1206
1255
1207
1256
1208
1257
1209
1258
1210
1259
1211
1260
1212
1261
1213
1262
1214
1263
1215
1264
1216
1265
1217
1266
1218
1267
1219
1268
1220
1269
1221
1270
1222
1271
1223
1272
1224
1273
1225
1274
1226
1275
1227
1276
1228
1277
1229
1278
1230
1279
1231
1280
1232
1281
1233
1282
1234
1283
1235
1284
1236
1285
1237
1286
1238
1287
1239
1288
1240
1289
1241
1290
1242
1291
1243
1292
1244
1293
1245
1294
1246
1295
1247
1296
1248
1297
1249
1298
1299
3400
1251
1300
1252
1301
1253
1302
1254
1303
1255
1304
1256
1305
1257
1306
1258
1307
1259
1308
1260
1309
1261
1310
1262
1311
1263
1312
1264
1313
1265
1314
1266
1315
1267
1316
1268
1317
1269
1318
1270
1319
1271
1320
1272
1321
1273
1322
1274
1323
1275
1324
1276
1325
1277
1326
1278
1327
1279
1328
1280
1329
1281
1330
1282
1331
1283
1332
1284
1333
1285
1334
1286
1335
1287
1336
1288
1337
1289
1338
1290
1339
1291
1340
1292
1341
1293
1342
1294
1343
1295
1344
1296
1345
1297
1346
1298
1347
1299
1348
1349
3500
1301
1350
1302
1351
1303
1352
1304
1353
1305
1354
1306
1355
1307
1356
1308
1357
1309
1358
1310
1359
1311
1360
1312
1361
1313
1362
1314
1363
1315
1364
1316
1365
1317
1366
1318
1367
1319
1368
1320
1369
1321
1370
1322
1371
1323
1372
1324
1373
1325
1374
1326
1375
1327
1376
1328
1377
1329
1378
1330
1379
1331
1380
1332
1381
1333
1382
1334
1383
1335
1384
1336
1385
1337
1386
1338
1387
1339
1388
1340
1389
1341
1390
1342
1391
1343
1392
1344
1393
1345
1394
1346
1395
1347
1396
1348
1397
1349
1398
1399
3600
1351
1400
1352
1401
1353
1402
1354
1403
1355
1404
1356
1405
1357
1406
1358
1407
1359
1408
1360
1409
1361
1410
1362
1411
1363
1412
1364
1413
1365
1414
1366
1415
1367
1416
1368
1417
1369
1418
1370
1419
1371
1420
1372
1421
1373
1422
1374
1423
1375
1424
1376
1425
1377
1426
1378
1427
1379
1428
1380
1429
1381
1430
1382
1431
1383
1432
1384
1433
1385
1434
1386
1435
1387
1436
1388
1437
1389
1438
1390
1439
1391
1440
1392
1441
1393
1442
1394
1443
1395
1444
1396
1445
1397
1446
1398
1447
1399
1448
1449
3700
1401
1450
1402
1451
1403
1452
1404
1453
1405
1454
1406
1455
1407
1456
1408
1457
1409
1458
1410
1459
1411
1460
1412
1461
1413
1462
1414
1463
1415
1464
1416
1465
1417
1466
1418
1467
1419
1468
1420
1469
1421
1470
1422
1471
1423
1472
1424
1473
1425
1474
1426
1475
1427
1476
1428
1477
1429
1478
1430
1479
1431
1480
1432
1481
1433
1482
1434
1483
1435
1484
1436
1485
1437
1486
1438
1487
1439
1488
1440
1489
1441
1490
1442
1491
1443
1492
1444
1493
1445
1494
1446
1495
1447
1496
1448
1497
1449
1498
1499
3800
1451
1500
1452
1501
1453
1502
1454
1503
1455
1504
1456
1505
1457
1506
1458
1507
1459
1508
1460
1509
1461
1510
1462
1511
1463
1512
1464
1513
1465
1514
1466
1515
1467
1516
1468
1517
1469
1518
1470
1519
1471
1520
1472
1521
1473
1522
1474
1523
1475
1524
1476
1525
1477
1526
1478
1527
1479
1528
1480
1529
1481
1530
1482
1531
1483
1532
1484
1533
1485
1534
1486
1535
1487
1536
1488
1537
1489
1538
1490
1539
1491
1540
1492
1541
1493
1542
1494
1543
1495
1544
1496
1545
1497
1546
1498
1547
1499
1548
1549
3900
1501
1550
1502
1551
1503
1552
1504
1553
1505
1554
1506
1555
1507
1556
1508
1557
1509
1558
1510
1559
1511
1560
1512
1561
1513
1562
1514
1563
1515
1564
1516
1565
1517
1566
1518
1567
1519
1568
1520
1569
1521
1570
1522
1571
1523
1572
1524
1573
1525
1574
1526
1575
1527
1576
1528
1577
1529
1578
1530
1579
1531
1580
1532
1581
1533
1582
1534
1583
1535
1584
1536
1585
1537
1586
1538
1587
1539
1588
1540
1589
1541
1590
1542
1591
1543
1592
1544
1593
1545
1594
1546
1595
1547
1596
1548
1597
1549
1598
1599
4000
1551
1600
1552
1601
1553
1602
1554
1603
1555
1604
1556
1605
1557
1606
1558
1607
1559
1608
1560
1609
1561
1610
1562
1611
1563
1612
1564
1613
1565
1614
1566
1615
1567
1616
1568
1617
1569
1618
1570
1619
1571
1620
1572
1621
1573
1622
1574
1623
1575
1624
1576
1625
1577
1626
1578
1627
1579
1628
1580
1629
1581
1630
1582
1631
1583
1632
1584
1633
1585
1634
1586
1635
1587
1636
1588
1637
1589
1638
1590
1639
1591
1640
1592
1641
1593
1642
1594
1643
1595
1644
1596
1645
1597
1646
1598
1647
1599
1648
1649
4100
1601
1650
1602
1651
1603
1652
1604
1653
1605
1654
1606
1655
1607
1656
1608
1657
1609
1658
1610
1659
1611
1660
1612
1661
1613
1662
1614
1663
1615
1664
1616
1665
1617
1666
1618
1667
1619
1668
1620
1669
1621
1670
1622
1671
1623
1672
1624
1673
1625
1674
1626
1675
1627
1676
1628
1677
1629
1678
1630
1679
1631
1680
1632
1681
1633
1682
1634
1683
1635
1684
1636
1685
1637
1686
1638
1687
1639
1688
1640
1689
1641
1690
1642
1691
1643
1692
1644
1693
1645
1694
1646
1695
1647
1696
1648
1697
1649
1698
1699
4200
1651
1700
1652
1701
1653
1702
1654
1703
1655
1704
1656
1705
1657
1706
1658
1707
1659
1708
1660
1709
1661
1710
1662
1711
1663
1712
1664
1713
1665
1714
1666
1715
1667
1716
1668
1717
1669
1718
1670
1719
1671
1720
1672
1721
1673
1722
1674
1723
1675
1724
1676
1725
1677
1726
1678
1727
1679
1728
1680
1729
1681
1730
1682
1731
1683
1732
1684
1733
1685
1734
1686
1735
1687
1736
1688
1737
1689
1738
1690
1739
1691
1740
1692
1741
1693
1742
1694
1743
1695
1744
1696
1745
1697
1746
1698
1747
1699
1748
1749
4300
1701
1750
1702
1751
1703
1752
1704
1753
1705
1754
1706
1755
1707
1756
1708
1757
1709
1758
1710
1759
1711
1760
1712
1761
1713
1762
1714
1763
1715
1764
1716
1765
1717
1766
1718
1767
1719
1768
1720
1769
1721
1770
1722
1771
1723
1772
1724
1773
1725
1774
1726
1775
1727
1776
1728
1777
1729
1778
1730
1779
1731
1780
1732
1781
1733
1782
1734
1783
1735
1784
1736
1785
1737
1786
1738
1787
1739
1788
1740
1789
1741
1790
1742
1791
1743
1792
1744
1793
1745
1794
1746
1795
1747
1796
1748
1797
1749
1798
1799
4400
1751
1800
1752
1801
1753
1802
1754
1803
1755
1804
1756
1805
1757
1806
1758
1807
1759
1808
1760
1809
1761
1810
1762
1811
1763
1812
1764
1813
1765
1814
1766
1815
1767
1816
1768
1817
1769
1818
1770
1819
1771
1820
1772
1821
1773
1822
1774
1823
1775
1824
1776
1825
1777
1826
1778
1827
1779
1828
1780
1829
1781
1830
1782
1831
1783
1832
1784
1833
1785
1834
1786
1835
1787
1836
1788
1837
1789
1838
1790
1839
1791
1840
1792
1841
1793
1842
1794
1843
1795
1844
1796
1845
1797
1846
1798
1847
1799
1848
1849
4500
1801
1850
1802
1851
1803
1852
1804
1853
1805
1854
1806
1855
1807
1856
1808
1857
1809
1858
1810
1859
1811
1860
1812
1861
1813
1862
1814
1863
1815
1864
1816
1865
1817
1866
1818
1867
1819
1868
1820
1869
1821
1870
1822
1871
1823
1872
1824
1873
1825
1874
1826
1875
1827
1876
1828
1877
1829
1878
1830
1879
1831
1880
1832
1881
1833
1882
1834
1883
1835
1884
1836
1885
1837
1886
1838
1887
1839
1888
1840
1889
1841
1890
1842
1891
1843
1892
1844
1893
1845
1894
1846
1895
1847
1896
1848
1897
1849
1898
1899
4600
1851
1900
1852
1901
1853
1902
1854
1903
1855
1904
1856
1905
1857
1906
1858
1907
1859
1908
1860
1909
1861
1910
1862
1911
1863
1912
1864
1913
1865
1914
1866
1915
1867
1916
1868
1917
1869
1918
1870
1919
1871
1920
1872
1921
1873
1922
1874
1923
1875
1924
1876
1925
1877
1926
1878
1927
1879
1928
1880
1929
1881
1930
1882
1931
1883
1932
1884
1933
1885
1934
1886
1935
1887
1936
1888
1937
1889
1938
1890
1939
1891
1940
1892
1941
1893
1942
1894
1943
1895
1944
1896
1945
1897
1946
1898
1947
1899
1948
1949
4700
1901
1950
1902
1951
1903
1952
1904
1953
1905
1954
1906
1955
1907
1956
1908
1957
1909
1958
1910
1959
1911
1960
1912
1961
1913
1962
1914
1963
1915
1964
1916
1965
1917
1966
1918
1967
1919
1968
1920
1969
1921
1970
1922
1971
1923
1972
1924
1973
1925
1974
1926
1975
1927
1976
1928
1977
1929
1978
1930
1979
1931
1980
1932
1981
1933
1982
1934
1983
1935
1984
1936
1985
1937
1986
1938
1987
1939
1988
1940
1989
1941
1990
1942
1991
1943
1992
1944
1993
1945
1994
1946
1995
1947
1996
1948
1997
1949
1998
1999
4800
1951
2000
1952
2001
1953
2002
1954
2003
1955
2004
1956
2005
1957
2006
1958
2007
1959
2008
1960
2009
1961
2010
1962
2011
1963
2012
1964
2013
1965
2014
1966
2015
1967
2016
1968
2017
1969
2018
1970
2019
1971
2020
1972
2021
1973
2022
1974
2023
1975
2024
1976
2025
1977
2026
1978
2027
1979
2028
1980
2029
1981
2030
1982
2031
1983
2032
1984
2033
1985
2034
1986
2035
1987
2036
1988
2037
1989
2038
1990
2039
1991
2040
1992
2041
1993
2042
1994
2043
1995
2044
1996
2045
1997
2046
1998
2047
1999
2048
2049
4900
2001
2050
2002
2051
2003
2052
2004
2053
2005
2054
2006
2055
2007
2056
2008
2057
2009
2058
2010
2059
2011
2060
2012
2061
2013
2062
2014
2063
2015
2064
2016
2065
2017
2066
2018
2067
2019
2068
2020
2069
2021
2070
2022
2071
2023
2072
2024
2073
2025
2074
2026
2075
2027
2076
2028
2077
2029
2078
2030
2079
2031
2080
2032
2081
2033
2082
2034
2083
2035
2084
2036
2085
2037
2086
2038
2087
2039
2088
2040
2089
2041
2090
2042
2091
2043
2092
2044
2093
2045
2094
2046
2095
2047
2096
2048
2097
2049
2098
2099
5000
2051
2100
2052
2101
2053
2102
2054
2103
2055
2104
2056
2105
2057
2106
2058
2107
2059
2108
2060
2109
2061
2110
2062
2111
2063
2112
2064
2113
2065
2114
2066
2115
2067
2116
2068
2117
2069
2118
2070
2119
2071
2120
2072
2121
2073
2122
2074
2123
2075
2124
2076
2125
2077
2126
2078
2127
2079
2128
2080
2129
2081
2130
2082
2131
2083
2132
2084
2133
2085
2134
2086
2135
2087
2136
2088
2137
2089
2138
2090
2139
2091
2140
2092
2141
2093
2142
2094
2143
2095
2144
2096
2145
2097
2146
2098
2147
2099
2148
2149
5100
2101
2150
2102
2151
2103
2152
2104
2153
2105
2154
2106
2155
2107
2156
2108
2157
2109
2158
2110
2159
2111
2160
2112
2161
2113
2162
2114
2163
2115
2164
2116
2165
2117
2166
2118
2167
2119
2168
2120
2169
2121
2170
2122
2171
2123
2172
2124
2173
2125
2174
2126
2175
2127
2176
2128
2177
2129
2178
2130
2179
2131
2180
2132
2181
2133
2182
2134
2183
2135
2184
2136
2185
2137
2186
2138
2187
2139
2188
2140
2189
2141
2190
2142
2191
2143
2192
2144
2193
2145
2194
2146
2195
2147
2196
2148
2197
2149
2198
2199
5200
2151
2200
2152
2201
2153
2202
2154
2203
2155
2204
2156
2205
2157
2206
2158
2207
2159
2208
2160
2209
2161
2210
2162
2211
2163
2212
2164
2213
2165
2214
2166
2215
2167
2216
2168
2217
2169
2218
2170
2219
2171
2220
2172
2221
2173
2222
2174
2223
2175
2224
2176
2225
2177
2226
2178
2227
2179
2228
2180
2229
2181
2230
2182
2231
2183
2232
2184
2233
2185
2234
2186
2235
2187
2236
2188
2237
2189
2238
2190
2239
2191
2240
2192
2241
2193
2242
2194
2243
2195
2244
2196
2245
2197
2246
2198
2247
2199
2248
2249
5300
2201
2250
2202
2251
2203
2252
2204
2253
2205
2254
2206
2255
2207
2256
2208
2257
2209
2258
2210
2259
2211
2260
2212
2261
2213
2262
2214
2263
2215
2264
2216
2265
2217
2266
2218
2267
2219
2268
2220
2269
2221
2270
2222
2271
2223
2272
2224
2273
2225
2274
2226
2275
2227
2276
2228
2277
2229
2278
2230
2279
2231
2280
2232
2281
2233
2282
2234
2283
2235
2284
2236
2285
2237
2286
2238
2287
2239
2288
2240
2289
2241
2290
2242
2291
2243
2292
2244
2293
2245
2294
2246
2295
2247
2296
2248
2297
2249
2298
2299
5400
2251
2300
2252
2301
2253
2302
2254
2303
2255
2304
2256
2305
2257
2306
2258
2307
2259
2308
2260
2309
2261
2310
2262
2311
2263
2312
2264
2313
2265
2314
2266
2315
2267
2316
2268
2317
2269
2318
2270
2319
2271
2320
2272
2321
2273
2322
2274
2323
2275
2324
2276
2325
2277
2326
2278
2327
2279
2328
2280
2329
2281
2330
2282
2331
2283
2332
2284
2333
2285
2334
2286
2335
2287
2336
2288
2337
2289
2338
2290
2339
2291
2340
2292
2341
2293
2342
2294
2343
2295
2344
2296
2345
2297
2346
2298
2347
2299
2348
2349
5500
2301
2350
2302
2351
2303
2352
2304
2353
2305
2354
2306
2355
2307
2356
2308
2357
2309
2358
2310
2359
2311
2360
2312
2361
2313
2362
2314
2363
2315
2364
2316
2365
2317
2366
2318
2367
2319
2368
2320
2369
2321
2370
2322
2371
2323
2372
2324
2373
2325
2374
2326
2375
2327
2376
2328
2377
2329
2378
2330
2379
2331
2380
2332
2381
2333
2382
2334
2383
2335
2384
2336
2385
2337
2386
2338
2387
2339
2388
2340
2389
2341
2390
2342
2391
2343
2392
2344
2393
2345
2394
2346
2395
2347
2396
2348
2397
2349
2398
2399
5600
2351
2400
2352
2401
2353
2402
2354
2403
2355
2404
2356
2405
2357
2406
2358
2407
2359
2408
2360
2409
2361
2410
2362
2411
2363
2412
2364
2413
2365
2414
2366
2415
2367
2416
2368
2417
2369
2418
2370
2419
2371
2420
2372
2421
2373
2422
2374
2423
2375
2424
2376
2425
2377
2426
2378
2427
2379
2428
2380
2429
2381
2430
2382
2431
2383
2432
2384
2433
2385
2434
2386
2435
2387
2436
2388
2437
2389
2438
2390
2439
2391
2440
2392
2441
2393
2442
2394
2443
2395
2444
2396
2445
2397
2446
2398
2447
2399
2448
2449
5700
2401
2450
2402
2451
2403
2452
2404
2453
2405
2454
2406
2455
2407
2456
2408
2457
2409
2458
2410
2459
2411
2460
2412
2461
2413
2462
2414
2463
2415
2464
2416
2465
2417
2466
2418
2467
2419
2468
2420
2469
2421
2470
2422
2471
2423
2472
2424
2473
2425
2474
2426
2475
2427
2476
2428
2477
2429
2478
2430
2479
2431
2480
2432
2481
2433
2482
2434
2483
2435
2484
2436
2485
2437
2486
2438
2487
2439
2488
2440
2489
2441
2490
2442
2491
2443
2492
2444
2493
2445
2494
2446
2495
2447
2496
2448
2497
2449
2498
2499
5800
2451
2500
2452
2501
2453
2502
2454
2503
2455
2504
2456
2505
2457
2506
2458
2507
2459
2508
2460
2509
2461
2510
2462
2511
2463
2512
2464
2513
2465
2514
2466
2515
2467
2516
2468
2517
2469
2518
2470
2519
2471
2520
2472
2521
2473
2522
2474
2523
2475
2524
2476
2525
2477
2526
2478
2527
2479
2528
2480
2529
2481
2530
2482
2531
2483
2532
2484
2533
2485
2534
2486
2535
2487
2536
2488
2537
2489
2538
2490
2539
2491
2540
2492
2541
2493
2542
2494
2543
2495
2544
2496
2545
2497
2546
2498
2547
2499
2548
2549
5900
2501
2550
2502
2551
2503
2552
2504
2553
2505
2554
2506
2555
2507
2556
2508
2557
2509
2558
2510
2559
2511
2560
2512
2561
2513
2562
2514
2563
2515
2564
2516
2565
2517
2566
2518
2567
2519
2568
2520
2569
2521
2570
2522
2571
2523
2572
2524
2573
2525
2574
2526
2575
2527
2576
2528
2577
2529
2578
2530
2579
2531
2580
2532
2581
2533
2582
2534
2583
2535
2584
2536
2585
2537
2586
2538
2587
2539
2588
2540
2589
2541
2590
2542
2591
2543
2592
2544
2593
2545
2594
2546
2595
2547
2596
2548
2597
2549
2598
2599
6000
2551
2600
2552
2601
2553
2602
2554
2603
2555
2604
2556
2605
2557
2606
2558
2607
2559
2608
2560
2609
2561
2610
2562
2611
2563
2612
2564
2613
2565
2614
2566
2615
2567
2616
2568
2617
2569
2618
2570
2619
2571
2620
2572
2621
2573
2622
2574
2623
2575
2624
2576
2625
2577
2626
2578
2627
2579
2628
2580
2629
2581
2630
2582
2631
2583
2632
2584
2633
2585
2634
2586
2635
2587
2636
2588
2637
2589
2638
2590
2639
2591
2640
2592
2641
2593
2642
2594
2643
2595
2644
2596
2645
2597
2646
2598
2647
2599
2648
2649
6100
2601
2650
2602
2651
2603
2652
2604
2653
2605
2654
2606
2655
2607
2656
2608
2657
2609
2658
2610
2659
2611
2660
2612
2661
2613
2662
2614
2663
2615
2664
2616
2665
2617
2666
2618
2667
2619
2668
2620
2669
2621
2670
2622
2671
2623
2672
2624
2673
2625
2674
2626
2675
2627
2676
2628
2677
2629
2678
2630
2679
2631
2680
2632
2681
2633
2682
2634
2683
2635
2684
2636
2685
2637
2686
2638
2687
2639
2688
2640
2689
2641
2690
2642
2691
2643
2692
2644
2693
2645
2694
2646
2695
2647
2696
2648
2697
2649
2698
2699
6200
2651
2700
2652
2701
2653
2702
2654
2703
2655
2704
2656
2705
2657
2706
2658
2707
2659
2708
2660
2709
2661
2710
2662
2711
2663
2712
2664
2713
2665
2714
2666
2715
2667
2716
2668
2717
2669
2718
2670
2719
2671
2720
2672
2721
2673
2722
2674
2723
2675
2724
2676
2725
2677
2726
2678
2727
2679
2728
2680
2729
2681
2730
2682
2731
2683
2732
2684
2733
2685
2734
2686
2735
2687
2736
2688
2737
2689
2738
2690
2739
2691
2740
2692
2741
2693
2742
2694
2743
2695
2744
2696
2745
2697
2746
2698
2747
2699
2748
2749
6300
2701
2750
2702
2751
2703
2752
2704
2753
2705
2754
2706
2755
2707
2756
2708
2757
2709
2758
2710
2759
2711
2760
2712
2761
2713
2762
2714
2763
2715
2764
2716
2765
2717
2766
2718
2767
2719
2768
2720
2769
2721
2770
2722
2771
2723
2772
2724
2773
2725
2774
2726
2775
2727
2776
2728
2777
2729
2778
2730
2779
2731
2780
2732
2781
2733
2782
2734
2783
2735
2784
2736
2785
2737
2786
2738
2787
2739
2788
2740
2789
2741
2790
2742
2791
2743
2792
2744
2793
2745
2794
2746
2795
2747
2796
2748
2797
2749
2798
2799
6400
2751
2800
2752
2801
2753
2802
2754
2803
2755
2804
2756
2805
2757
2806
2758
2807
2759
2808
2760
2809
2761
2810
2762
2811
2763
2812
2764
2813
2765
2814
2766
2815
2767
2816
2768
2817
2769
2818
2770
2819
2771
2820
2772
2821
2773
2822
2774
2823
2775
2824
2776
2825
2777
2826
2778
2827
2779
2828
2780
2829
2781
2830
2782
2831
2783
2832
2784
2833
2785
2834
2786
2835
2787
2836
2788
2837
2789
2838
2790
2839
2791
2840
2792
2841
2793
2842
2794
2843
2795
2844
2796
2845
2797
2846
2798
2847
2799
2848
2849
6500
2801
2850
2802
2851
2803
2852
2804
2853
2805
2854
2806
2855
2807
2856
2808
2857
2809
2858
2810
2859
2811
2860
2812
2861
2813
2862
2814
2863
2815
2864
2816
2865
2817
2866
2818
2867
2819
2868
2820
2869
2821
2870
2822
2871
2823
2872
2824
2873
2825
2874
2826
2875
2827
2876
2828
2877
2829
2878
2830
2879
2831
2880
2832
2881
2833
2882
2834
2883
2835
2884
2836
2885
2837
2886
2838
2887
2839
2888
2840
2889
2841
2890
2842
2891
2843
2892
2844
2893
2845
2894
2846
2895
2847
2896
2848
2897
2849
2898
2899
6600
2851
2900
2852
2901
2853
2902
2854
2903
2855
2904
2856
2905
2857
2906
2858
2907
2859
2908
2860
2909
2861
2910
2862
2911
2863
2912
2864
2913
2865
2914
2866
2915
2867
2916
2868
2917
2869
2918
2870
2919
2871
2920
2872
2921
2873
2922
2874
2923
2875
2924
2876
2925
2877
2926
2878
2927
2879
2928
2880
2929
2881
2930
2882
2931
2883
2932
2884
2933
2885
2934
2886
2935
2887
2936
2888
2937
2889
2938
2890
2939
2891
2940
2892
2941
2893
2942
2894
2943
2895
2944
2896
2945
2897
2946
2898
2947
2899
2948
2949
6700
2901
2950
2902
2951
2903
2952
2904
2953
2905
2954
2906
2955
2907
2956
2908
2957
2909
2958
2910
2959
2911
2960
2912
2961
2913
2962
2914
2963
2915
2964
2916
2965
2917
2966
2918
2967
2919
2968
2920
2969
2921
2970
2922
2971
2923
2972
2924
2973
2925
2974
2926
2975
2927
2976
2928
2977
2929
2978
2930
2979
2931
2980
2932
2981
2933
2982
2934
2983
2935
2984
2936
2985
2937
2986
2938
2987
2939
2988
2940
2989
2941
2990
2942
2991
2943
2992
2944
2993
2945
2994
2946
2995
2947
2996
2948
2997
2949
2998
2999
6800
2951
2952
2953
2954
2955
2956
2957
2958
2959
2960
2961
2962
2963
2964
2965
2966
2967
2968
2969
2970
2971
2972
2973
2974
2975
2976
2977
2978
2979
2980
2981
2982
2983
2984
2985
2986
2987
2988
2989
2990
2991
2992
2993
2994
2995
2996
2997
2998
2999
6900
3001
3100
3002
3101
3003
3102
3004
3103
3005
3104
3006
3105
3007
3106
3008
3107
3009
3108
3010
3109
3011
3110
3012
3111
3013
3112
3014
3113
3015
3114
3016
3115
3017
3116
3018
3117
3019
3118
3020
3119
3021
3120
3022
3121
3023
3122
3024
3123
3025
3124
3026
3125
3027
3126
3028
3127
3029
3128
3030
3129
3031
3130
3032
3131
3033
3132
3034
3133
3035
3134
3036
3135
3037
3136
3038
3137
3039
3138
3040
3139
3041
3140
3042
3141
3043
3142
3044
3143
3045
3144
3046
3145
3047
3146
3048
3147
3049
3148
3050
3149
3051
3150
3052
3151
3053
3152
3054
3153
3055
3154
3056
3155
3057
3156
3058
3157
3059
3158
3060
3159
3061
3160
3062
3161
3063
3162
3064
3163
3065
3164
3066
3165
3067
3166
3068
3167
3069
3168
3070
3169
3071
3170
3072
3171
3073
3172
3074
3173
3075
3174
3076
3175
3077
3176
3078
3177
3079
3178
3080
3179
3081
3180
3082
3181
3083
3182
3084
3183
3085
3184
3086
3185
3087
3186
3088
3187
3089
3188
3090
3189
3091
3190
3092
3191
3093
3192
3094
3193
3095
3194
3096
3195
3097
3196
3098
3197
3099
3198
3199
3101
3200
3102
3201
3103
3202
3104
3203
3105
3204
3106
3205
3107
3206
3108
3207
3109
3208
3110
3209
3111
3210
3112
3211
3113
3212
3114
3213
3115
3214
3116
3215
3117
3216
3118
3217
3119
3218
3120
3219
3121
3220
3122
3221
3123
3222
3124
3223
3125
3224
3126
3225
3127
3226
3128
3227
3129
3228
3130
3229
3131
3230
3132
3231
3133
3232
3134
3233
3135
3234
3136
3235
3137
3236
3138
3237
3139
3238
3140
3239
3141
3240
3142
3241
3143
3242
3144
3243
3145
3244
3146
3245
3147
3246
3148
3247
3149
3248
3150
3249
3151
3250
3152
3251
3153
3252
3154
3253
3155
3254
3156
3255
3157
3256
3158
3257
3159
3258
3160
3259
3161
3260
3162
3261
3163
3262
3164
3263
3165
3264
3166
3265
3167
3266
3168
3267
3169
3268
3170
3269
3171
3270
3172
3271
3173
3272
3174
3273
3175
3274
3176
3275
3177
3276
3178
3277
3179
3278
3180
3279
3181
3280
3182
3281
3183
3282
3184
3283
3185
3284
3186
3285
3187
3286
3188
3287
3189
3288
3190
3289
3191
3290
3192
3291
3193
3292
3194
3293
3195
3294
3196
3295
3197
3296
3198
3297
3199
3298
3299
3201
3300
3202
3301
3203
3302
3204
3303
3205
3304
3206
3305
3207
3306
3208
3307
3209
3308
3210
3309
3211
3310
3212
3311
3213
3312
3214
3313
3215
3314
3216
3315
3217
3316
3218
3317
3219
3318
3220
3319
3221
3320
3222
3321
3223
3322
3224
3323
3225
3324
3226
3325
3227
3326
3228
3327
3229
3328
3230
3329
3231
3330
3232
3331
3233
3332
3234
3333
3235
3334
3236
3335
3237
3336
3238
3337
3239
3338
3240
3339
3241
3340
3242
3341
3243
3342
3244
3343
3245
3344
3246
3345
3247
3346
3248
3347
3249
3348
3250
3349
3251
3350
3252
3351
3253
3352
3254
3353
3255
3354
3256
3355
3257
3356
3258
3357
3259
3358
3260
3359
3261
3360
3262
3361
3263
3362
3264
3363
3265
3364
3266
3365
3267
3366
3268
3367
3269
3368
3270
3369
3271
3370
3272
3371
3273
3372
3274
3373
3275
3374
3276
3375
3277
3376
3278
3377
3279
3378
3280
3379
3281
3380
3282
3381
3283
3382
3284
3383
3285
3384
3286
3385
3287
3386
3288
3387
3289
3388
3290
3389
3291
3390
3292
3391
3293
3392
3294
3393
3295
3394
3296
3395
3297
3396
3298
3397
3299
3398
3399
3301
3400
3302
3401
3303
3402
3304
3403
3305
3404
3306
3405
3307
3406
3308
3407
3309
3408
3310
3409
3311
3410
3312
3411
3313
3412
3314
3413
3315
3414
3316
3415
3317
3416
3318
3417
3319
3418
3320
3419
3321
3420
3322
3421
3323
3422
3324
3423
3325
3424
3326
3425
3327
3426
3328
3427
3329
3428
3330
3429
3331
3430
3332
3431
3333
3432
3334
3433
3335
3434
3336
3435
3337
3436
3338
3437
3339
3438
3340
3439
3341
3440
3342
3441
3343
3442
3344
3443
3345
3444
3346
3445
3347
3446
3348
3447
3349
3448
3350
3449
3351
3450
3352
3451
3353
3452
3354
3453
3355
3454
3356
3455
3357
3456
3358
3457
3359
3458
3360
3459
3361
3460
3362
3461
3363
3462
3364
3463
3365
3464
3366
3465
3367
3466
3368
3467
3369
3468
3370
3469
3371
3470
3372
3471
3373
3472
3374
3473
3375
3474
3376
3475
3377
3476
3378
3477
3379
3478
3380
3479
3381
3480
3382
3481
3383
3482
3384
3483
3385
3484
3386
3485
3387
3486
3388
3487
3389
3488
3390
3489
3391
3490
3392
3491
3393
3492
3394
3493
3395
3494
3396
3495
3397
3496
3398
3497
3399
3498
3499
3401
3500
3402
3501
3403
3502
3404
3503
3405
3504
3406
3505
3407
3506
3408
3507
3409
3508
3410
3509
3411
3510
3412
3511
3413
3512
3414
3513
3415
3514
3416
3515
3417
3516
3418
3517
3419
3518
3420
3519
3421
3520
3422
3521
3423
3522
3424
3523
3425
3524
3426
3525
3427
3526
3428
3527
3429
3528
3430
3529
3431
3530
3432
3531
3433
3532
3434
3533
3435
3534
3436
3535
3437
3536
3438
3537
3439
3538
3440
3539
3441
3540
3442
3541
3443
3542
3444
3543
3445
3544
3446
3545
3447
3546
3448
3547
3449
3548
3450
3549
3451
3550
3452
3551
3453
3552
3454
3553
3455
3554
3456
3555
3457
3556
3458
3557
3459
3558
3460
3559
3461
3560
3462
3561
3463
3562
3464
3563
3465
3564
3466
3565
3467
3566
3468
3567
3469
3568
3470
3569
3471
3570
3472
3571
3473
3572
3474
3573
3475
3574
3476
3575
3477
3576
3478
3577
3479
3578
3480
3579
3481
3580
3482
3581
3483
3582
3484
3583
3485
3584
3486
3585
3487
3586
3488
3587
3489
3588
3490
3589
3491
3590
3492
3591
3493
3592
3494
3593
3495
3594
3496
3595
3497
3596
3498
3597
3499
3598
3599
3501
3600
3502
3601
3503
3602
3504
3603
3505
3604
3506
3605
3507
3606
3508
3607
3509
3608
3510
3609
3511
3610
3512
3611
3513
3612
3514
3613
3515
3614
3516
3615
3517
3616
3518
3617
3519
3618
3520
3619
3521
3620
3522
3621
3523
3622
3524
3623
3525
3624
3526
3625
3527
3626
3528
3627
3529
3628
3530
3629
3531
3630
3532
3631
3533
3632
3534
3633
3535
3634
3536
3635
3537
3636
3538
3637
3539
3638
3540
3639
3541
3640
3542
3641
3543
3642
3544
3643
3545
3644
3546
3645
3547
3646
3548
3647
3549
3648
3550
3649
3551
3650
3552
3651
3553
3652
3554
3653
3555
3654
3556
3655
3557
3656
3558
3657
3559
3658
3560
3659
3561
3660
3562
3661
3563
3662
3564
3663
3565
3664
3566
3665
3567
3666
3568
3667
3569
3668
3570
3669
3571
3670
3572
3671
3573
3672
3574
3673
3575
3674
3576
3675
3577
3676
3578
3677
3579
3678
3580
3679
3581
3680
3582
3681
3583
3682
3584
3683
3585
3684
3586
3685
3587
3686
3588
3687
3589
3688
3590
3689
3591
3690
3592
3691
3593
3692
3594
3693
3595
3694
3596
3695
3597
3696
3598
3697
3599
3698
3699
3601
3700
3602
3701
3603
3702
3604
3703
3605
3704
3606
3705
3607
3706
3608
3707
3609
3708
3610
3709
3611
3710
3612
3711
3613
3712
3614
3713
3615
3714
3616
3715
3617
3716
3618
3717
3619
3718
3620
3719
3621
3720
3622
3721
3623
3722
3624
3723
3625
3724
3626
3725
3627
3726
3628
3727
3629
3728
3630
3729
3631
3730
3632
3731
3633
3732
3634
3733
3635
3734
3636
3735
3637
3736
3638
3737
3639
3738
3640
3739
3641
3740
3642
3741
3643
3742
3644
3743
3645
3744
3646
3745
3647
3746
3648
3747
3649
3748
3650
3749
3651
3750
3652
3751
3653
3752
3654
3753
3655
3754
3656
3755
3657
3756
3658
3757
3659
3758
3660
3759
3661
3760
3662
3761
3663
3762
3664
3763
3665
3764
3666
3765
3667
3766
3668
3767
3669
3768
3670
3769
3671
3770
3672
3771
3673
3772
3674
3773
3675
3774
3676
3775
3677
3776
3678
3777
3679
3778
3680
3779
3681
3780
3682
3781
3683
3782
3684
3783
3685
3784
3686
3785
3687
3786
3688
3787
3689
3788
3690
3789
3691
3790
3692
3791
3693
3792
3694
3793
3695
3794
3696
3795
3697
3796
3698
3797
3699
3798
3799
3701
3800
3702
3801
3703
3802
3704
3803
3705
3804
3706
3805
3707
3806
3708
3807
3709
3808
3710
3809
3711
3810
3712
3811
3713
3812
3714
3813
3715
3814
3716
3815
3717
3816
3718
3817
3719
3818
3720
3819
3721
3820
3722
3821
3723
3822
3724
3823
3725
3824
3726
3825
3727
3826
3728
3827
3729
3828
3730
3829
3731
3830
3732
3831
3733
3832
3734
3833
3735
3834
3736
3835
3737
3836
3738
3837
3739
3838
3740
3839
3741
3840
3742
3841
3743
3842
3744
3843
3745
3844
3746
3845
3747
3846
3748
3847
3749
3848
3750
3849
3751
3850
3752
3851
3753
3852
3754
3853
3755
3854
3756
3855
3757
3856
3758
3857
3759
3858
3760
3859
3761
3860
3762
3861
3763
3862
3764
3863
3765
3864
3766
3865
3767
3866
3768
3867
3769
3868
3770
3869
3771
3870
3772
3871
3773
3872
3774
3873
3775
3874
3776
3875
3777
3876
3778
3877
3779
3878
3780
3879
3781
3880
3782
3881
3783
3882
3784
3883
3785
3884
3786
3885
3787
3886
3788
3887
3789
3888
3790
3889
3791
3890
3792
3891
3793
3892
3794
3893
3795
3894
3796
3895
3797
3896
3798
3897
3799
3898
3899
3801
3900
3802
3901
3803
3902
3804
3903
3805
3904
3806
3905
3807
3906
3808
3907
3809
3908
3810
3909
3811
3910
3812
3911
3813
3912
3814
3913
3815
3914
3816
3915
3817
3916
3818
3917
3819
3918
3820
3919
3821
3920
3822
3921
3823
3922
3824
3923
3825
3924
3826
3925
3827
3926
3828
3927
3829
3928
3830
3929
3831
3930
3832
3931
3833
3932
3834
3933
3835
3934
3836
3935
3837
3936
3838
3937
3839
3938
3840
3939
3841
3940
3842
3941
3843
3942
3844
3943
3845
3944
3846
3945
3847
3946
3848
3947
3849
3948
3850
3949
3851
3950
3852
3951
3853
3952
3854
3953
3855
3954
3856
3955
3857
3956
3858
3957
3859
3958
3860
3959
3861
3960
3862
3961
3863
3962
3864
3963
3865
3964
3866
3965
3867
3966
3868
3967
3869
3968
3870
3969
3871
3970
3872
3971
3873
3972
3874
3973
3875
3974
3876
3975
3877
3976
3878
3977
3879
3978
3880
3979
3881
3980
3882
3981
3883
3982
3884
3983
3885
3984
3886
3985
3887
3986
3888
3987
3889
3988
3890
3989
3891
3990
3892
3991
3893
3992
3894
3993
3895
3994
3896
3995
3897
3996
3898
3997
3899
3998
3999
3901
4000
3902
4001
3903
4002
3904
4003
3905
4004
3906
4005
3907
4006
3908
4007
3909
4008
3910
4009
3911
4010
3912
4011
3913
4012
3914
4013
3915
4014
3916
4015
3917
4016
3918
4017
3919
4018
3920
4019
3921
4020
3922
4021
3923
4022
3924
4023
3925
4024
3926
4025
3927
4026
3928
4027
3929
4028
3930
4029
3931
4030
3932
4031
3933
4032
3934
4033
3935
4034
3936
4035
3937
4036
3938
4037
3939
4038
3940
4039
3941
4040
3942
4041
3943
4042
3944
4043
3945
4044
3946
4045
3947
4046
3948
4047
3949
4048
3950
4049
3951
4050
3952
4051
3953
4052
3954
4053
3955
4054
3956
4055
3957
4056
3958
4057
3959
4058
3960
4059
3961
4060
3962
4061
3963
4062
3964
4063
3965
4064
3966
4065
3967
4066
3968
4067
3969
4068
3970
4069
3971
4070
3972
4071
3973
4072
3974
4073
3975
4074
3976
4075
3977
4076
3978
4077
3979
4078
3980
4079
3981
4080
3982
4081
3983
4082
3984
4083
3985
4084
3986
4085
3987
4086
3988
4087
3989
4088
3990
4089
3991
4090
3992
4091
3993
4092
3994
4093
3995
4094
3996
4095
3997
4096
3998
4097
3999
4098
4099
4001
4100
4002
4101
4003
4102
4004
4103
4005
4104
4006
4105
4007
4106
4008
4107
4009
4108
4010
4109
4011
4110
4012
4111
4013
4112
4014
4113
4015
4114
4016
4115
4017
4116
4018
4117
4019
4118
4020
4119
4021
4120
4022
4121
4023
4122
4024
4123
4025
4124
4026
4125
4027
4126
4028
4127
4029
4128
4030
4129
4031
4130
4032
4131
4033
4132
4034
4133
4035
4134
4036
4135
4037
4136
4038
4137
4039
4138
4040
4139
4041
4140
4042
4141
4043
4142
4044
4143
4045
4144
4046
4145
4047
4146
4048
4147
4049
4148
4050
4149
4051
4150
4052
4151
4053
4152
4054
4153
4055
4154
4056
4155
4057
4156
4058
4157
4059
4158
4060
4159
4061
4160
4062
4161
4063
4162
4064
4163
4065
4164
4066
4165
4067
4166
4068
4167
4069
4168
4070
4169
4071
4170
4072
4171
4073
4172
4074
4173
4075
4174
4076
4175
4077
4176
4078
4177
4079
4178
4080
4179
4081
4180
4082
4181
4083
4182
4084
4183
4085
4184
4086
4185
4087
4186
4088
4187
4089
4188
4090
4189
4091
4190
4092
4191
4093
4192
4094
4193
4095
4194
4096
4195
4097
4196
4098
4197
4099
4198
4199
4101
4200
4102
4201
4103
4202
4104
4203
4105
4204
4106
4205
4107
4206
4108
4207
4109
4208
4110
4209
4111
4210
4112
4211
4113
4212
4114
4213
4115
4214
4116
4215
4117
4216
4118
4217
4119
4218
4120
4219
4121
4220
4122
4221
4123
4222
4124
4223
4125
4224
4126
4225
4127
4226
4128
4227
4129
4228
4130
4229
4131
4230
4132
4231
4133
4232
4134
4233
4135
4234
4136
4235
4137
4236
4138
4237
4139
4238
4140
4239
4141
4240
4142
4241
4143
4242
4144
4243
4145
4244
4146
4245
4147
4246
4148
4247
4149
4248
4150
4249
4151
4250
4152
4251
4153
4252
4154
4253
4155
4254
4156
4255
4157
4256
4158
4257
4159
4258
4160
4259
4161
4260
4162
4261
4163
4262
4164
4263
4165
4264
4166
4265
4167
4266
4168
4267
4169
4268
4170
4269
4171
4270
4172
4271
4173
4272
4174
4273
4175
4274
4176
4275
4177
4276
4178
4277
4179
4278
4180
4279
4181
4280
4182
4281
4183
4282
4184
4283
4185
4284
4186
4285
4187
4286
4188
4287
4189
4288
4190
4289
4191
4290
4192
4291
4193
4292
4194
4293
4195
4294
4196
4295
4197
4296
4198
4297
4199
4298
4299
4201
4300
4202
4301
4203
4302
4204
4303
4205
4304
4206
4305
4207
4306
4208
4307
4209
4308
4210
4309
4211
4310
4212
4311
4213
4312
4214
4313
4215
4314
4216
4315
4217
4316
4218
4317
4219
4318
4220
4319
4221
4320
4222
4321
4223
4322
4224
4323
4225
4324
4226
4325
4227
4326
4228
4327
4229
4328
4230
4329
4231
4330
4232
4331
4233
4332
4234
4333
4235
4334
4236
4335
4237
4336
4238
4337
4239
4338
4240
4339
4241
4340
4242
4341
4243
4342
4244
4343
4245
4344
4246
4345
4247
4346
4248
4347
4249
4348
4250
4349
4251
4350
4252
4351
4253
4352
4254
4353
4255
4354
4256
4355
4257
4356
4258
4357
4259
4358
4260
4359
4261
4360
4262
4361
4263
4362
4264
4363
4265
4364
4266
4365
4267
4366
4268
4367
4269
4368
4270
4369
4271
4370
4272
4371
4273
4372
4274
4373
4275
4374
4276
4375
4277
4376
4278
4377
4279
4378
4280
4379
4281
4380
4282
4381
4283
4382
4284
4383
4285
4384
4286
4385
4287
4386
4288
4387
4289
4388
4290
4389
4291
4390
4292
4391
4293
4392
4294
4393
4295
4394
4296
4395
4297
4396
4298
4397
4299
4398
4399
4301
4400
4302
4401
4303
4402
4304
4403
4305
4404
4306
4405
4307
4406
4308
4407
4309
4408
4310
4409
4311
4410
4312
4411
4313
4412
4314
4413
4315
4414
4316
4415
4317
4416
4318
4417
4319
4418
4320
4419
4321
4420
4322
4421
4323
4422
4324
4423
4325
4424
4326
4425
4327
4426
4328
4427
4329
4428
4330
4429
4331
4430
4332
4431
4333
4432
4334
4433
4335
4434
4336
4435
4337
4436
4338
4437
4339
4438
4340
4439
4341
4440
4342
4441
4343
4442
4344
4443
4345
4444
4346
4445
4347
4446
4348
4447
4349
4448
4350
4449
4351
4450
4352
4451
4353
4452
4354
4453
4355
4454
4356
4455
4357
4456
4358
4457
4359
4458
4360
4459
4361
4460
4362
4461
4363
4462
4364
4463
4365
4464
4366
4465
4367
4466
4368
4467
4369
4468
4370
4469
4371
4470
4372
4471
4373
4472
4374
4473
4375
4474
4376
4475
4377
4476
4378
4477
4379
4478
4380
4479
4381
4480
4382
4481
4383
4482
4384
4483
4385
4484
4386
4485
4387
4486
4388
4487
4389
4488
4390
4489
4391
4490
4392
4491
4393
4492
4394
4493
4395
4494
4396
4495
4397
4496
4398
4497
4399
4498
4499
4401
4500
4402
4501
4403
4502
4404
4503
4405
4504
4406
4505
4407
4506
4408
4507
4409
4508
4410
4509
4411
4510
4412
4511
4413
4512
4414
4513
4415
4514
4416
4515
4417
4516
4418
4517
4419
4518
4420
4519
4421
4520
4422
4521
4423
4522
4424
4523
4425
4524
4426
4525
4427
4526
4428
4527
4429
4528
4430
4529
4431
4530
4432
4531
4433
4532
4434
4533
4435
4534
4436
4535
4437
4536
4438
4537
4439
4538
4440
4539
4441
4540
4442
4541
4443
4542
4444
4543
4445
4544
4446
4545
4447
4546
4448
4547
4449
4548
4450
4549
4451
4550
4452
4551
4453
4552
4454
4553
4455
4554
4456
4555
4457
4556
4458
4557
4459
4558
4460
4559
4461
4560
4462
4561
4463
4562
4464
4563
4465
4564
4466
4565
4467
4566
4468
4567
4469
4568
4470
4569
4471
4570
4472
4571
4473
4572
4474
4573
4475
4574
4476
4575
4477
4576
4478
4577
4479
4578
4480
4579
4481
4580
4482
4581
4483
4582
4484
4583
4485
4584
4486
4585
4487
4586
4488
4587
4489
4588
4490
4589
4491
4590
4492
4591
4493
4592
4494
4593
4495
4594
4496
4595
4497
4596
4498
4597
4499
4598
4599
4501
4600
4502
4601
4503
4602
4504
4603
4505
4604
4506
4605
4507
4606
4508
4607
4509
4608
4510
4609
4511
4610
4512
4611
4513
4612
4514
4613
4515
4614
4516
4615
4517
4616
4518
4617
4519
4618
4520
4619
4521
4620
4522
4621
4523
4622
4524
4623
4525
4624
4526
4625
4527
4626
4528
4627
4529
4628
4530
4629
4531
4630
4532
4631
4533
4632
4534
4633
4535
4634
4536
4635
4537
4636
4538
4637
4539
4638
4540
4639
4541
4640
4542
4641
4543
4642
4544
4643
4545
4644
4546
4645
4547
4646
4548
4647
4549
4648
4550
4649
4551
4650
4552
4651
4553
4652
4554
4653
4555
4654
4556
4655
4557
4656
4558
4657
4559
4658
4560
4659
4561
4660
4562
4661
4563
4662
4564
4663
4565
4664
4566
4665
4567
4666
4568
4667
4569
4668
4570
4669
4571
4670
4572
4671
4573
4672
4574
4673
4575
4674
4576
4675
4577
4676
4578
4677
4579
4678
4580
4679
4581
4680
4582
4681
4583
4682
4584
4683
4585
4684
4586
4685
4587
4686
4588
4687
4589
4688
4590
4689
4591
4690
4592
4691
4593
4692
4594
4693
4595
4694
4596
4695
4597
4696
4598
4697
4599
4698
4699
4601
4700
4602
4701
4603
4702
4604
4703
4605
4704
4606
4705
4607
4706
4608
4707
4609
4708
4610
4709
4611
4710
4612
4711
4613
4712
4614
4713
4615
4714
4616
4715
4617
4716
4618
4717
4619
4718
4620
4719
4621
4720
4622
4721
4623
4722
4624
4723
4625
4724
4626
4725
4627
4726
4628
4727
4629
4728
4630
4729
4631
4730
4632
4731
4633
4732
4634
4733
4635
4734
4636
4735
4637
4736
4638
4737
4639
4738
4640
4739
4641
4740
4642
4741
4643
4742
4644
4743
4645
4744
4646
4745
4647
4746
4648
4747
4649
4748
4650
4749
4651
4750
4652
4751
4653
4752
4654
4753
4655
4754
4656
4755
4657
4756
4658
4757
4659
4758
4660
4759
4661
4760
4662
4761
4663
4762
4664
4763
4665
4764
4666
4765
4667
4766
4668
4767
4669
4768
4670
4769
4671
4770
4672
4771
4673
4772
4674
4773
4675
4774
4676
4775
4677
4776
4678
4777
4679
4778
4680
4779
4681
4780
4682
4781
4683
4782
4684
4783
4685
4784
4686
4785
4687
4786
4688
4787
4689
4788
4690
4789
4691
4790
4692
4791
4693
4792
4694
4793
4695
4794
4696
4795
4697
4796
4698
4797
4699
4798
4799
4701
4800
4702
4801
4703
4802
4704
4803
4705
4804
4706
4805
4707
4806
4708
4807
4709
4808
4710
4809
4711
4810
4712
4811
4713
4812
4714
4813
4715
4814
4716
4815
4717
4816
4718
4817
4719
4818
4720
4819
4721
4820
4722
4821
4723
4822
4724
4823
4725
4824
4726
4825
4727
4826
4728
4827
4729
4828
4730
4829
4731
4830
4732
4831
4733
4832
4734
4833
4735
4834
4736
4835
4737
4836
4738
4837
4739
4838
4740
4839
4741
4840
4742
4841
4743
4842
4744
4843
4745
4844
4746
4845
4747
4846
4748
4847
4749
4848
4750
4849
4751
4850
4752
4851
4753
4852
4754
4853
4755
4854
4756
4855
4757
4856
4758
4857
4759
4858
4760
4859
4761
4860
4762
4861
4763
4862
4764
4863
4765
4864
4766
4865
4767
4866
4768
4867
4769
4868
4770
4869
4771
4870
4772
4871
4773
4872
4774
4873
4775
4874
4776
4875
4777
4876
4778
4877
4779
4878
4780
4879
4781
4880
4782
4881
4783
4882
4784
4883
4785
4884
4786
4885
4787
4886
4788
4887
4789
4888
4790
4889
4791
4890
4792
4891
4793
4892
4794
4893
4795
4894
4796
4895
4797
4896
4798
4897
4799
4898
4899
4801
4900
4802
4901
4803
4902
4804
4903
4805
4904
4806
4905
4807
4906
4808
4907
4809
4908
4810
4909
4811
4910
4812
4911
4813
4912
4814
4913
4815
4914
4816
4915
4817
4916
4818
4917
4819
4918
4820
4919
4821
4920
4822
4921
4823
4922
4824
4923
4825
4924
4826
4925
4827
4926
4828
4927
4829
4928
4830
4929
4831
4930
4832
4931
4833
4932
4834
4933
4835
4934
4836
4935
4837
4936
4838
4937
4839
4938
4840
4939
4841
4940
4842
4941
4843
4942
4844
4943
4845
4944
4846
4945
4847
4946
4848
4947
4849
4948
4850
4949
4851
4950
4852
4951
4853
4952
4854
4953
4855
4954
4856
4955
4857
4956
4858
4957
4859
4958
4860
4959
4861
4960
4862
4961
4863
4962
4864
4963
4865
4964
4866
4965
4867
4966
4868
4967
4869
4968
4870
4969
4871
4970
4872
4971
4873
4972
4874
4973
4875
4974
4876
4975
4877
4976
4878
4977
4879
4978
4880
4979
4881
4980
4882
4981
4883
4982
4884
4983
4885
4984
4886
4985
4887
4986
4888
4987
4889
4988
4890
4989
4891
4990
4892
4991
4893
4992
4894
4993
4895
4994
4896
4995
4897
4996
4898
4997
4899
4998
4999
4901
5000
4902
5001
4903
5002
4904
5003
4905
5004
4906
5005
4907
5006
4908
5007
4909
5008
4910
5009
4911
5010
4912
5011
4913
5012
4914
5013
4915
5014
4916
5015
4917
5016
4918
5017
4919
5018
4920
5019
4921
5020
4922
5021
4923
5022
4924
5023
4925
5024
4926
5025
4927
5026
4928
5027
4929
5028
4930
5029
4931
5030
4932
5031
4933
5032
4934
5033
4935
5034
4936
5035
4937
5036
4938
5037
4939
5038
4940
5039
4941
5040
4942
5041
4943
5042
4944
5043
4945
5044
4946
5045
4947
5046
4948
5047
4949
5048
4950
5049
4951
5050
4952
5051
4953
5052
4954
5053
4955
5054
4956
5055
4957
5056
4958
5057
4959
5058
4960
5059
4961
5060
4962
5061
4963
5062
4964
5063
4965
5064
4966
5065
4967
5066
4968
5067
4969
5068
4970
5069
4971
5070
4972
5071
4973
5072
4974
5073
4975
5074
4976
5075
4977
5076
4978
5077
4979
5078
4980
5079
4981
5080
4982
5081
4983
5082
4984
5083
4985
5084
4986
5085
4987
5086
4988
5087
4989
5088
4990
5089
4991
5090
4992
5091
4993
5092
4994
5093
4995
5094
4996
5095
4997
5096
4998
5097
4999
5098
5099
5001
5100
5002
5101
5003
5102
5004
5103
5005
5104
5006
5105
5007
5106
5008
5107
5009
5108
5010
5109
5011
5110
5012
5111
5013
5112
5014
5113
5015
5114
5016
5115
5017
5116
5018
5117
5019
5118
5020
5119
5021
5120
5022
5121
5023
5122
5024
5123
5025
5124
5026
5125
5027
5126
5028
5127
5029
5128
5030
5129
5031
5130
5032
5131
5033
5132
5034
5133
5035
5134
5036
5135
5037
5136
5038
5137
5039
5138
5040
5139
5041
5140
5042
5141
5043
5142
5044
5143
5045
5144
5046
5145
5047
5146
5048
5147
5049
5148
5050
5149
5051
5150
5052
5151
5053
5152
5054
5153
5055
5154
5056
5155
5057
5156
5058
5157
5059
5158
5060
5159
5061
5160
5062
5161
5063
5162
5064
5163
5065
5164
5066
5165
5067
5166
5068
5167
5069
5168
5070
5169
5071
5170
5072
5171
5073
5172
5074
5173
5075
5174
5076
5175
5077
5176
5078
5177
5079
5178
5080
5179
5081
5180
5082
5181
5083
5182
5084
5183
5085
5184
5086
5185
5087
5186
5088
5187
5089
5188
5090
5189
5091
5190
5092
5191
5093
5192
5094
5193
5095
5194
5096
5195
5097
5196
5098
5197
5099
5198
5199
5101
5200
5102
5201
5103
5202
5104
5203
5105
5204
5106
5205
5107
5206
5108
5207
5109
5208
5110
5209
5111
5210
5112
5211
5113
5212
5114
5213
5115
5214
5116
5215
5117
5216
5118
5217
5119
5218
5120
5219
5121
5220
5122
5221
5123
5222
5124
5223
5125
5224
5126
5225
5127
5226
5128
5227
5129
5228
5130
5229
5131
5230
5132
5231
5133
5232
5134
5233
5135
5234
5136
5235
5137
5236
5138
5237
5139
5238
5140
5239
5141
5240
5142
5241
5143
5242
5144
5243
5145
5244
5146
5245
5147
5246
5148
5247
5149
5248
5150
5249
5151
5250
5152
5251
5153
5252
5154
5253
5155
5254
5156
5255
5157
5256
5158
5257
5159
5258
5160
5259
5161
5260
5162
5261
5163
5262
5164
5263
5165
5264
5166
5265
5167
5266
5168
5267
5169
5268
5170
5269
5171
5270
5172
5271
5173
5272
5174
5273
5175
5274
5176
5275
5177
5276
5178
5277
5179
5278
5180
5279
5181
5280
5182
5281
5183
5282
5184
5283
5185
5284
5186
5285
5187
5286
5188
5287
5189
5288
5190
5289
5191
5290
5192
5291
5193
5292
5194
5293
5195
5294
5196
5295
5197
5296
5198
5297
5199
5298
5299
5201
5300
5202
5301
5203
5302
5204
5303
5205
5304
5206
5305
5207
5306
5208
5307
5209
5308
5210
5309
5211
5310
5212
5311
5213
5312
5214
5313
5215
5314
5216
5315
5217
5316
5218
5317
5219
5318
5220
5319
5221
5320
5222
5321
5223
5322
5224
5323
5225
5324
5226
5325
5227
5326
5228
5327
5229
5328
5230
5329
5231
5330
5232
5331
5233
5332
5234
5333
5235
5334
5236
5335
5237
5336
5238
5337
5239
5338
5240
5339
5241
5340
5242
5341
5243
5342
5244
5343
5245
5344
5246
5345
5247
5346
5248
5347
5249
5348
5250
5349
5251
5350
5252
5351
5253
5352
5254
5353
5255
5354
5256
5355
5257
5356
5258
5357
5259
5358
5260
5359
5261
5360
5262
5361
5263
5362
5264
5363
5265
5364
5266
5365
5267
5366
5268
5367
5269
5368
5270
5369
5271
5370
5272
5371
5273
5372
5274
5373
5275
5374
5276
5375
5277
5376
5278
5377
5279
5378
5280
5379
5281
5380
5282
5381
5283
5382
5284
5383
5285
5384
5286
5385
5287
5386
5288
5387
5289
5388
5290
5389
5291
5390
5292
5391
5293
5392
5294
5393
5295
5394
5296
5395
5297
5396
5298
5397
5299
5398
5399
5301
5400
5302
5401
5303
5402
5304
5403
5305
5404
5306
5405
5307
5406
5308
5407
5309
5408
5310
5409
5311
5410
5312
5411
5313
5412
5314
5413
5315
5414
5316
5415
5317
5416
5318
5417
5319
5418
5320
5419
5321
5420
5322
5421
5323
5422
5324
5423
5325
5424
5326
5425
5327
5426
5328
5427
5329
5428
5330
5429
5331
5430
5332
5431
5333
5432
5334
5433
5335
5434
5336
5435
5337
5436
5338
5437
5339
5438
5340
5439
5341
5440
5342
5441
5343
5442
5344
5443
5345
5444
5346
5445
5347
5446
5348
5447
5349
5448
5350
5449
5351
5450
5352
5451
5353
5452
5354
5453
5355
5454
5356
5455
5357
5456
5358
5457
5359
5458
5360
5459
5361
5460
5362
5461
5363
5462
5364
5463
5365
5464
5366
5465
5367
5466
5368
5467
5369
5468
5370
5469
5371
5470
5372
5471
5373
5472
5374
5473
5375
5474
5376
5475
5377
5476
5378
5477
5379
5478
5380
5479
5381
5480
5382
5481
5383
5482
5384
5483
5385
5484
5386
5485
5387
5486
5388
5487
5389
5488
5390
5489
5391
5490
5392
5491
5393
5492
5394
5493
5395
5494
5396
5495
5397
5496
5398
5497
5399
5498
5499
5401
5500
5402
5501
5403
5502
5404
5503
5405
5504
5406
5505
5407
5506
5408
5507
5409
5508
5410
5509
5411
5510
5412
5511
5413
5512
5414
5513
5415
5514
5416
5515
5417
5516
5418
5517
5419
5518
5420
5519
5421
5520
5422
5521
5423
5522
5424
5523
5425
5524
5426
5525
5427
5526
5428
5527
5429
5528
5430
5529
5431
5530
5432
5531
5433
5532
5434
5533
5435
5534
5436
5535
5437
5536
5438
5537
5439
5538
5440
5539
5441
5540
5442
5541
5443
5542
5444
5543
5445
5544
5446
5545
5447
5546
5448
5547
5449
5548
5450
5549
5451
5550
5452
5551
5453
5552
5454
5553
5455
5554
5456
5555
5457
5556
5458
5557
5459
5558
5460
5559
5461
5560
5462
5561
5463
5562
5464
5563
5465
5564
5466
5565
5467
5566
5468
5567
5469
5568
5470
5569
5471
5570
5472
5571
5473
5572
5474
5573
5475
5574
5476
5575
5477
5576
5478
5577
5479
5578
5480
5579
5481
5580
5482
5581
5483
5582
5484
5583
5485
5584
5486
5585
5487
5586
5488
5587
5489
5588
5490
5589
5491
5590
5492
5591
5493
5592
5494
5593
5495
5594
5496
5595
5497
5596
5498
5597
5499
5598
5599
5501
5600
5502
5601
5503
5602
5504
5603
5505
5604
5506
5605
5507
5606
5508
5607
5509
5608
5510
5609
5511
5610
5512
5611
5513
5612
5514
5613
5515
5614
5516
5615
5517
5616
5518
5617
5519
5618
5520
5619
5521
5620
5522
5621
5523
5622
5524
5623
5525
5624
5526
5625
5527
5626
5528
5627
5529
5628
5530
5629
5531
5630
5532
5631
5533
5632
5534
5633
5535
5634
5536
5635
5537
5636
5538
5637
5539
5638
5540
5639
5541
5640
5542
5641
5543
5642
5544
5643
5545
5644
5546
5645
5547
5646
5548
5647
5549
5648
5550
5649
5551
5650
5552
5651
5553
5652
5554
5653
5555
5654
5556
5655
5557
5656
5558
5657
5559
5658
5560
5659
5561
5660
5562
5661
5563
5662
5564
5663
5565
5664
5566
5665
5567
5666
5568
5667
5569
5668
5570
5669
5571
5670
5572
5671
5573
5672
5574
5673
5575
5674
5576
5675
5577
5676
5578
5677
5579
5678
5580
5679
5581
5680
5582
5681
5583
5682
5584
5683
5585
5684
5586
5685
5587
5686
5588
5687
5589
5688
5590
5689
5591
5690
5592
5691
5593
5692
5594
5693
5595
5694
5596
5695
5597
5696
5598
5697
5599
5698
5699
5601
5700
5602
5701
5603
5702
5604
5703
5605
5704
5606
5705
5607
5706
5608
5707
5609
5708
5610
5709
5611
5710
5612
5711
5613
5712
5614
5713
5615
5714
5616
5715
5617
5716
5618
5717
5619
5718
5620
5719
5621
5720
5622
5721
5623
5722
5624
5723
5625
5724
5626
5725
5627
5726
5628
5727
5629
5728
5630
5729
5631
5730
5632
5731
5633
5732
5634
5733
5635
5734
5636
5735
5637
5736
5638
5737
5639
5738
5640
5739
5641
5740
5642
5741
5643
5742
5644
5743
5645
5744
5646
5745
5647
5746
5648
5747
5649
5748
5650
5749
5651
5750
5652
5751
5653
5752
5654
5753
5655
5754
5656
5755
5657
5756
5658
5757
5659
5758
5660
5759
5661
5760
5662
5761
5663
5762
5664
5763
5665
5764
5666
5765
5667
5766
5668
5767
5669
5768
5670
5769
5671
5770
5672
5771
5673
5772
5674
5773
5675
5774
5676
5775
5677
5776
5678
5777
5679
5778
5680
5779
5681
5780
5682
5781
5683
5782
5684
5783
5685
5784
5686
5785
5687
5786
5688
5787
5689
5788
5690
5789
5691
5790
5692
5791
5693
5792
5694
5793
5695
5794
5696
5795
5697
5796
5698
5797
5699
5798
5799
5701
5800
5702
5801
5703
5802
5704
5803
5705
5804
5706
5805
5707
5806
5708
5807
5709
5808
5710
5809
5711
5810
5712
5811
5713
5812
5714
5813
5715
5814
5716
5815
5717
5816
5718
5817
5719
5818
5720
5819
5721
5820
5722
5821
5723
5822
5724
5823
5725
5824
5726
5825
5727
5826
5728
5827
5729
5828
5730
5829
5731
5830
5732
5831
5733
5832
5734
5833
5735
5834
5736
5835
5737
5836
5738
5837
5739
5838
5740
5839
5741
5840
5742
5841
5743
5842
5744
5843
5745
5844
5746
5845
5747
5846
5748
5847
5749
5848
5750
5849
5751
5850
5752
5851
5753
5852
5754
5853
5755
5854
5756
5855
5757
5856
5758
5857
5759
5858
5760
5859
5761
5860
5762
5861
5763
5862
5764
5863
5765
5864
5766
5865
5767
5866
5768
5867
5769
5868
5770
5869
5771
5870
5772
5871
5773
5872
5774
5873
5775
5874
5776
5875
5777
5876
5778
5877
5779
5878
5780
5879
5781
5880
5782
5881
5783
5882
5784
5883
5785
5884
5786
5885
5787
5886
5788
5887
5789
5888
5790
5889
5791
5890
5792
5891
5793
5892
5794
5893
5795
5894
5796
5895
5797
5896
5798
5897
5799
5898
5899
5801
5900
5802
5901
5803
5902
5804
5903
5805
5904
5806
5905
5807
5906
5808
5907
5809
5908
5810
5909
5811
5910
5812
5911
5813
5912
5814
5913
5815
5914
5816
5915
5817
5916
5818
5917
5819
5918
5820
5919
5821
5920
5822
5921
5823
5922
5824
5923
5825
5924
5826
5925
5827
5926
5828
5927
5829
5928
5830
5929
5831
5930
5832
5931
5833
5932
5834
5933
5835
5934
5836
5935
5837
5936
5838
5937
5839
5938
5840
5939
5841
5940
5842
5941
5843
5942
5844
5943
5845
5944
5846
5945
5847
5946
5848
5947
5849
5948
5850
5949
5851
5950
5852
5951
5853
5952
5854
5953
5855
5954
5856
5955
5857
5956
5858
5957
5859
5958
5860
5959
5861
5960
5862
5961
5863
5962
5864
5963
5865
5964
5866
5965
5867
5966
5868
5967
5869
5968
5870
5969
5871
5970
5872
5971
5873
5972
5874
5973
5875
5974
5876
5975
5877
5976
5878
5977
5879
5978
5880
5979
5881
5980
5882
5981
5883
5982
5884
5983
5885
5984
5886
5985
5887
5986
5888
5987
5889
5988
5890
5989
5891
5990
5892
5991
5893
5992
5894
5993
5895
5994
5896
5995
5897
5996
5898
5997
5899
5998
5999
5901
6000
5902
6001
5903
6002
5904
6003
5905
6004
5906
6005
5907
6006
5908
6007
5909
6008
5910
6009
5911
6010
5912
6011
5913
6012
5914
6013
5915
6014
5916
6015
5917
6016
5918
6017
5919
6018
5920
6019
5921
6020
5922
6021
5923
6022
5924
6023
5925
6024
5926
6025
5927
6026
5928
6027
5929
6028
5930
6029
5931
6030
5932
6031
5933
6032
5934
6033
5935
6034
5936
6035
5937
6036
5938
6037
5939
6038
5940
6039
5941
6040
5942
6041
5943
6042
5944
6043
5945
6044
5946
6045
5947
6046
5948
6047
5949
6048
5950
6049
5951
6050
5952
6051
5953
6052
5954
6053
5955
6054
5956
6055
5957
6056
5958
6057
5959
6058
5960
6059
5961
6060
5962
6061
5963
6062
5964
6063
5965
6064
5966
6065
5967
6066
5968
6067
5969
6068
5970
6069
5971
6070
5972
6071
5973
6072
5974
6073
5975
6074
5976
6075
5977
6076
5978
6077
5979
6078
5980
6079
5981
6080
5982
6081
5983
6082
5984
6083
5985
6084
5986
6085
5987
6086
5988
6087
5989
6088
5990
6089
5991
6090
5992
6091
5993
6092
5994
6093
5995
6094
5996
6095
5997
6096
5998
6097
5999
6098
6099
6001
6100
6002
6101
6003
6102
6004
6103
6005
6104
6006
6105
6007
6106
6008
6107
6009
6108
6010
6109
6011
6110
6012
6111
6013
6112
6014
6113
6015
6114
6016
6115
6017
6116
6018
6117
6019
6118
6020
6119
6021
6120
6022
6121
6023
6122
6024
6123
6025
6124
6026
6125
6027
6126
6028
6127
6029
6128
6030
6129
6031
6130
6032
6131
6033
6132
6034
6133
6035
6134
6036
6135
6037
6136
6038
6137
6039
6138
6040
6139
6041
6140
6042
6141
6043
6142
6044
6143
6045
6144
6046
6145
6047
6146
6048
6147
6049
6148
6050
6149
6051
6150
6052
6151
6053
6152
6054
6153
6055
6154
6056
6155
6057
6156
6058
6157
6059
6158
6060
6159
6061
6160
6062
6161
6063
6162
6064
6163
6065
6164
6066
6165
6067
6166
6068
6167
6069
6168
6070
6169
6071
6170
6072
6171
6073
6172
6074
6173
6075
6174
6076
6175
6077
6176
6078
6177
6079
6178
6080
6179
6081
6180
6082
6181
6083
6182
6084
6183
6085
6184
6086
6185
6087
6186
6088
6187
6089
6188
6090
6189
6091
6190
6092
6191
6093
6192
6094
6193
6095
6194
6096
6195
6097
6196
6098
6197
6099
6198
6199
6101
6200
6102
6201
6103
6202
6104
6203
6105
6204
6106
6205
6107
6206
6108
6207
6109
6208
6110
6209
6111
6210
6112
6211
6113
6212
6114
6213
6115
6214
6116
6215
6117
6216
6118
6217
6119
6218
6120
6219
6121
6220
6122
6221
6123
6222
6124
6223
6125
6224
6126
6225
6127
6226
6128
6227
6129
6228
6130
6229
6131
6230
6132
6231
6133
6232
6134
6233
6135
6234
6136
6235
6137
6236
6138
6237
6139
6238
6140
6239
6141
6240
6142
6241
6143
6242
6144
6243
6145
6244
6146
6245
6147
6246
6148
6247
6149
6248
6150
6249
6151
6250
6152
6251
6153
6252
6154
6253
6155
6254
6156
6255
6157
6256
6158
6257
6159
6258
6160
6259
6161
6260
6162
6261
6163
6262
6164
6263
6165
6264
6166
6265
6167
6266
6168
6267
6169
6268
6170
6269
6171
6270
6172
6271
6173
6272
6174
6273
6175
6274
6176
6275
6177
6276
6178
6277
6179
6278
6180
6279
6181
6280
6182
6281
6183
6282
6184
6283
6185
6284
6186
6285
6187
6286
6188
6287
6189
6288
6190
6289
6191
6290
6192
6291
6193
6292
6194
6293
6195
6294
6196
6295
6197
6296
6198
6297
6199
6298
6299
6201
6300
6202
6301
6203
6302
6204
6303
6205
6304
6206
6305
6207
6306
6208
6307
6209
6308
6210
6309
6211
6310
6212
6311
6213
6312
6214
6313
6215
6314
6216
6315
6217
6316
6218
6317
6219
6318
6220
6319
6221
6320
6222
6321
6223
6322
6224
6323
6225
6324
6226
6325
6227
6326
6228
6327
6229
6328
6230
6329
6231
6330
6232
6331
6233
6332
6234
6333
6235
6334
6236
6335
6237
6336
6238
6337
6239
6338
6240
6339
6241
6340
6242
6341
6243
6342
6244
6343
6245
6344
6246
6345
6247
6346
6248
6347
6249
6348
6250
6349
6251
6350
6252
6351
6253
6352
6254
6353
6255
6354
6256
6355
6257
6356
6258
6357
6259
6358
6260
6359
6261
6360
6262
6361
6263
6362
6264
6363
6265
6364
6266
6365
6267
6366
6268
6367
6269
6368
6270
6369
6271
6370
6272
6371
6273
6372
6274
6373
6275
6374
6276
6375
6277
6376
6278
6377
6279
6378
6280
6379
6281
6380
6282
6381
6283
6382
6284
6383
6285
6384
6286
6385
6287
6386
6288
6387
6289
6388
6290
6389
6291
6390
6292
6391
6293
6392
6294
6393
6295
6394
6296
6395
6297
6396
6298
6397
6299
6398
6399
6301
6400
6302
6401
6303
6402
6304
6403
6305
6404
6306
6405
6307
6406
6308
6407
6309
6408
6310
6409
6311
6410
6312
6411
6313
6412
6314
6413
6315
6414
6316
6415
6317
6416
6318
6417
6319
6418
6320
6419
6321
6420
6322
6421
6323
6422
6324
6423
6325
6424
6326
6425
6327
6426
6328
6427
6329
6428
6330
6429
6331
6430
6332
6431
6333
6432
6334
6433
6335
6434
6336
6435
6337
6436
6338
6437
6339
6438
6340
6439
6341
6440
6342
6441
6343
6442
6344
6443
6345
6444
6346
6445
6347
6446
6348
6447
6349
6448
6350
6449
6351
6450
6352
6451
6353
6452
6354
6453
6355
6454
6356
6455
6357
6456
6358
6457
6359
6458
6360
6459
6361
6460
6362
6461
6363
6462
6364
6463
6365
6464
6366
6465
6367
6466
6368
6467
6369
6468
6370
6469
6371
6470
6372
6471
6373
6472
6374
6473
6375
6474
6376
6475
6377
6476
6378
6477
6379
6478
6380
6479
6381
6480
6382
6481
6383
6482
6384
6483
6385
6484
6386
6485
6387
6486
6388
6487
6389
6488
6390
6489
6391
6490
6392
6491
6393
6492
6394
6493
6395
6494
6396
6495
6397
6496
6398
6497
6399
6498
6499
6401
6500
6402
6501
6403
6502
6404
6503
6405
6504
6406
6505
6407
6506
6408
6507
6409
6508
6410
6509
6411
6510
6412
6511
6413
6512
6414
6513
6415
6514
6416
6515
6417
6516
6418
6517
6419
6518
6420
6519
6421
6520
6422
6521
6423
6522
6424
6523
6425
6524
6426
6525
6427
6526
6428
6527
6429
6528
6430
6529
6431
6530
6432
6531
6433
6532
6434
6533
6435
6534
6436
6535
6437
6536
6438
6537
6439
6538
6440
6539
6441
6540
6442
6541
6443
6542
6444
6543
6445
6544
6446
6545
6447
6546
6448
6547
6449
6548
6450
6549
6451
6550
6452
6551
6453
6552
6454
6553
6455
6554
6456
6555
6457
6556
6458
6557
6459
6558
6460
6559
6461
6560
6462
6561
6463
6562
6464
6563
6465
6564
6466
6565
6467
6566
6468
6567
6469
6568
6470
6569
6471
6570
6472
6571
6473
6572
6474
6573
6475
6574
6476
6575
6477
6576
6478
6577
6479
6578
6480
6579
6481
6580
6482
6581
6483
6582
6484
6583
6485
6584
6486
6585
6487
6586
6488
6587
6489
6588
6490
6589
6491
6590
6492
6591
6493
6592
6494
6593
6495
6594
6496
6595
6497
6596
6498
6597
6499
6598
6599
6501
6600
6502
6601
6503
6602
6504
6603
6505
6604
6506
6605
6507
6606
6508
6607
6509
6608
6510
6609
6511
6610
6512
6611
6513
6612
6514
6613
6515
6614
6516
6615
6517
6616
6518
6617
6519
6618
6520
6619
6521
6620
6522
6621
6523
6622
6524
6623
6525
6624
6526
6625
6527
6626
6528
6627
6529
6628
6530
6629
6531
6630
6532
6631
6533
6632
6534
6633
6535
6634
6536
6635
6537
6636
6538
6637
6539
6638
6540
6639
6541
6640
6542
6641
6543
6642
6544
6643
6545
6644
6546
6645
6547
6646
6548
6647
6549
6648
6550
6649
6551
6650
6552
6651
6553
6652
6554
6653
6555
6654
6556
6655
6557
6656
6558
6657
6559
6658
6560
6659
6561
6660
6562
6661
6563
6662
6564
6663
6565
6664
6566
6665
6567
6666
6568
6667
6569
6668
6570
6669
6571
6670
6572
6671
6573
6672
6574
6673
6575
6674
6576
6675
6577
6676
6578
6677
6579
6678
6580
6679
6581
6680
6582
6681
6583
6682
6584
6683
6585
6684
6586
6685
6587
6686
6588
6687
6589
6688
6590
6689
6591
6690
6592
6691
6593
6692
6594
6693
6595
6694
6596
6695
6597
6696
6598
6697
6599
6698
6699
6601
6700
6602
6701
6603
6702
6604
6703
6605
6704
6606
6705
6607
6706
6608
6707
6609
6708
6610
6709
6611
6710
6612
6711
6613
6712
6614
6713
6615
6714
6616
6715
6617
6716
6618
6717
6619
6718
6620
6719
6621
6720
6622
6721
6623
6722
6624
6723
6625
6724
6626
6725
6627
6726
6628
6727
6629
6728
6630
6729
6631
6730
6632
6731
6633
6732
6634
6733
6635
6734
6636
6735
6637
6736
6638
6737
6639
6738
6640
6739
6641
6740
6642
6741
6643
6742
6644
6743
6645
6744
6646
6745
6647
6746
6648
6747
6649
6748
6650
6749
6651
6750
6652
6751
6653
6752
6654
6753
6655
6754
6656
6755
6657
6756
6658
6757
6659
6758
6660
6759
6661
6760
6662
6761
6663
6762
6664
6763
6665
6764
6666
6765
6667
6766
6668
6767
6669
6768
6670
6769
6671
6770
6672
6771
6673
6772
6674
6773
6675
6774
6676
6775
6677
6776
6678
6777
6679
6778
6680
6779
6681
6780
6682
6781
6683
6782
6684
6783
6685
6784
6686
6785
6687
6786
6688
6787
6689
6788
6690
6789
6691
6790
6692
6791
6693
6792
6694
6793
6695
6794
6696
6795
6697
6796
6698
6797
6699
6798
6799
6701
6800
6702
6801
6703
6802
6704
6803
6705
6804
6706
6805
6707
6806
6708
6807
6709
6808
6710
6809
6711
6810
6712
6811
6713
6812
6714
6813
6715
6814
6716
6815
6717
6816
6718
6817
6719
6818
6720
6819
6721
6820
6722
6821
6723
6822
6724
6823
6725
6824
6726
6825
6727
6826
6728
6827
6729
6828
6730
6829
6731
6830
6732
6831
6733
6832
6734
6833
6735
6834
6736
6835
6737
6836
6738
6837
6739
6838
6740
6839
6741
6840
6742
6841
6743
6842
6744
6843
6745
6844
6746
6845
6747
6846
6748
6847
6749
6848
6750
6849
6751
6850
6752
6851
6753
6852
6754
6853
6755
6854
6756
6855
6757
6856
6758
6857
6759
6858
6760
6859
6761
6860
6762
6861
6763
6862
6764
6863
6765
6864
6766
6865
6767
6866
6768
6867
6769
6868
6770
6869
6771
6870
6772
6871
6773
6872
6774
6873
6775
6874
6776
6875
6777
6876
6778
6877
6779
6878
6780
6879
6781
6880
6782
6881
6783
6882
6784
6883
6785
6884
6786
6885
6787
6886
6788
6887
6789
6888
6790
6889
6791
6890
6792
6891
6793
6892
6794
6893
6795
6894
6796
6895
6797
6896
6798
6897
6799
6898
6899
6801
6900
6802
6901
6803
6902
6804
6903
6805
6904
6806
6905
6807
6906
6808
6907
6809
6908
6810
6909
6811
6910
6812
6911
6813
6912
6814
6913
6815
6914
6816
6915
6817
6916
6818
6917
6819
6918
6820
6919
6821
6920
6822
6921
6823
6922
6824
6923
6825
6924
6826
6925
6827
6926
6828
6927
6829
6928
6830
6929
6831
6930
6832
6931
6833
6932
6834
6933
6835
6934
6836
6935
6837
6936
6838
6937
6839
6938
6840
6939
6841
6940
6842
6941
6843
6942
6844
6943
6845
6944
6846
6945
6847
6946
6848
6947
6849
6948
6850
6949
6851
6950
6852
6951
6853
6952
6854
6953
6855
6954
6856
6955
6857
6956
6858
6957
6859
6958
6860
6959
6861
6960
6862
6961
6863
6962
6864
6963
6865
6964
6866
6965
6867
6966
6868
6967
6869
6968
6870
6969
6871
6970
6872
6971
6873
6972
6874
6973
6875
6974
6876
6975
6877
6976
6878
6977
6879
6978
6880
6979
6881
6980
6882
6981
6883
6982
6884
6983
6885
6984
6886
6985
6887
6986
6888
6987
6889
6988
6890
6989
6891
6990
6892
6991
6893
6992
6894
6993
6895
6994
6896
6995
6897
6996
6898
6997
6899
6998
6999
6901
6902
6903
6904
6905
6906
6907
6908
6909
6910
6911
6912
6913
6914
6915
6916
6917
6918
6919
6920
6921
6922
6923
6924
6925
6926
6927
6928
6929
6930
6931
6932
6933
6934
6935
6936
6937
6938
6939
6940
6941
6942
6943
6944
6945
6946
6947
6948
6949
6950
6951
6952
6953
6954
6955
6956
6957
6958
6959
6960
6961
6962
6963
6964
6965
6966
6967
6968
6969
6970
6971
6972
6973
6974
6975
6976
6977
6978
6979
6980
6981
6982
6983
6984
6985
6986
6987
6988
6989
6990
6991
6992
6993
6994
6995
6996
6997
6998
6999
)


// ************************************************************************* //
