/*--------------------------------*- C++ -*----------------------------------*\
| =========                 |                                                 |
| \\      /  F ield         | OpenFOAM: The Open Source CFD Toolbox           |
|  \\    /   O peration     | Version:  4.0                                   |
|   \\  /    A nd           | Web:      www.OpenFOAM.org                      |
|    \\/     M anipulation  |                                                 |
\*---------------------------------------------------------------------------*/
FoamFile
{
    version     2.0;
    format      ascii;
    class       volScalarField;
    location    "39";
    object      p;
}
// * * * * * * * * * * * * * * * * * * * * * * * * * * * * * * * * * * * * * //

dimensions      [0 2 -2 0 0 0 0];

internalField   nonuniform List<scalar> 
8800
(
0.902721
0.854932
0.816238
0.787237
0.766364
0.751519
0.740903
0.733398
0.728544
0.72644
0.72765
0.731793
0.738401
0.747687
0.760446
0.778165
0.802933
0.836867
0.87941
0.938112
0.733981
0.741659
0.749124
0.752428
0.750918
0.745829
0.739327
0.733228
0.728472
0.725585
0.725252
0.727701
0.732143
0.738054
0.744798
0.751059
0.754687
0.753943
0.748513
0.739817
0.712401
0.71856
0.722682
0.725618
0.727656
0.728245
0.727117
0.724985
0.722929
0.721966
0.722866
0.725191
0.727946
0.730093
0.730674
0.729455
0.727097
0.723693
0.719129
0.715367
0.706625
0.709273
0.712019
0.714413
0.716035
0.717178
0.717895
0.717979
0.717639
0.717527
0.71821
0.719317
0.720105
0.720128
0.719487
0.71837
0.716535
0.713949
0.711537
0.710033
0.70129
0.702713
0.704485
0.706506
0.708276
0.709597
0.710558
0.711316
0.711878
0.712372
0.712941
0.713362
0.713398
0.71306
0.712322
0.71104
0.709318
0.70745
0.706132
0.705301
0.696273
0.697192
0.698426
0.699981
0.701598
0.703101
0.704355
0.705377
0.706279
0.707089
0.70768
0.707915
0.707795
0.707291
0.706357
0.705113
0.70375
0.702463
0.701628
0.701078
0.691442
0.69211
0.693066
0.694356
0.695748
0.697182
0.698586
0.699858
0.700985
0.701992
0.702694
0.702947
0.702762
0.702168
0.701292
0.700287
0.699226
0.698269
0.69767
0.697266
0.686755
0.68727
0.688047
0.689166
0.690426
0.691773
0.69318
0.694596
0.695941
0.697158
0.698018
0.698343
0.698188
0.697691
0.696996
0.696194
0.695356
0.694629
0.69418
0.693866
0.682143
0.682552
0.683202
0.684198
0.685385
0.686683
0.688084
0.689574
0.691097
0.69255
0.693615
0.69409
0.694089
0.693776
0.693274
0.692658
0.692005
0.691457
0.691115
0.690862
0.677529
0.677861
0.678423
0.679341
0.68048
0.681759
0.683186
0.684757
0.686442
0.68815
0.689484
0.690203
0.690435
0.690337
0.690029
0.689604
0.689115
0.688712
0.688454
0.688245
0.672833
0.673107
0.673608
0.674481
0.675602
0.676902
0.678391
0.680081
0.68196
0.683955
0.685635
0.686681
0.687195
0.687337
0.687235
0.686995
0.686669
0.68639
0.686196
0.686019
0.667978
0.668206
0.668668
0.669527
0.670669
0.672034
0.673631
0.675497
0.677639
0.679996
0.682101
0.683535
0.684369
0.684777
0.684898
0.684838
0.684666
0.684495
0.684355
0.684202
0.66289
0.663081
0.663523
0.664398
0.665605
0.667077
0.668834
0.670943
0.673433
0.676258
0.67888
0.680766
0.681969
0.682677
0.683041
0.683167
0.68315
0.683077
0.682983
0.682848
0.657483
0.657642
0.65808
0.658997
0.660307
0.661934
0.663911
0.666331
0.669248
0.672653
0.675909
0.678347
0.679996
0.681056
0.681701
0.682049
0.682185
0.682207
0.682152
0.68203
0.65166
0.651791
0.652238
0.653226
0.654682
0.656517
0.658785
0.661602
0.665063
0.669183
0.673218
0.676329
0.678511
0.679983
0.680948
0.681534
0.681839
0.681956
0.681941
0.68183
0.645314
0.645417
0.645886
0.64697
0.648617
0.650726
0.653371
0.656702
0.660842
0.665843
0.670832
0.674765
0.677589
0.679544
0.680864
0.681729
0.682238
0.682461
0.682484
0.68238
0.638297
0.638381
0.638872
0.640079
0.64197
0.644424
0.64755
0.651535
0.656555
0.662674
0.668816
0.673704
0.677277
0.679829
0.681608
0.682787
0.683513
0.683846
0.683907
0.683806
0.630363
0.63044
0.630992
0.632338
0.634522
0.637412
0.641136
0.64592
0.651983
0.659438
0.66701
0.673112
0.677619
0.680881
0.683226
0.684813
0.685802
0.686266
0.686367
0.686268
0.621261
0.621307
0.621931
0.623483
0.626064
0.629526
0.634024
0.639855
0.647289
0.656436
0.665718
0.673219
0.678803
0.682901
0.685913
0.687989
0.689299
0.689913
0.690055
0.689953
0.610637
0.610668
0.611384
0.613204
0.616267
0.620445
0.625923
0.633064
0.642178
0.653389
0.664757
0.673968
0.680876
0.686
0.689798
0.692468
0.694173
0.69496
0.695141
0.695029
0.597887
0.597907
0.598752
0.600932
0.604644
0.609776
0.616552
0.625405
0.636666
0.650422
0.66429
0.675493
0.683929
0.690249
0.694997
0.698391
0.700554
0.701533
0.701746
0.701617
0.582175
0.582192
0.583244
0.585965
0.59061
0.59708
0.60563
0.616748
0.63075
0.647632
0.664442
0.677947
0.688132
0.695818
0.70165
0.705848
0.708511
0.709685
0.709923
0.709769
0.562313
0.562339
0.563733
0.5673
0.573329
0.581712
0.592713
0.606834
0.624298
0.644958
0.665216
0.681361
0.693522
0.702746
0.709775
0.71489
0.71808
0.719438
0.719688
0.719502
0.536495
0.536557
0.53856
0.543545
0.551788
0.563033
0.577543
0.595708
0.617556
0.642724
0.6669
0.685943
0.700261
0.711155
0.719474
0.725553
0.729253
0.730765
0.731012
0.730792
0.501716
0.501905
0.505152
0.512763
0.524771
0.540441
0.559971
0.583455
0.610683
0.641083
0.669607
0.691786
0.708396
0.721073
0.730781
0.73785
0.742009
0.743621
0.743838
0.743584
0.452231
0.45327
0.459805
0.472806
0.491373
0.513898
0.54036
0.570587
0.604178
0.640422
0.673589
0.699023
0.717995
0.732496
0.743687
0.7517
0.756241
0.75786
0.758013
0.75772
0.379159
0.386544
0.401721
0.424793
0.453082
0.48475
0.519701
0.557725
0.598417
0.641077
0.679329
0.708376
0.730042
0.746694
0.759592
0.768712
0.773721
0.775444
0.775601
0.775355
0.300467
0.317788
0.34236
0.376067
0.414476
0.455462
0.499009
0.545076
0.593363
0.643278
0.68774
0.721507
0.746772
0.766313
0.781613
0.792281
0.797834
0.799594
0.799797
0.79971
0.235162
0.255496
0.2879
0.330467
0.377741
0.427495
0.479354
0.533293
0.589018
0.645985
0.696382
0.734564
0.763183
0.785369
0.802565
0.814116
0.81999
0.822198
0.822446
0.822441
0.18166
0.203695
0.241515
0.290436
0.344708
0.401771
0.460958
0.522097
0.584789
0.648412
0.704381
0.746639
0.778246
0.802625
0.82124
0.833887
0.840795
0.84283
0.843136
0.843178
0.136985
0.160132
0.201624
0.255598
0.315533
0.378628
0.44408
0.511589
0.580607
0.650387
0.711499
0.757462
0.791678
0.817882
0.837763
0.851284
0.858738
0.861034
0.861491
0.861558
0.0987777
0.122542
0.166869
0.224773
0.289462
0.357699
0.428589
0.50174
0.576483
0.651904
0.717756
0.767049
0.803524
0.831161
0.851875
0.86603
0.873912
0.876685
0.877275
0.877368
0.0651099
0.0892692
0.135781
0.197007
0.265686
0.338397
0.414103
0.49233
0.572305
0.652959
0.723201
0.775514
0.813901
0.842664
0.864062
0.8787
0.886967
0.890103
0.890802
0.890894
0.0345815
0.0590852
0.107375
0.171416
0.243561
0.320192
0.400205
0.483061
0.567891
0.653466
0.727844
0.782928
0.822987
0.8527
0.874607
0.889615
0.898132
0.90149
0.90225
0.902327
0.00633032
0.0311538
0.0809236
0.147372
0.222579
0.302685
0.38658
0.473683
0.563055
0.653314
0.731666
0.789394
0.831007
0.861571
0.883896
0.899157
0.907806
0.911307
0.912088
0.912125
-0.0203675
0.00481321
0.0559821
0.124473
0.202366
0.285571
0.372983
0.464001
0.557642
0.652401
0.734651
0.794999
0.838164
0.869583
0.892365
0.907814
0.916562
0.920114
0.920924
0.920925
-0.0458427
-0.0202655
0.0320538
0.102406
0.182669
0.268641
0.359244
0.453875
0.551534
0.650644
0.736778
0.799811
0.844619
0.876958
0.900216
0.915874
0.924653
0.928135
0.928953
0.928955
-0.0704836
-0.0443756
0.00885688
0.080946
0.1633
0.251752
0.345255
0.443212
0.544642
0.647962
0.738017
0.803887
0.850487
0.883871
0.907666
0.923524
0.932312
0.935753
0.936458
0.936408
-0.0944069
-0.0678971
-0.0136115
0.0599677
0.144154
0.234827
0.330951
0.431962
0.536915
0.644301
0.738338
0.807246
0.85586
0.89044
0.914856
0.930928
0.939668
0.942985
0.943591
0.943467
-0.117748
-0.0907113
-0.0354958
0.0393857
0.1252
0.217844
0.316319
0.420104
0.528327
0.639613
0.737677
0.80987
0.860776
0.896758
0.92187
0.938125
0.946729
0.949838
0.950308
0.950127
-0.140639
-0.113012
-0.0569051
0.0191714
0.10642
0.200809
0.301383
0.407665
0.518882
0.633861
0.73596
0.811689
0.865241
0.902895
0.928795
0.945168
0.953517
0.956317
0.956645
0.956424
-0.163091
-0.134795
-0.0778284
-0.000672343
0.0878464
0.18376
0.286192
0.39469
0.508609
0.627022
0.73311
0.812608
0.869211
0.908919
0.93576
0.952121
0.959998
0.962379
0.962549
0.9623
-0.184953
-0.156022
-0.0982235
-0.0201146
0.0695168
0.166767
0.270811
0.381258
0.497571
0.619122
0.729058
0.812503
0.872577
0.914865
0.94297
0.95919
0.966231
0.967975
0.967963
0.967703
-0.206202
-0.176667
-0.118085
-0.0391077
0.0514914
0.149892
0.255333
0.36745
0.485849
0.610196
0.723761
0.811228
0.875161
0.920678
0.950684
0.966841
0.972507
0.973127
0.972832
0.97262
-0.226908
-0.196695
-0.137383
-0.0576208
0.0338323
0.13322
0.239848
0.353371
0.473543
0.600316
0.717181
0.808631
0.876713
0.926122
0.959049
0.975877
0.979813
0.978299
0.977197
0.977245
-0.246896
-0.216083
-0.156061
-0.0755906
0.0165991
0.116833
0.22445
0.339137
0.460774
0.589589
0.709323
0.804565
0.876927
0.93071
0.96776
0.987054
0.990318
0.985893
0.982334
0.981583
-0.26626
-0.23482
-0.174138
-0.0930467
-0.00024298
0.100684
0.209084
0.324687
0.447473
0.577941
0.700056
0.798763
0.875465
0.93376
0.975833
1.00014
1.00608
1.00123
0.991408
0.975569
-0.284924
-0.252898
-0.191732
-0.110186
-0.0169861
0.0844365
0.193327
0.309532
0.433092
0.564719
0.688709
0.790393
0.871666
0.934245
0.98093
1.01173
1.02143
1.01058
0.991757
0.976874
-0.302711
-0.270437
-0.208654
-0.126787
-0.0333117
0.0684384
0.177408
0.294002
0.41795
0.550205
0.67541
0.779068
0.864912
0.931053
0.978131
1.00866
1.02204
1.00141
0.932046
0.900047
-0.318952
-0.288636
-0.224578
-0.142289
-0.0484817
0.0531902
0.16163
0.278325
0.402267
0.534534
0.66013
0.76457
0.854033
0.923841
0.963152
0.986216
0.983661
0.932284
0.862095
0.818565
-0.3749
-0.304679
-0.239174
-0.157756
-0.0640167
0.0372553
0.145928
0.262226
0.385687
0.517277
0.642317
0.746444
0.835491
0.912432
0.918349
0.92888
0.888593
0.822141
0.745832
0.703066
-0.336399
-0.320446
-0.260738
-0.179188
-0.0867056
0.0143443
0.122
0.237532
0.359825
0.489665
0.612183
0.713983
0.794514
0.873167
0.86688
0.760395
0.658011
0.586617
0.51378
0.546982
-0.367644
-0.338343
-0.277699
-0.196889
-0.104394
-0.00364995
0.104207
0.219054
0.340202
0.468092
0.587542
0.685155
0.757741
0.798959
0.753839
0.610139
0.484122
0.394092
0.295328
0.347997
-0.391749
-0.3595
-0.297582
-0.21654
-0.124008
-0.0234335
0.0842941
0.198258
0.317943
0.443342
0.558939
0.650772
0.71388
0.722836
0.619842
0.448307
0.295644
0.176786
0.0461787
0.0803627
-0.415365
-0.381539
-0.318427
-0.236535
-0.143875
-0.0434607
0.0637291
0.176688
0.294729
0.417303
0.528228
0.613537
0.66136
0.638923
0.483382
0.287137
0.0955699
-0.0760149
-0.267662
-0.28197
-0.438365
-0.404087
-0.34008
-0.25746
-0.164617
-0.0644131
0.0421233
0.153967
0.270127
0.389533
0.495221
0.573238
0.603166
0.545667
0.353724
0.142247
-0.077533
-0.271673
-0.519078
-0.827109
-0.461661
-0.427372
-0.362818
-0.279711
-0.186669
-0.0866212
0.0193374
0.130048
0.244243
0.360276
0.460562
0.530119
0.541645
0.433449
0.241303
0.0299851
-0.177009
-0.352693
-0.421092
-0.507215
-0.486185
-0.451836
-0.386983
-0.303632
-0.210525
-0.110717
-0.00542618
0.103988
0.21592
0.328099
0.422588
0.481885
0.468732
0.32666
0.142005
-0.0500912
-0.214486
-0.308404
-0.332554
-0.34901
-0.512251
-0.477796
-0.412743
-0.329307
-0.23631
-0.136903
-0.0325134
0.0753082
0.184577
0.292286
0.380496
0.426793
0.395368
0.227612
0.0523192
-0.114103
-0.242138
-0.281071
-0.29502
-0.296325
-0.540058
-0.505415
-0.440155
-0.356722
-0.263964
-0.165171
-0.061929
0.0439729
0.150155
0.25284
0.33399
0.366549
0.318186
0.135652
-0.0304847
-0.179374
-0.258118
-0.274633
-0.276063
-0.27595
-0.569654
-0.534719
-0.469233
-0.385858
-0.293486
-0.195495
-0.0936585
0.0099837
0.112665
0.209847
0.283029
0.304793
0.221537
0.0515339
-0.107002
-0.229697
-0.264894
-0.265587
-0.265545
-0.264945
-0.600748
-0.565588
-0.49986
-0.416614
-0.324769
-0.227796
-0.127647
-0.0266113
0.072142
0.163411
0.228302
0.234309
0.131028
-0.0266329
-0.168153
-0.247561
-0.256624
-0.258286
-0.258494
-0.258209
-0.632764
-0.597478
-0.531768
-0.448748
-0.357602
-0.261889
-0.163713
-0.0656543
0.0287753
0.113811
0.170539
0.161078
0.0505251
-0.0934206
-0.214948
-0.243192
-0.253644
-0.254031
-0.252949
-0.252401
-0.665248
-0.62986
-0.564484
-0.481847
-0.39161
-0.297418
-0.201539
-0.106826
-0.0171231
0.0615643
0.108919
0.0902245
-0.0240115
-0.148139
-0.246575
-0.272335
-0.256703
-0.251466
-0.249759
-0.248707
-0.697334
-0.662101
-0.597135
-0.515266
-0.426218
-0.333865
-0.240618
-0.149605
-0.0650425
0.00723789
0.0454549
0.0227014
-0.091311
-0.186024
-0.255559
-0.257046
-0.254658
-0.25175
-0.249842
-0.248841
-0.727415
-0.692983
-0.628789
-0.54807
-0.460616
-0.370464
-0.280219
-0.193227
-0.114156
-0.0486046
-0.0143966
-0.0551802
-0.150577
-0.21165
-0.230482
-0.261256
-0.258286
-0.250768
-0.249714
-0.24947
-0.75402
-0.720555
-0.658336
-0.579092
-0.493723
-0.406189
-0.319362
-0.236686
-0.163295
-0.105213
-0.0715144
-0.143125
-0.227304
-0.206139
-0.221224
-0.259463
-0.283519
-0.292059
-0.293577
-0.292643
-0.775072
-0.743361
-0.683597
-0.606914
-0.524181
-0.439792
-0.356776
-0.278711
-0.211068
-0.161293
-0.130509
-0.23641
-0.35695
-0.309505
-0.244353
-0.353906
-0.428876
-0.454283
-0.443512
-0.434825
-0.788451
-0.759366
-0.702948
-0.629636
-0.550403
-0.469781
-0.390964
-0.317725
-0.255764
-0.214381
-0.192432
-0.331794
-0.594448
-0.847333
-0.789411
-0.674403
-0.60926
-0.578801
-0.559228
-0.553622
-0.791597
-0.766444
-0.714443
-0.64547
-0.570619
-0.494493
-0.420196
-0.351808
-0.295215
-0.260789
-0.249953
-0.403547
-0.717625
-1.33058
-1.42365
-0.851656
-0.55219
-0.490085
-0.488652
-0.488107
-0.782806
-0.762298
-0.716037
-0.652826
-0.583279
-0.512245
-0.442664
-0.378767
-0.326625
-0.296469
-0.282564
-0.348126
-0.327957
-0.326726
-0.434656
-0.415288
-0.417321
-0.40806
-0.406054
-0.404204
-0.759885
-0.743969
-0.706082
-0.650509
-0.587306
-0.521791
-0.456817
-0.396326
-0.347039
-0.318124
-0.307529
-0.200611
0.142355
0.770598
0.77748
0.242785
-0.158945
-0.275569
-0.313435
-0.312621
-0.724637
-0.714012
-0.684947
-0.638675
-0.582629
-0.522708
-0.461754
-0.403247
-0.353927
-0.323227
-0.316522
-0.286475
-0.299089
-0.498508
-0.963651
-1.30927
-1.242
-0.900641
-0.681683
-0.665934
-0.682513
-0.676386
-0.656809
-0.619638
-0.570907
-0.515776
-0.457564
-0.399328
-0.345806
-0.310764
-0.313263
-0.500484
-1.08859
-1.91951
-2.51218
-2.86218
-2.76089
-2.42835
-2.07889
-1.86253
-0.641587
-0.638076
-0.627176
-0.598454
-0.555248
-0.503255
-0.445576
-0.384398
-0.323425
-0.267657
-0.246745
-0.362606
-0.790517
-1.30474
-1.64217
-1.6061
-1.3346
-0.989818
-0.713069
-0.577024
-0.608801
-0.606632
-0.601092
-0.580013
-0.540696
-0.488845
-0.428979
-0.360816
-0.28589
-0.198967
-0.102955
0.0206422
0.161154
0.475242
0.879781
1.34152
1.75589
2.0225
2.14908
2.18883
-0.581317
-0.580434
-0.579002
-0.566218
-0.5305
-0.476936
-0.412031
-0.336283
-0.247849
-0.141658
-0.00402574
0.15513
0.454357
0.929588
1.53428
2.08268
2.49566
2.74523
2.86258
2.89475
-0.563113
-0.562683
-0.562604
-0.555764
-0.524268
-0.468305
-0.397581
-0.315488
-0.218867
-0.104887
0.0256139
0.165045
0.374416
0.85197
1.42039
1.94292
2.32644
2.53978
2.63148
2.65532
-0.548593
-0.548103
-0.548067
-0.54608
-0.519842
-0.46219
-0.38621
-0.299328
-0.202024
-0.0900188
0.0266391
0.153183
0.29782
0.666467
1.12938
1.52077
1.80985
1.97022
2.04001
2.05822
-0.53952
-0.537875
-0.537161
-0.537765
-0.516338
-0.456229
-0.375094
-0.285297
-0.189598
-0.0839317
0.0207301
0.123362
0.223928
0.464318
0.792805
1.07036
1.27394
1.38637
1.4349
1.44659
-0.541233
-0.540833
-0.543724
-0.544974
-0.517869
-0.446855
-0.359031
-0.267982
-0.175905
-0.0790804
0.00817071
0.0839732
0.15089
0.312236
0.530704
0.713745
0.847051
0.921196
0.952469
0.960196
-0.533718
-0.538987
-0.546482
-0.543215
-0.503452
-0.421937
-0.330898
-0.243315
-0.159975
-0.0776471
-0.00813371
0.0449465
0.0894021
0.19855
0.345983
0.46451
0.547168
0.591685
0.610112
0.612987
-0.458568
-0.466323
-0.474694
-0.469029
-0.429935
-0.358407
-0.281588
-0.207877
-0.139019
-0.0719904
-0.0166776
0.0207502
0.0530666
0.125703
0.221024
0.297112
0.346383
0.371955
0.382131
0.383043
-0.304316
-0.30982
-0.316148
-0.314016
-0.291835
-0.252637
-0.207164
-0.159058
-0.110221
-0.0603373
-0.0206712
0.0046586
0.0273689
0.079165
0.140547
0.187559
0.217389
0.232894
0.238919
0.238952
-0.134048
-0.136735
-0.141832
-0.147072
-0.147217
-0.141048
-0.126593
-0.105393
-0.0778033
-0.0453862
-0.0175058
0.00212904
0.0184433
0.0527036
0.0922906
0.122315
0.140808
0.15009
0.153546
0.153049
-0.011028
-0.0123964
-0.0172277
-0.0279732
-0.04281
-0.0549556
-0.0604856
-0.0578962
-0.0466006
-0.0277937
-0.00789135
0.00795775
0.0209204
0.0459449
0.0712806
0.0886953
0.0995331
0.104904
0.106644
0.105812
0.0525733
0.0516827
0.0472142
0.0357362
0.0177868
-0.000633928
-0.0147647
-0.0218913
-0.0207996
-0.0113918
0.00285078
0.0175576
0.0314433
0.047616
0.0623033
0.0727269
0.0791932
0.0824449
0.0833613
0.082293
0.0750622
0.0743981
0.0708777
0.061417
0.0458929
0.0285925
0.013273
0.00250257
-0.00173548
0.00179537
0.0121787
0.0267864
0.0415521
0.0513037
0.058032
0.0639827
0.0682355
0.0708177
0.0712716
0.0700462
0.076208
0.0757098
0.0732128
0.0664724
0.0550135
0.0412725
0.0279178
0.0171748
0.0108184
0.0107681
0.0180209
0.0308649
0.0449898
0.0497577
0.0511998
0.0546135
0.0589256
0.0618699
0.0625237
0.0611878
0.0686098
0.0682386
0.0665757
0.0621512
0.0543682
0.0444506
0.0339807
0.0245717
0.0176472
0.0149268
0.0181056
0.0268894
0.0363323
0.0374674
0.0382126
0.0423052
0.0472003
0.0505577
0.0513456
0.0500387
0.058751
0.0584598
0.0573758
0.0546271
0.0496393
0.042861
0.0350912
0.0273278
0.0203551
0.0151272
0.0130017
0.014127
0.0161442
0.014391
0.0161142
0.023052
0.0298451
0.033926
0.0348945
0.0336517
0.0496485
0.0494031
0.0486836
0.0470242
0.0439605
0.0394858
0.0338852
0.0275619
0.0207407
0.0132971
0.00501213
-0.00369342
-0.0128828
-0.0169211
-0.00934881
0.00059565
0.00816656
0.0121219
0.0129909
0.0120327
0.0425022
0.0422875
0.0417778
0.0407576
0.038886
0.0359734
0.0320088
0.0269894
0.0207129
0.0116314
-0.0020817
-0.0217379
-0.0398853
-0.0418669
-0.0297967
-0.0178741
-0.0107923
-0.00787343
-0.00731713
-0.00788794
0.0374549
0.0372817
0.0369157
0.0362448
0.0351169
0.0332401
0.030508
0.0267989
0.0214448
0.0125944
-0.00375484
-0.029228
-0.0538841
-0.052041
-0.0361128
-0.0243481
-0.0188418
-0.0175696
-0.0173682
-0.0176274
0.0339512
0.0338196
0.0335589
0.0330971
0.032446
0.0313642
0.0296552
0.027358
0.0239812
0.0175924
0.00409796
-0.0187098
-0.0392051
-0.0333134
-0.0197021
-0.0120511
-0.00992618
-0.0101176
-0.0101288
-0.0102429
0.0312782
0.03119
0.0310353
0.0307034
0.0302696
0.0298883
0.0292265
0.0283836
0.0273939
0.0258715
0.0210783
0.0100036
0.00124747
0.00809143
0.0150446
0.0165086
0.0156643
0.0147849
0.0145367
0.0142844
0.02874
0.0286836
0.028635
0.0284633
0.0283418
0.0283496
0.0287259
0.0296584
0.0315627
0.0356632
0.0420262
0.0478352
0.0518997
0.0582151
0.0568251
0.0524382
0.049307
0.0481136
0.0475191
0.047155
0.0257859
0.0257711
0.025834
0.0258577
0.0259939
0.0261286
0.0273761
0.0295532
0.0342316
0.0438107
0.0613635
0.0850204
0.105254
0.107813
0.0968008
0.0878801
0.0841576
0.0831088
0.0818669
0.0811626
0.0215681
0.0215802
0.0217532
0.0220489
0.0223178
0.0230693
0.0242387
0.0273806
0.0334583
0.0466528
0.0723133
0.111194
0.145809
0.14072
0.122476
0.111063
0.107815
0.10683
0.105142
0.104248
0.0159421
0.0159553
0.0161852
0.0166129
0.017227
0.018075
0.0193991
0.0221359
0.0281073
0.0414344
0.0677209
0.109807
0.145892
0.143273
0.123461
0.116452
0.11338
0.113594
0.111347
0.109925
0.00918442
0.00914213
0.00928231
0.00964607
0.0100684
0.0104817
0.0114616
0.0135404
0.017921
0.0274834
0.0466377
0.0790627
0.10783
0.0992508
0.0871094
0.08326
0.0893725
0.0913597
0.0882795
0.0862199
0.00211986
0.00198949
0.00178128
0.00153132
0.00134035
0.00147066
0.00175618
0.00212385
0.00307432
0.00473742
0.00707283
0.0131318
0.0206882
0.0302303
0.0290739
0.0280158
0.0238001
0.0180612
0.019229
0.0182939
-0.0321774
0.140437
0.342173
0.516965
0.657352
0.768807
0.861422
0.939791
0.974949
0.951701
0.282183
0.406571
0.540098
0.655765
0.753565
0.834763
0.900462
0.946977
0.970336
0.982284
0.507865
0.593038
0.684125
0.764924
0.834458
0.892632
0.938839
0.972556
0.996833
1.0147
0.672701
0.733228
0.797123
0.855541
0.906523
0.949771
0.985242
1.01349
1.03662
1.05485
0.800975
0.845207
0.89215
0.936874
0.9764
1.01088
1.04035
1.06483
1.08543
1.10323
0.906937
0.94049
0.979249
1.01541
1.04856
1.07824
1.10414
1.12589
1.14388
1.16121
1.00055
1.02962
1.06404
1.09655
1.12683
1.15428
1.17825
1.19813
1.21374
1.23081
1.08979
1.11922
1.15351
1.18579
1.2156
1.24236
1.26537
1.28396
1.29741
1.31444
1.18549
1.21886
1.25566
1.28939
1.31957
1.34586
1.36791
1.38526
1.39718
1.41458
1.30074
1.33866
1.3774
1.41174
1.44117
1.46599
1.48642
1.50235
1.51386
1.53193
1.44582
1.48444
1.52064
1.55138
1.57711
1.59925
1.61834
1.6339
1.64635
1.66435
1.62101
1.65266
1.67888
1.70136
1.72137
1.74012
1.75785
1.77435
1.78971
1.80779
1.80968
1.8269
1.84196
1.85821
1.87413
1.88868
1.9019
1.91583
1.93339
1.95354
1.99143
2.00098
2.01253
2.02335
2.03264
2.04223
2.05303
2.0644
2.07577
2.09113
2.19869
2.20236
2.18742
2.17261
2.16634
2.17202
2.19051
2.22082
2.253
2.27966
2.505
2.37014
2.29351
2.25115
2.23374
2.2377
2.2651
2.32152
2.42414
2.6485
0.793319
0.791188
0.786702
0.778072
0.76584
0.753701
0.743457
0.735536
0.729883
0.72658
0.726164
0.72884
0.733893
0.741076
0.750435
0.761955
0.774592
0.785616
0.791723
0.794772
0.717784
0.723629
0.729963
0.734449
0.736909
0.736572
0.733819
0.729983
0.726436
0.724125
0.723913
0.726042
0.729649
0.733896
0.737671
0.739532
0.738579
0.735084
0.729912
0.723288
0.709387
0.711683
0.715082
0.71807
0.720135
0.721617
0.722352
0.722006
0.720941
0.720001
0.720101
0.721456
0.72321
0.724466
0.724608
0.72369
0.722119
0.719767
0.716492
0.713567
0.703911
0.704997
0.706825
0.709195
0.711207
0.712618
0.713615
0.714332
0.714687
0.714845
0.715253
0.715975
0.716501
0.716509
0.71605
0.715166
0.713669
0.711563
0.709462
0.708074
0.698755
0.699418
0.700522
0.702217
0.703985
0.705598
0.706867
0.707845
0.708673
0.709388
0.71002
0.710469
0.710575
0.710337
0.709712
0.708611
0.707147
0.705575
0.704238
0.703453
0.693839
0.6943
0.695082
0.696371
0.697843
0.69934
0.700775
0.702029
0.703103
0.704069
0.704868
0.705312
0.70535
0.704985
0.704213
0.703163
0.70199
0.70082
0.699881
0.699359
0.689087
0.689431
0.690039
0.691098
0.692377
0.69373
0.695135
0.696533
0.697835
0.699012
0.699982
0.700521
0.700562
0.700169
0.699474
0.698618
0.697702
0.696787
0.696085
0.695703
0.684448
0.684715
0.685205
0.686106
0.68726
0.688532
0.68989
0.691325
0.692785
0.694185
0.695363
0.696044
0.696172
0.695902
0.695385
0.694723
0.693991
0.693288
0.692761
0.692469
0.679845
0.680057
0.680464
0.681256
0.682331
0.683553
0.684897
0.686368
0.687943
0.689555
0.690984
0.691879
0.692203
0.692136
0.691816
0.691342
0.69079
0.690259
0.689865
0.689635
0.675201
0.675372
0.67572
0.676439
0.677468
0.678666
0.68003
0.68157
0.683276
0.685105
0.686829
0.68803
0.688631
0.688808
0.688699
0.688417
0.688045
0.687664
0.687379
0.687196
0.670435
0.670572
0.670877
0.671554
0.672568
0.673788
0.675213
0.676866
0.678758
0.680859
0.682946
0.684527
0.685455
0.685907
0.686031
0.685944
0.68574
0.685499
0.685303
0.685157
0.665472
0.66558
0.665857
0.666516
0.667551
0.66884
0.67037
0.67219
0.674335
0.676785
0.679324
0.681367
0.682675
0.683437
0.683819
0.683941
0.683904
0.683794
0.683674
0.683558
0.660235
0.660318
0.660577
0.661242
0.662334
0.663732
0.665418
0.667469
0.669947
0.672859
0.675963
0.678548
0.680301
0.681421
0.682092
0.682447
0.682585
0.6826
0.682549
0.682456
0.654633
0.654694
0.654945
0.655637
0.656817
0.658364
0.660261
0.662609
0.665492
0.668957
0.672754
0.67602
0.678328
0.679886
0.680893
0.681514
0.681843
0.681991
0.682003
0.681932
0.648562
0.6486
0.648847
0.649584
0.650892
0.652645
0.654828
0.657567
0.660977
0.665145
0.669791
0.673878
0.676845
0.678914
0.6803
0.68121
0.681777
0.682063
0.68214
0.682089
0.641906
0.641916
0.642162
0.642967
0.644438
0.646455
0.648996
0.652233
0.656319
0.661367
0.667064
0.67215
0.675901
0.678579
0.680431
0.681678
0.68251
0.682951
0.683096
0.683062
0.634454
0.634454
0.63472
0.635606
0.637284
0.639608
0.642612
0.646474
0.651396
0.657539
0.664526
0.670808
0.675513
0.678931
0.681352
0.683037
0.684174
0.68479
0.685007
0.684989
0.625957
0.625922
0.626222
0.627233
0.629172
0.631911
0.635496
0.640144
0.64611
0.653587
0.662152
0.669927
0.675779
0.680073
0.683185
0.685416
0.686922
0.687749
0.688047
0.688044
0.616139
0.61608
0.616421
0.617601
0.619865
0.623136
0.627471
0.63314
0.640461
0.649656
0.660153
0.669658
0.67686
0.682201
0.686119
0.688987
0.690941
0.692022
0.692408
0.692416
0.604511
0.604427
0.604839
0.606238
0.608918
0.612862
0.618151
0.625113
0.634111
0.645385
0.658237
0.669882
0.67872
0.685323
0.690231
0.693866
0.696379
0.697758
0.698239
0.69825
0.590356
0.590246
0.590778
0.592496
0.595759
0.600643
0.607247
0.615956
0.627171
0.641102
0.656795
0.670891
0.681583
0.689626
0.695678
0.700197
0.703343
0.705052
0.705626
0.705633
0.57268
0.572549
0.573282
0.57549
0.579613
0.585839
0.594266
0.605313
0.619372
0.636573
0.655664
0.672648
0.685486
0.695173
0.702541
0.708044
0.711893
0.713945
0.714604
0.714598
0.550015
0.549874
0.550948
0.553944
0.559415
0.567657
0.578715
0.592989
0.610771
0.632022
0.655112
0.675352
0.690577
0.702069
0.710854
0.717467
0.722055
0.724437
0.725161
0.725135
0.520021
0.519909
0.521611
0.526014
0.533772
0.545217
0.56017
0.578903
0.601478
0.627633
0.655314
0.679165
0.69697
0.710417
0.720717
0.728507
0.733826
0.736493
0.737255
0.737202
0.478597
0.478656
0.481758
0.489073
0.501061
0.517757
0.538503
0.563254
0.59182
0.623715
0.656506
0.684228
0.704748
0.720228
0.732149
0.741192
0.747165
0.750021
0.750767
0.750679
0.418083
0.4193
0.426915
0.44068
0.460397
0.485432
0.514325
0.546754
0.582416
0.620737
0.658973
0.690683
0.713964
0.731506
0.745028
0.755233
0.761815
0.764712
0.765331
0.7652
0.345865
0.347734
0.362258
0.386026
0.41661
0.451429
0.489239
0.529911
0.573255
0.61877
0.663474
0.700304
0.727375
0.747876
0.763652
0.775453
0.782857
0.785969
0.786691
0.786685
0.271316
0.277665
0.299085
0.333009
0.373821
0.418184
0.464885
0.513846
0.564971
0.617834
0.669258
0.711463
0.74249
0.766141
0.784582
0.798225
0.806396
0.809201
0.809763
0.809862
0.210614
0.219146
0.245223
0.286137
0.334824
0.38726
0.441928
0.498627
0.557162
0.617081
0.674899
0.722134
0.756828
0.783267
0.803722
0.818607
0.827156
0.830501
0.831616
0.831788
0.161114
0.17023
0.199805
0.245853
0.300605
0.359536
0.420908
0.484404
0.549671
0.616132
0.67993
0.731813
0.769794
0.798623
0.820788
0.836832
0.846301
0.850367
0.851711
0.851906
0.119457
0.128827
0.160788
0.210742
0.270457
0.334784
0.401841
0.471258
0.54254
0.61498
0.684278
0.740416
0.781321
0.812154
0.835642
0.852556
0.862888
0.867482
0.869027
0.869233
0.0832777
0.0927359
0.126461
0.179593
0.243397
0.312318
0.384335
0.458987
0.535689
0.613592
0.687982
0.748009
0.791494
0.823969
0.848417
0.865992
0.876967
0.882003
0.883712
0.883957
0.0510118
0.0604869
0.0955521
0.151373
0.218607
0.291495
0.367889
0.447244
0.528901
0.611879
0.69103
0.754662
0.800424
0.834264
0.859491
0.877646
0.889034
0.894461
0.89624
0.896493
0.0214774
0.0309772
0.067125
0.125231
0.195423
0.271803
0.352083
0.435706
0.52194
0.609688
0.693368
0.760405
0.808263
0.843301
0.869179
0.887684
0.899328
0.905005
0.906868
0.907124
-0.00610307
0.0034341
0.0405689
0.100589
0.173387
0.252845
0.336611
0.424124
0.514608
0.606878
0.69493
0.765279
0.815169
0.851355
0.877856
0.896684
0.908472
0.914272
0.916115
0.916384
-0.0322349
-0.0226422
0.0153733
0.0770555
0.152158
0.234336
0.321242
0.412314
0.506754
0.603328
0.695652
0.769315
0.82127
0.858652
0.885799
0.904962
0.916911
0.922724
0.924556
0.924694
-0.0573869
-0.0476338
-0.00881557
0.0543331
0.131488
0.216085
0.305824
0.400148
0.498275
0.598945
0.695473
0.772529
0.826674
0.865363
0.893227
0.912727
0.924794
0.930566
0.932336
0.932482
-0.0817775
-0.0717964
-0.0322758
0.0322877
0.111223
0.19796
0.290258
0.387554
0.489093
0.593662
0.694345
0.774924
0.831453
0.871614
0.900301
0.920184
0.932353
0.938066
0.939724
0.939839
-0.105507
-0.0953123
-0.0550261
0.0107856
0.0912731
0.179919
0.274502
0.374493
0.479177
0.587423
0.692211
0.776475
0.835641
0.877493
0.907132
0.92743
0.939648
0.945214
0.94673
0.946779
-0.128725
-0.118223
-0.0772405
-0.0102601
0.0716073
0.161939
0.258555
0.36097
0.468527
0.580216
0.68901
0.777119
0.839225
0.883057
0.913806
0.934526
0.946714
0.952055
0.953359
0.953329
-0.151418
-0.140627
-0.0989242
-0.0308846
0.0522246
0.144039
0.242458
0.347029
0.457169
0.57203
0.68469
0.776762
0.842149
0.888334
0.920419
0.941558
0.953548
0.958502
0.959562
0.959466
-0.17364
-0.162525
-0.120045
-0.0510575
0.0331484
0.126259
0.226261
0.332733
0.445164
0.562893
0.679212
0.77531
0.844304
0.893309
0.927096
0.948685
0.960226
0.964556
0.965301
0.965139
-0.195204
-0.183836
-0.140606
-0.0707427
0.0144319
0.108674
0.210033
0.318159
0.432589
0.552867
0.672562
0.772664
0.845542
0.897891
0.93396
0.956224
0.966999
0.970251
0.970517
0.970296
-0.216256
-0.204526
-0.160586
-0.0899217
-0.00389218
0.0913297
0.193871
0.303392
0.419537
0.542042
0.664758
0.76872
0.845669
0.901874
0.94103
0.964651
0.97453
0.975946
0.975226
0.974897
-0.236627
-0.224569
-0.179952
-0.108545
-0.0217442
0.0743111
0.177858
0.288556
0.406124
0.530492
0.655854
0.763392
0.84447
0.904918
0.948044
0.97435
0.98412
0.983102
0.980046
0.978722
-0.256376
-0.244002
-0.19865
-0.12656
-0.0390856
0.0576884
0.162079
0.273734
0.392467
0.518362
0.645935
0.75661
0.841743
0.90657
0.954277
0.984967
0.997081
0.995203
0.988086
0.978631
-0.275418
-0.262785
-0.216776
-0.144121
-0.056129
0.0411765
0.14619
0.258515
0.378103
0.50513
0.634441
0.747761
0.836909
0.906262
0.958663
0.995175
1.0131
1.01358
1.00352
0.995744
-0.293703
-0.280839
-0.234324
-0.16119
-0.0728686
0.0247741
0.130213
0.242882
0.362992
0.490689
0.621202
0.736503
0.829272
0.903219
0.958843
0.999605
1.02036
1.02607
0.988775
0.935671
-0.310935
-0.297387
-0.251174
-0.177696
-0.0894053
0.00833858
0.114101
0.226955
0.3472
0.47511
0.606169
0.722675
0.817832
0.897041
0.952731
0.987401
1.00902
0.996002
0.93907
0.87503
-0.327445
-0.312968
-0.267168
-0.19297
-0.105353
-0.00764842
0.0976286
0.210794
0.330872
0.458566
0.589367
0.706119
0.801485
0.888796
0.93834
0.989417
0.957215
0.91434
0.84445
0.776459
-0.313548
-0.29559
-0.246453
-0.167807
-0.074804
0.026476
0.137099
0.253153
0.376263
0.507355
0.631843
0.735609
0.822865
0.916017
0.961544
0.881634
0.835068
0.771617
0.698753
0.650602
-0.337947
-0.321738
-0.285949
-0.217121
-0.130008
-0.0330713
0.072378
0.184933
0.304249
0.430702
0.559589
0.674526
0.766876
0.847441
0.920015
0.918734
0.797042
0.713385
0.650537
0.567575
-0.358078
-0.342456
-0.301079
-0.230907
-0.143465
-0.0469079
0.0573524
0.168987
0.287314
0.412313
0.539388
0.652024
0.741313
0.809605
0.836296
0.763788
0.624814
0.529143
0.453968
0.365618
-0.378685
-0.366114
-0.320277
-0.248835
-0.161296
-0.0645072
0.0396858
0.150986
0.268388
0.391832
0.515985
0.623999
0.705499
0.758708
0.736497
0.60784
0.456386
0.338865
0.240972
0.104055
-0.402503
-0.389497
-0.341502
-0.268895
-0.181092
-0.0842957
0.0197652
0.130461
0.246734
0.36825
0.488945
0.591565
0.665082
0.697555
0.639939
0.458273
0.276811
0.122787
-0.0191248
-0.216151
-0.425349
-0.412649
-0.363425
-0.289629
-0.201344
-0.10461
-0.000938632
0.108893
0.223783
0.342999
0.459834
0.556445
0.621477
0.622694
0.514808
0.316704
0.103383
-0.0991151
-0.278681
-0.677936
-0.448274
-0.435909
-0.386149
-0.311466
-0.22279
-0.126046
-0.0227749
0.0861756
0.199568
0.316243
0.428886
0.518839
0.572522
0.541244
0.392011
0.191095
-0.0276533
-0.24172
-0.424034
-0.711145
-0.472142
-0.459912
-0.40991
-0.334664
-0.245717
-0.148956
-0.046045
0.0620466
0.173883
0.287841
0.396047
0.478824
0.518885
0.470524
0.282035
0.0887604
-0.110093
-0.278283
-0.350352
-0.387566
-0.497443
-0.485341
-0.435087
-0.359533
-0.27051
-0.173899
-0.0715055
0.0354956
0.145448
0.256209
0.35933
0.434221
0.459386
0.378579
0.184365
0.00369404
-0.161182
-0.268052
-0.305617
-0.315541
-0.524349
-0.512292
-0.461844
-0.386086
-0.297113
-0.200824
-0.0991648
0.00648186
0.114178
0.221244
0.318584
0.385512
0.386123
0.274295
0.0956411
-0.0714604
-0.21064
-0.266741
-0.279126
-0.284548
-0.553077
-0.541005
-0.490249
-0.414331
-0.325512
-0.229721
-0.129014
-0.0250221
0.0800463
0.182978
0.273865
0.332259
0.307754
0.176879
0.0119105
-0.144967
-0.243887
-0.275122
-0.270592
-0.270564
-0.583357
-0.571471
-0.520268
-0.444222
-0.355655
-0.260528
-0.16102
-0.0589832
0.0430795
0.141421
0.225441
0.273115
0.237825
0.086327
-0.0640033
-0.20291
-0.244326
-0.256457
-0.26115
-0.261508
-0.614989
-0.603037
-0.551671
-0.475576
-0.38739
-0.293117
-0.195064
-0.0952995
0.00335965
0.0967039
0.173522
0.210086
0.171399
0.00906037
-0.13077
-0.229134
-0.275851
-0.2606
-0.256445
-0.255772
-0.647453
-0.635499
-0.584199
-0.508061
-0.420406
-0.327211
-0.230884
-0.133729
-0.0388737
0.049138
0.118528
0.14649
0.088981
-0.0578416
-0.184491
-0.244845
-0.254519
-0.253539
-0.251833
-0.25095
-0.679962
-0.668159
-0.616779
-0.541125
-0.454212
-0.362356
-0.268075
-0.17387
-0.083213
-0.000878191
0.0614492
0.0756362
0.00644368
-0.1141
-0.219658
-0.241691
-0.249029
-0.252041
-0.25099
-0.249509
-0.711381
-0.699992
-0.648797
-0.573909
-0.48808
-0.397896
-0.306006
-0.215097
-0.128987
-0.0527997
0.00376887
0.00252037
-0.0698823
-0.160514
-0.23169
-0.294081
-0.268071
-0.253798
-0.249412
-0.248843
-0.740227
-0.72931
-0.679124
-0.605218
-0.521024
-0.432917
-0.343816
-0.256556
-0.175266
-0.105622
-0.0544172
-0.0660608
-0.153276
-0.194267
-0.227091
-0.245115
-0.25981
-0.262011
-0.261302
-0.262108
-0.764869
-0.75465
-0.705856
-0.63382
-0.551793
-0.466229
-0.380374
-0.297142
-0.220842
-0.157883
-0.113931
-0.133978
-0.252545
-0.26913
-0.161783
-0.240951
-0.314001
-0.351702
-0.357372
-0.35382
-0.783058
-0.773736
-0.72711
-0.657814
-0.578802
-0.496462
-0.414283
-0.33545
-0.264257
-0.207946
-0.174218
-0.203158
-0.381557
-0.511377
-0.443079
-0.45886
-0.52012
-0.553966
-0.539356
-0.520755
-0.792812
-0.784325
-0.740905
-0.675333
-0.600238
-0.521946
-0.44401
-0.369737
-0.303754
-0.253723
-0.23206
-0.270483
-0.508869
-0.947163
-1.33006
-1.0169
-0.6957
-0.567308
-0.540789
-0.536432
-0.79033
-0.783215
-0.745619
-0.68454
-0.614382
-0.540992
-0.46779
-0.398132
-0.337064
-0.292484
-0.279112
-0.309126
-0.492128
-0.807012
-1.11455
-0.839004
-0.587966
-0.484544
-0.460386
-0.453319
-0.773976
-0.769136
-0.73883
-0.684117
-0.619847
-0.552167
-0.484016
-0.418679
-0.361534
-0.320186
-0.3097
-0.293202
-0.173252
0.174937
0.4614
0.176727
-0.186507
-0.327237
-0.346683
-0.349618
-0.744105
-0.740527
-0.718882
-0.673237
-0.616205
-0.554722
-0.491609
-0.429883
-0.37469
-0.334357
-0.319173
-0.27912
-0.0927733
0.303009
0.577956
0.141766
-0.183293
-0.337303
-0.348118
-0.35719
-0.704466
-0.702175
-0.688731
-0.653567
-0.604399
-0.54909
-0.4904
-0.431173
-0.375552
-0.332281
-0.314208
-0.35515
-0.550094
-1.14093
-1.74576
-2.26021
-2.29263
-1.97349
-1.61714
-1.36729
-0.661695
-0.660416
-0.652967
-0.629027
-0.58771
-0.537047
-0.48152
-0.422639
-0.364013
-0.310978
-0.287485
-0.324494
-0.758205
-1.4618
-2.22013
-2.66315
-2.6549
-2.36531
-2.01114
-1.76576
-0.624023
-0.623291
-0.619835
-0.603818
-0.569739
-0.522554
-0.467586
-0.40592
-0.33983
-0.271908
-0.203072
-0.140943
-0.244181
-0.339297
-0.311206
-0.107242
0.245636
0.593476
0.847359
0.981692
-0.594468
-0.593524
-0.59189
-0.584186
-0.556153
-0.510156
-0.452483
-0.385526
-0.308368
-0.220467
-0.108404
0.0246564
0.240183
0.596807
1.09771
1.65642
2.12681
2.44789
2.6256
2.70166
-0.571616
-0.571069
-0.570478
-0.567758
-0.547127
-0.501682
-0.439492
-0.36634
-0.28034
-0.178735
-0.0561138
0.090601
0.269351
0.644325
1.21464
1.80703
2.29794
2.62055
2.78404
2.84135
-0.555747
-0.555437
-0.555273
-0.55476
-0.540927
-0.496208
-0.429786
-0.350479
-0.259961
-0.154395
-0.0366544
0.0958836
0.225354
0.522681
1.03351
1.52899
1.93699
2.19574
2.3231
2.36846
-0.542885
-0.542175
-0.540973
-0.541403
-0.534169
-0.492237
-0.421629
-0.337603
-0.245084
-0.143092
-0.0315893
0.0822633
0.196495
0.380933
0.764147
1.13154
1.42296
1.61189
1.70452
1.73742
-0.540267
-0.53877
-0.538095
-0.540107
-0.533766
-0.48849
-0.411376
-0.323127
-0.230631
-0.133312
-0.0316973
0.0608578
0.148551
0.265655
0.519207
0.772647
0.970076
1.09784
1.16082
1.18283
-0.542444
-0.54191
-0.546765
-0.55024
-0.537801
-0.479871
-0.392595
-0.301387
-0.212241
-0.123323
-0.0370529
0.0324039
0.0921504
0.167956
0.342769
0.508692
0.635394
0.717406
0.755975
0.769491
-0.507358
-0.510209
-0.519457
-0.524306
-0.503995
-0.439096
-0.352464
-0.267448
-0.188231
-0.112825
-0.042604
0.0099464
0.0533642
0.10117
0.219518
0.328671
0.406747
0.455897
0.478233
0.48554
-0.387259
-0.391441
-0.400038
-0.403145
-0.38569
-0.338394
-0.277999
-0.215445
-0.154684
-0.0957611
-0.0412547
-0.00143107
0.0268039
0.0581585
0.139686
0.210406
0.258233
0.286438
0.299205
0.302789
-0.21474
-0.217789
-0.222807
-0.227318
-0.223765
-0.207085
-0.181488
-0.149481
-0.113503
-0.073941
-0.0351735
-0.00643993
0.0136948
0.0354491
0.0888335
0.133045
0.162989
0.180712
0.188822
0.190856
-0.0637575
-0.0654841
-0.0686016
-0.0754583
-0.0847457
-0.0921482
-0.0933442
-0.0867563
-0.0719088
-0.0500292
-0.0241158
-0.00286145
0.0118853
0.0299912
0.0639277
0.0922088
0.110562
0.120851
0.125334
0.126126
0.028041
0.0269918
0.024625
0.0166934
0.00153327
-0.0164736
-0.0307104
-0.0379126
-0.0366563
-0.0270931
-0.0108002
0.00568133
0.019801
0.0348077
0.0567485
0.0733364
0.0837689
0.0902944
0.0928793
0.0929492
0.0680112
0.0673727
0.0654967
0.0584457
0.0440782
0.0256231
0.00828846
-0.00447411
-0.0104017
-0.0085531
0.00135294
0.0153165
0.0302412
0.0437255
0.0554303
0.0641676
0.0707616
0.0749536
0.0765252
0.076151
0.0775957
0.0772005
0.0757915
0.0705126
0.0594269
0.0443431
0.0288274
0.0157756
0.0073407
0.00505824
0.0105077
0.0224252
0.0376768
0.0492834
0.0537293
0.0576324
0.0617501
0.0652143
0.0667347
0.0662715
0.0731241
0.0728772
0.0718707
0.0682885
0.0606505
0.0497478
0.0376219
0.0263181
0.0176625
0.0132483
0.0152985
0.0239381
0.0365001
0.0449501
0.0447776
0.0470267
0.0513374
0.0553264
0.0573678
0.0568465
0.0637927
0.0636245
0.0629216
0.0606357
0.0557233
0.0483264
0.0394953
0.0305217
0.0226005
0.0169181
0.0152161
0.0185029
0.0250402
0.02864
0.0273493
0.0308631
0.036887
0.0418279
0.0441914
0.0436896
0.0540578
0.0539199
0.0534181
0.0520018
0.0489998
0.044211
0.0380536
0.0311634
0.024124
0.0173941
0.0116542
0.00743143
0.00374044
-0.000674351
-0.000457857
0.00717487
0.0156272
0.0214157
0.023949
0.0236973
0.0458554
0.0457207
0.0453359
0.0444345
0.0426261
0.0396233
0.0354307
0.0302462
0.0241327
0.0167589
0.00719694
-0.00529139
-0.0194741
-0.0309446
-0.0263462
-0.0149407
-0.00527053
-9.7117e-06
0.00195581
0.00183644
0.0398017
0.0396707
0.0393714
0.0387578
0.0376532
0.0357754
0.0329569
0.029165
0.0241444
0.0170329
0.00513276
-0.0151609
-0.0402494
-0.0532212
-0.0429753
-0.0285275
-0.0190402
-0.0147558
-0.0138968
-0.0139238
0.0356105
0.0354902
0.0352689
0.0348452
0.0341692
0.0330053
0.031208
0.0286345
0.0250173
0.0192239
0.00829076
-0.0126379
-0.0404665
-0.0521072
-0.0385707
-0.0247765
-0.018097
-0.0163999
-0.0164293
-0.0162389
0.0326061
0.0324976
0.0323432
0.0320257
0.0315473
0.0309697
0.0300581
0.0287487
0.0268687
0.0239953
0.0176162
0.00382538
-0.0157712
-0.0198687
-0.00845243
-0.00068783
0.00106507
0.000875981
0.000535735
0.000527333
0.0300689
0.0299745
0.0299018
0.0297402
0.0295084
0.0291995
0.0290076
0.028948
0.0293405
0.0302044
0.0313437
0.030436
0.0262842
0.0297331
0.0342845
0.0351882
0.0329488
0.0313507
0.0307512
0.0303865
0.0273913
0.0273091
0.0273139
0.0273261
0.0272828
0.0273116
0.0276717
0.0287986
0.0308348
0.0356961
0.0455407
0.0598421
0.0719267
0.0805201
0.0805953
0.0742605
0.0685807
0.0664497
0.0656593
0.0648636
0.0239273
0.0238757
0.023952
0.0241257
0.0242418
0.0246408
0.025321
0.0273052
0.0313427
0.0392102
0.0555935
0.0836839
0.115808
0.131922
0.121113
0.107045
0.09941
0.0972989
0.0962515
0.0949209
0.0190221
0.0189583
0.0190409
0.0193344
0.0198334
0.0203443
0.0214349
0.0232415
0.0277217
0.0367869
0.056211
0.0920354
0.136727
0.15652
0.13731
0.121292
0.114176
0.112772
0.111096
0.109615
0.0127363
0.0126265
0.012663
0.0129236
0.0135163
0.0142253
0.0152238
0.0168784
0.0202413
0.0279186
0.0450461
0.0775087
0.11997
0.13444
0.116229
0.106041
0.106208
0.108818
0.106046
0.103485
0.00205214
0.00190502
0.00164712
0.00140908
0.00136534
0.00159374
0.00193143
0.00260135
0.00390999
0.00553809
0.00935896
0.0179127
0.0243723
0.0313286
0.0281974
0.0280405
0.0198741
0.018692
0.0191795
0.0607194
-1.08941
-0.389553
0.0668483
0.331482
0.523284
0.671257
0.787222
0.882353
0.982204
1.07369
-0.0161605
0.185168
0.368448
0.522649
0.651815
0.757673
0.844254
0.914991
0.958757
0.963214
0.32829
0.447146
0.563263
0.666805
0.756111
0.831526
0.893304
0.940179
0.970376
0.988421
0.545033
0.625612
0.705455
0.778638
0.842591
0.897164
0.942041
0.977212
1.00392
1.02325
0.702934
0.757793
0.817727
0.872271
0.919865
0.96127
0.996374
1.02547
1.04921
1.06639
0.827632
0.868988
0.915665
0.956594
0.994493
1.02828
1.05783
1.08307
1.10412
1.11849
0.93156
0.966392
1.00401
1.03867
1.07128
1.10119
1.12777
1.15055
1.16935
1.18117
1.02559
1.05685
1.09111
1.12397
1.15492
1.18344
1.20871
1.2301
1.24713
1.25672
1.11705
1.1497
1.18517
1.21932
1.25075
1.27914
1.30378
1.32417
1.33968
1.34793
1.21926
1.25683
1.2952
1.33153
1.36365
1.39158
1.41507
1.43411
1.44828
1.45679
1.34633
1.38874
1.42797
1.46387
1.49431
1.52002
1.5416
1.55925
1.57278
1.58296
1.50795
1.54942
1.58314
1.61272
1.63727
1.65881
1.67842
1.69586
1.71061
1.72332
1.69841
1.72922
1.75047
1.76961
1.78768
1.80492
1.82114
1.83697
1.85349
1.87042
1.89629
1.90769
1.91874
1.93284
1.94712
1.95997
1.97134
1.9822
1.9951
2.01199
2.08211
2.09202
2.10066
2.1031
2.10396
2.10822
2.11903
2.13498
2.1526
2.1572
2.38315
2.32775
2.27692
2.23667
2.21428
2.21024
2.22374
2.25754
2.31398
2.38954
0.935534
0.87684
0.834355
0.80049
0.775825
0.758258
0.745727
0.736772
0.730624
0.727091
0.726633
0.729428
0.734815
0.742712
0.753604
0.768636
0.789632
0.818718
0.857474
0.905296
0.737096
0.745848
0.751372
0.752189
0.748694
0.742631
0.736174
0.730667
0.726779
0.725062
0.726164
0.729693
0.734923
0.741363
0.748105
0.753357
0.754971
0.751729
0.744376
0.736707
0.714146
0.716176
0.720778
0.72428
0.726779
0.728189
0.727877
0.726108
0.723873
0.722239
0.722177
0.723925
0.726583
0.72916
0.730606
0.730243
0.728369
0.725555
0.721498
0.717112
0.707268
0.708133
0.710612
0.713316
0.715313
0.716654
0.717611
0.718023
0.717827
0.717503
0.717765
0.718763
0.719788
0.720212
0.719867
0.71899
0.717557
0.715301
0.712651
0.710681
0.701659
0.70212
0.703511
0.705522
0.707446
0.708999
0.710111
0.710964
0.711622
0.712118
0.712648
0.71319
0.713429
0.71327
0.712748
0.711746
0.710209
0.708359
0.706698
0.705677
0.696532
0.696818
0.697731
0.69919
0.700799
0.702378
0.703767
0.70489
0.705841
0.706699
0.707417
0.707842
0.707897
0.707593
0.706869
0.705757
0.704428
0.703081
0.701975
0.701346
0.691637
0.691838
0.692521
0.693683
0.695048
0.696465
0.697898
0.699246
0.70044
0.701509
0.702389
0.702874
0.702906
0.702508
0.701752
0.700796
0.699762
0.698724
0.697915
0.697472
0.686906
0.687057
0.6876
0.688573
0.689783
0.691093
0.692474
0.693895
0.695285
0.696573
0.697642
0.698244
0.698315
0.69797
0.697359
0.696602
0.695779
0.69497
0.694363
0.69403
0.682262
0.682381
0.682825
0.683664
0.684775
0.686023
0.687373
0.688822
0.69034
0.691845
0.693143
0.693921
0.694136
0.693961
0.693541
0.692975
0.69233
0.691711
0.691256
0.690997
0.677623
0.677719
0.678093
0.678843
0.679893
0.681103
0.682456
0.683956
0.685592
0.687309
0.688879
0.689914
0.690367
0.690417
0.690201
0.689825
0.689357
0.688898
0.688562
0.688359
0.672908
0.672986
0.67331
0.674003
0.675022
0.676231
0.677624
0.679213
0.681002
0.682957
0.684852
0.686234
0.686992
0.687302
0.687308
0.687125
0.686834
0.686519
0.68628
0.686117
0.668036
0.6681
0.668389
0.669051
0.670071
0.671327
0.672802
0.674531
0.676538
0.678802
0.681101
0.682904
0.684015
0.684616
0.684865
0.684882
0.684759
0.684576
0.684419
0.684289
0.662933
0.662986
0.663252
0.663907
0.664966
0.666311
0.667917
0.669843
0.672145
0.674814
0.677621
0.67992
0.681439
0.682374
0.682894
0.683126
0.683172
0.683116
0.68303
0.682927
0.657513
0.657555
0.657807
0.658478
0.659608
0.661085
0.662874
0.665063
0.667728
0.6709
0.674331
0.67724
0.679257
0.680587
0.681421
0.68191
0.682136
0.682206
0.682185
0.682104
0.651676
0.65171
0.651955
0.652661
0.6539
0.655555
0.657591
0.66012
0.663251
0.66705
0.67125
0.674903
0.677523
0.679322
0.680517
0.681296
0.681714
0.681916
0.681959
0.681899
0.645314
0.645337
0.645585
0.646345
0.647728
0.649616
0.651974
0.654945
0.658669
0.663243
0.668385
0.672955
0.6763
0.678661
0.680268
0.681352
0.682024
0.682378
0.682489
0.682447
0.638285
0.638311
0.638551
0.639378
0.640945
0.643127
0.645894
0.649426
0.653912
0.659488
0.6658
0.671444
0.675637
0.678663
0.680802
0.682262
0.683203
0.68372
0.6839
0.683875
0.630332
0.630346
0.630637
0.631547
0.633343
0.635876
0.639159
0.643383
0.648785
0.655546
0.663277
0.670281
0.675545
0.679385
0.682153
0.684101
0.68538
0.686088
0.686347
0.686338
0.621212
0.621217
0.621523
0.622569
0.624663
0.627683
0.63163
0.636757
0.643365
0.651661
0.661144
0.669737
0.676224
0.681012
0.684524
0.687054
0.688737
0.689679
0.690023
0.690027
0.610567
0.610567
0.610912
0.612131
0.614594
0.618215
0.623002
0.629267
0.637367
0.647539
0.659154
0.669687
0.677679
0.683633
0.688044
0.691258
0.693442
0.694662
0.695099
0.695111
0.597792
0.597787
0.598195
0.599643
0.602606
0.607033
0.612934
0.620699
0.63073
0.643256
0.657464
0.670286
0.680018
0.687317
0.692802
0.696846
0.69963
0.701166
0.701699
0.701711
0.582049
0.582042
0.58255
0.584356
0.58805
0.593621
0.601067
0.61085
0.623392
0.638869
0.656185
0.671672
0.683404
0.692243
0.698958
0.70393
0.707378
0.709251
0.709874
0.709878
0.562145
0.562137
0.562813
0.5652
0.570004
0.577239
0.586853
0.599372
0.615164
0.634282
0.655298
0.673866
0.687873
0.698447
0.706528
0.712556
0.716733
0.718944
0.719643
0.71963
0.536266
0.536263
0.537245
0.540633
0.547266
0.557052
0.569855
0.586176
0.606208
0.629802
0.655113
0.677115
0.693612
0.70607
0.715627
0.722785
0.727705
0.730225
0.730976
0.730939
0.501384
0.501406
0.503049
0.508382
0.518269
0.53216
0.549728
0.571251
0.596664
0.625586
0.655764
0.681527
0.70068
0.715149
0.726281
0.734658
0.740289
0.74306
0.743819
0.743748
0.451726
0.451988
0.455765
0.465545
0.481526
0.502171
0.526676
0.555063
0.587052
0.622088
0.657573
0.687279
0.709184
0.725716
0.738486
0.748102
0.754397
0.75732
0.758025
0.757901
0.37971
0.382075
0.393086
0.412407
0.438518
0.468549
0.501888
0.538417
0.577855
0.619649
0.660923
0.694974
0.719966
0.738894
0.753598
0.764652
0.771706
0.774878
0.775614
0.775506
0.302771
0.309259
0.328807
0.358316
0.394998
0.434716
0.476999
0.521828
0.569072
0.618274
0.666362
0.70592
0.735008
0.757144
0.77447
0.787605
0.795639
0.799042
0.79978
0.79977
0.237264
0.243953
0.270205
0.308297
0.353837
0.402441
0.453263
0.506187
0.561079
0.617516
0.672181
0.716939
0.749845
0.774964
0.794586
0.80912
0.81763
0.821451
0.822412
0.822448
0.183664
0.190662
0.220826
0.265018
0.317236
0.373073
0.431224
0.491432
0.55342
0.616674
0.677535
0.727144
0.763524
0.791217
0.812647
0.828363
0.837972
0.842271
0.843062
0.843162
0.138977
0.146269
0.178891
0.227619
0.28517
0.346897
0.411203
0.477751
0.546102
0.615618
0.68222
0.736277
0.775765
0.805648
0.828568
0.845304
0.855721
0.860366
0.86135
0.86153
0.100742
0.108189
0.142487
0.194664
0.25667
0.323369
0.392972
0.465074
0.539128
0.614352
0.686239
0.74436
0.786595
0.818297
0.842334
0.859747
0.870693
0.875785
0.877086
0.877334
0.0670358
0.0745743
0.110052
0.165151
0.230828
0.301787
0.376049
0.453109
0.532333
0.612814
0.689616
0.751477
0.79613
0.829317
0.854194
0.872184
0.883595
0.889019
0.890593
0.890864
0.0364727
0.0441007
0.0805328
0.138105
0.206902
0.28158
0.359963
0.441497
0.525484
0.610878
0.692316
0.757666
0.804491
0.838945
0.864523
0.882952
0.894628
0.900304
0.90203
0.902312
0.00820102
0.0159101
0.0532222
0.112777
0.184332
0.26229
0.344352
0.429961
0.518355
0.60839
0.69427
0.762969
0.811843
0.847457
0.873655
0.892372
0.904242
0.910043
0.911882
0.912132
-0.01846
-0.0106414
0.0274707
0.0887291
0.162728
0.243581
0.328951
0.41828
0.510775
0.605221
0.695419
0.767419
0.818331
0.855105
0.881932
0.900966
0.912952
0.918833
0.920712
0.920958
-0.0439326
-0.0359626
0.00290298
0.065625
0.141799
0.225217
0.313569
0.406303
0.502617
0.601262
0.695694
0.771039
0.82407
0.862089
0.889589
0.908944
0.921047
0.926889
0.928711
0.929013
-0.0685412
-0.0604025
-0.0208432
0.0432532
0.121339
0.207035
0.298083
0.393926
0.493791
0.596435
0.695047
0.773845
0.829154
0.868557
0.896821
0.916525
0.928712
0.934531
0.936279
0.936483
-0.0924377
-0.0840496
-0.0439269
0.021494
0.101235
0.188953
0.282421
0.381098
0.484243
0.590677
0.693421
0.775822
0.833635
0.874611
0.90376
0.923862
0.936109
0.941826
0.943461
0.943566
-0.115732
-0.107207
-0.0663314
0.000223361
0.0814268
0.170938
0.266564
0.367802
0.473959
0.583953
0.690761
0.776928
0.837524
0.880326
0.9105
0.931019
0.94326
0.94878
0.95023
0.950251
-0.138511
-0.129796
-0.0882485
-0.0206167
0.0618983
0.152993
0.250536
0.354064
0.462942
0.57625
0.687002
0.77708
0.840787
0.885744
0.917127
0.938067
0.950201
0.9554
0.956616
0.956563
-0.160826
-0.151917
-0.109628
-0.0410233
0.0426577
0.135147
0.234376
0.339932
0.451249
0.567588
0.682106
0.776187
0.843341
0.890876
0.923755
0.945116
0.956934
0.96164
0.962573
0.962446
-0.182605
-0.173486
-0.130453
-0.0609591
0.0237521
0.117447
0.218157
0.32548
0.43895
0.557996
0.676041
0.774152
0.84506
0.895671
0.930512
0.952397
0.963605
0.967489
0.968039
0.967846
-0.203783
-0.194454
-0.150711
-0.0804004
0.00522673
0.0999702
0.201949
0.310799
0.426122
0.547558
0.668807
0.770868
0.845769
0.899986
0.937489
0.960314
0.970636
0.97309
0.972977
0.972721
-0.22437
-0.214818
-0.170379
-0.0993091
-0.0128742
0.0827887
0.185847
0.295986
0.412872
0.536352
0.660448
0.76624
0.845258
0.903551
0.944587
0.969353
0.978997
0.979216
0.977567
0.977134
-0.24429
-0.234521
-0.189415
-0.117639
-0.0304831
0.0659574
0.169932
0.281136
0.399317
0.524492
0.651016
0.760191
0.84332
0.905959
0.951333
0.979629
0.990184
0.988346
0.983736
0.981619
-0.263567
-0.253592
-0.207804
-0.135392
-0.0476264
0.0494567
0.154182
0.266217
0.385427
0.511944
0.640443
0.752507
0.839661
0.906729
0.956831
0.990308
1.00494
1.00442
0.996308
0.979252
-0.28223
-0.272032
-0.225653
-0.152744
-0.0645452
0.0329689
0.13821
0.250755
0.370642
0.498059
0.628047
0.74245
0.833506
0.90514
0.959447
0.998425
1.01897
1.01802
1.01067
0.965105
-0.300547
-0.289456
-0.242886
-0.169554
-0.0811342
0.0165899
0.122197
0.234974
0.355196
0.483057
0.613926
0.729933
0.824121
0.900542
0.956699
0.995667
1.01711
1.01984
0.968194
0.906396
-0.319539
-0.304789
-0.259289
-0.185689
-0.0976485
0.000121714
0.105884
0.218879
0.339078
0.466926
0.59796
0.714733
0.810302
0.89306
0.946586
0.970543
0.988676
0.962291
0.897331
0.831497
-0.338279
-0.339649
-0.279945
-0.198694
-0.111125
-0.0135822
0.0898718
0.203129
0.323016
0.450438
0.580766
0.697165
0.791881
0.88491
0.907054
0.913385
0.912496
0.856717
0.784512
0.71378
-0.313981
-0.312923
-0.255322
-0.174712
-0.0821351
0.0190452
0.127346
0.243185
0.365919
0.496451
0.620159
0.72328
0.807597
0.898694
0.920811
0.827275
0.747201
0.68326
0.611448
0.467006
-0.355208
-0.328916
-0.268608
-0.187399
-0.0949078
0.00599315
0.113709
0.228924
0.350702
0.479652
0.600712
0.700635
0.776986
0.836486
0.810651
0.688614
0.571976
0.491864
0.408444
0.244282
-0.379896
-0.348839
-0.287492
-0.206695
-0.114174
-0.0135442
0.0943215
0.208743
0.329185
0.455863
0.573496
0.66833
0.736502
0.762237
0.688916
0.529498
0.392681
0.290986
0.176633
-0.0599139
-0.404018
-0.370585
-0.307958
-0.226484
-0.133895
-0.0333918
0.074109
0.187583
0.306466
0.430489
0.543834
0.632443
0.688393
0.681364
0.55116
0.366509
0.19594
0.053641
-0.105923
-0.4937
-0.4272
-0.392868
-0.329168
-0.246846
-0.154097
-0.053779
0.0530816
0.165494
0.282624
0.403651
0.512011
0.593777
0.632705
0.595612
0.417389
0.211464
-0.0016582
-0.184319
-0.434501
-1.0072
-0.450179
-0.415774
-0.351352
-0.268428
-0.175476
-0.0753604
0.030873
0.142142
0.257324
0.375046
0.478029
0.551842
0.573371
0.489942
0.295019
0.0814226
-0.136503
-0.33986
-0.509877
-1.14365
-0.474101
-0.439608
-0.374767
-0.291466
-0.198358
-0.098409
0.00723142
0.117334
0.230443
0.344624
0.442048
0.506612
0.505791
0.378631
0.190309
-0.0131316
-0.200738
-0.329645
-0.360728
-0.408774
-0.499386
-0.464826
-0.39973
-0.316271
-0.223182
-0.123555
-0.0186809
0.0899774
0.200621
0.310636
0.402031
0.45496
0.431844
0.276358
0.0960595
-0.0820443
-0.226546
-0.287677
-0.311131
-0.316893
-0.5264
-0.491626
-0.426331
-0.342826
-0.249912
-0.150784
-0.0469352
0.0599627
0.167743
0.272995
0.357772
0.39679
0.359319
0.180596
0.0101651
-0.145578
-0.255192
-0.283489
-0.284023
-0.284306
-0.555211
-0.520121
-0.454607
-0.371104
-0.278503
-0.180087
-0.0775165
0.0272986
0.131781
0.231763
0.308954
0.3362
0.270847
0.0926709
-0.0694444
-0.206827
-0.253765
-0.268901
-0.270512
-0.270229
-0.585716
-0.550236
-0.484512
-0.40108
-0.308923
-0.211417
-0.110389
-0.00800232
0.0927585
0.187026
0.255952
0.270927
0.174033
0.0113077
-0.138075
-0.24624
-0.262288
-0.260792
-0.261531
-0.261239
-0.61743
-0.58186
-0.515849
-0.432568
-0.341017
-0.244646
-0.145449
-0.0458552
0.0507841
0.138944
0.199611
0.197309
0.0900174
-0.0611344
-0.193219
-0.234073
-0.255512
-0.256362
-0.255964
-0.255625
-0.650005
-0.61406
-0.548239
-0.465255
-0.3745
-0.279514
-0.18245
-0.0860161
0.00610396
0.0879455
0.139937
0.125447
0.0119838
-0.121355
-0.23069
-0.269204
-0.257662
-0.252741
-0.251273
-0.250632
-0.6825
-0.646621
-0.581131
-0.498615
-0.408894
-0.315582
-0.220982
-0.128077
-0.0408927
0.0346139
0.0766459
0.0566702
-0.0592349
-0.166671
-0.254987
-0.250015
-0.251433
-0.251713
-0.250174
-0.248935
-0.713909
-0.678601
-0.613384
-0.531874
-0.443515
-0.352219
-0.260429
-0.171388
-0.0895428
-0.0205441
0.0145345
-0.0142209
-0.12146
-0.199674
-0.2435
-0.26318
-0.256618
-0.25075
-0.249049
-0.248452
-0.742722
-0.708334
-0.644192
-0.56397
-0.477414
-0.388528
-0.299946
-0.215075
-0.138839
-0.0769386
-0.0430617
-0.0989092
-0.184018
-0.208647
-0.220609
-0.254137
-0.261959
-0.2614
-0.261698
-0.261482
-0.767238
-0.734309
-0.671785
-0.593634
-0.509389
-0.423359
-0.338406
-0.257994
-0.187475
-0.133506
-0.100505
-0.190268
-0.280929
-0.226484
-0.220132
-0.285117
-0.336612
-0.357262
-0.355668
-0.351819
-0.785285
-0.754469
-0.694273
-0.619143
-0.537952
-0.455362
-0.374403
-0.298739
-0.23393
-0.188456
-0.161679
-0.285805
-0.461026
-0.502777
-0.433662
-0.490709
-0.542769
-0.55144
-0.527771
-0.518332
-0.794632
-0.766447
-0.709886
-0.638613
-0.561383
-0.482935
-0.40635
-0.335556
-0.276333
-0.238742
-0.222669
-0.375189
-0.692206
-1.19756
-1.23109
-0.829304
-0.608739
-0.548494
-0.537596
-0.536806
-0.792808
-0.768445
-0.716778
-0.650279
-0.57799
-0.504363
-0.432422
-0.366351
-0.312232
-0.280315
-0.274045
-0.396122
-0.619706
-0.988051
-1.03596
-0.682233
-0.525241
-0.467597
-0.456023
-0.451697
-0.776134
-0.757739
-0.713449
-0.652779
-0.586387
-0.518127
-0.4509
-0.388867
-0.338369
-0.309791
-0.302491
-0.26743
-0.0193883
0.37845
0.334531
-0.013936
-0.289289
-0.341006
-0.349012
-0.34872
-0.745916
-0.732916
-0.698236
-0.645653
-0.585914
-0.523342
-0.460494
-0.40118
-0.352264
-0.323053
-0.312827
-0.20461
0.073382
0.567105
0.380223
-0.0399302
-0.28872
-0.350348
-0.3423
-0.362426
-0.706
-0.69759
-0.673686
-0.630101
-0.577277
-0.52014
-0.460768
-0.402725
-0.351794
-0.319576
-0.320895
-0.415851
-0.791039
-1.46177
-2.02118
-2.34972
-2.14819
-1.79316
-1.46925
-1.3485
-0.662907
-0.658183
-0.643391
-0.609969
-0.563244
-0.509998
-0.452415
-0.393099
-0.336531
-0.293419
-0.288892
-0.494987
-1.07758
-1.87567
-2.48755
-2.71699
-2.52554
-2.19118
-1.83773
-1.7434
-0.624809
-0.622402
-0.613965
-0.588758
-0.547529
-0.495976
-0.437607
-0.373491
-0.306159
-0.234483
-0.176095
-0.176159
-0.310339
-0.340885
-0.235718
0.0574196
0.429102
0.735559
0.93002
1.01233
-0.594005
-0.5929
-0.589857
-0.572781
-0.535038
-0.482313
-0.420378
-0.348168
-0.266053
-0.167926
-0.043358
0.128261
0.398141
0.827743
1.38145
1.90718
2.30771
2.55244
2.67405
2.71499
-0.571384
-0.57071
-0.570071
-0.560544
-0.526949
-0.472282
-0.404422
-0.32529
-0.231692
-0.120083
0.0171715
0.161913
0.421802
0.911901
1.51771
2.06975
2.48237
2.71937
2.82299
2.84946
-0.555616
-0.555302
-0.555438
-0.5511
-0.522004
-0.465097
-0.391591
-0.306885
-0.209332
-0.0954641
0.0276267
0.161604
0.334803
0.768026
1.28826
1.74831
2.08635
2.27285
2.35362
2.3748
-0.542651
-0.541558
-0.540918
-0.540762
-0.517878
-0.459366
-0.380902
-0.292393
-0.195742
-0.0866816
0.0242717
0.140008
0.260183
0.560629
0.956435
1.28726
1.53204
1.66807
1.72664
1.74132
-0.539571
-0.538154
-0.538767
-0.540085
-0.516729
-0.452256
-0.368101
-0.277353
-0.183064
-0.0811995
0.015507
0.104566
0.187985
0.38271
0.65118
0.87886
1.04387
1.13589
1.17603
1.18421
-0.541593
-0.543733
-0.549082
-0.547992
-0.51499
-0.437724
-0.347028
-0.256705
-0.168215
-0.0781742
-0.000441152
0.0630176
0.116146
0.250448
0.429575
0.576957
0.683258
0.740925
0.765144
0.77027
-0.507992
-0.514316
-0.523537
-0.518801
-0.476896
-0.39634
-0.309481
-0.227335
-0.150517
-0.0758304
-0.013401
0.0313952
0.069964
0.157668
0.276882
0.37155
0.43578
0.469615
0.483243
0.485219
-0.388584
-0.395635
-0.40298
-0.397924
-0.365151
-0.308849
-0.246839
-0.184849
-0.12542
-0.0666179
-0.0191727
0.0115178
0.0380458
0.0997628
0.176162
0.237001
0.274825
0.294388
0.301853
0.302193
-0.216125
-0.220093
-0.225497
-0.226891
-0.216946
-0.195277
-0.166057
-0.132044
-0.0941707
-0.0533279
-0.0201954
0.00130574
0.0213923
0.0634156
0.112548
0.149677
0.173369
0.185705
0.190413
0.190177
-0.0647452
-0.0666556
-0.0715187
-0.0801399
-0.0888207
-0.0936683
-0.0909797
-0.0803997
-0.0617635
-0.0367242
-0.0130114
0.0044693
0.0182569
0.0473461
0.0792197
0.102515
0.116664
0.123688
0.126097
0.125414
0.0273488
0.0262705
0.0215187
0.00992455
-0.00759707
-0.0242366
-0.03524
-0.0383615
-0.0328353
-0.0192593
-0.00253393
0.012526
0.0256578
0.0462619
0.066
0.0791558
0.087534
0.0920232
0.0931737
0.092164
0.0675974
0.0668346
0.0628057
0.0521281
0.0350024
0.0166225
0.00125028
-0.00836433
-0.0104555
-0.00432789
0.00787775
0.0224509
0.0369837
0.0496093
0.0599132
0.0678432
0.0732337
0.0760241
0.0765416
0.0753633
0.0773642
0.076789
0.0737911
0.065689
0.0521575
0.0364735
0.0219249
0.0109041
0.00534914
0.00690999
0.0155025
0.0297219
0.0445033
0.0518093
0.0554174
0.0596905
0.0637138
0.0662368
0.0667399
0.0654873
0.0730015
0.0725694
0.0705118
0.0649915
0.0554829
0.0437195
0.0317863
0.0216031
0.0148228
0.0134097
0.0188357
0.0299202
0.0421227
0.0447782
0.0455974
0.0490571
0.0535066
0.0566564
0.0574064
0.0560755
0.0637242
0.0633953
0.0620469
0.0585351
0.0522747
0.0440195
0.0349596
0.0263961
0.019417
0.0154412
0.0160916
0.0216022
0.0279998
0.0273289
0.0282621
0.0337957
0.0396842
0.0433629
0.0442782
0.0429181
0.0540083
0.0537425
0.0528644
0.0507285
0.04681
0.0412746
0.0346581
0.0276538
0.0206954
0.0143395
0.00920953
0.00581711
0.00217044
-0.0012625
0.00296082
0.0115969
0.0189599
0.02301
0.0241163
0.02305
0.0458056
0.0455738
0.0449686
0.0436673
0.0412772
0.0376724
0.0329463
0.0272803
0.0207021
0.0122401
0.000996175
-0.0129277
-0.0278653
-0.0303616
-0.0207012
-0.00965592
-0.00205577
0.001366
0.00207708
0.00131773
0.0397482
0.0395511
0.039112
0.0382885
0.0368271
0.0344791
0.0311828
0.0268298
0.0210314
0.0117324
-0.00401381
-0.0275858
-0.0499088
-0.0498305
-0.0353463
-0.0230107
-0.0164007
-0.0141226
-0.0138268
-0.0142944
0.0355556
0.0353995
0.035086
0.034536
0.0336667
0.0321859
0.0300378
0.0270069
0.0225741
0.0146364
-0.00101452
-0.0265592
-0.0503528
-0.0464422
-0.0309639
-0.020586
-0.0168099
-0.0164196
-0.0163018
-0.0164117
0.032551
0.0324329
0.0322105
0.0318145
0.0312628
0.0305637
0.0294649
0.0279171
0.0255885
0.0214676
0.0118215
-0.00613697
-0.0213973
-0.0142343
-0.00369442
0.000572938
0.00110527
0.000629635
0.000554822
0.000403355
0.0300147
0.0299404
0.029841
0.0296277
0.029379
0.0291166
0.0289304
0.0290447
0.0296998
0.0308231
0.0314049
0.0283859
0.0263726
0.0326777
0.035337
0.0341173
0.0320591
0.0309604
0.0305847
0.0302547
0.0273372
0.0273039
0.0273283
0.0272928
0.0273053
0.0273579
0.028205
0.0296652
0.0328174
0.0400155
0.0524227
0.0667291
0.0772915
0.0824536
0.0779438
0.0708183
0.0671729
0.0660781
0.0652021
0.0647203
0.0238836
0.0239005
0.0240292
0.0242176
0.0242972
0.0249444
0.0260495
0.0290009
0.0345459
0.0460165
0.0683583
0.100241
0.127824
0.127848
0.113502
0.102015
0.0980497
0.096835
0.0954536
0.094658
0.0189737
0.018979
0.0191617
0.0195623
0.0201002
0.020813
0.0220861
0.0250227
0.0314884
0.0450332
0.0721526
0.114392
0.150927
0.148092
0.127881
0.116895
0.113418
0.112049
0.110193
0.109289
0.0126689
0.0126205
0.0127525
0.013198
0.0138433
0.0145662
0.0158996
0.0181614
0.0233711
0.0350994
0.059254
0.0986778
0.132395
0.124791
0.10963
0.10459
0.107671
0.107768
0.104502
0.102732
0.00554563
0.00542042
0.00540865
0.00558769
0.00583623
0.00622168
0.00667323
0.00772713
0.00970619
0.0143825
0.0231493
0.0395143
0.0637341
0.0739611
0.0622136
0.0571375
0.0593909
0.0634809
0.0634353
0.0595743
-0.688986
-0.114737
0.210901
0.431678
0.601111
0.731702
0.837426
0.928578
1.03891
1.0355
0.131108
0.283367
0.448869
0.590493
0.707546
0.803014
0.881753
0.941568
0.966146
0.970285
0.404498
0.506624
0.616899
0.71324
0.795522
0.86414
0.918789
0.957194
0.981168
0.99814
0.596719
0.666958
0.743288
0.811789
0.871069
0.92083
0.960809
0.991441
1.01542
1.03403
0.740355
0.792851
0.846175
0.89685
0.941352
0.979595
1.01165
1.03792
1.05981
1.07812
0.856162
0.894267
0.936356
0.976048
1.01191
1.04358
1.07101
1.09404
1.11329
1.13106
0.954924
0.985628
1.0216
1.05527
1.08662
1.11492
1.13967
1.16041
1.17719
1.19455
1.04522
1.07398
1.10777
1.1397
1.16954
1.19652
1.21993
1.23915
1.25365
1.27078
1.1361
1.16726
1.20257
1.23538
1.26537
1.29196
1.31454
1.33255
1.34517
1.36243
1.23999
1.27584
1.31387
1.3481
1.37816
1.40389
1.42516
1.4418
1.4534
1.47124
1.36929
1.40839
1.44661
1.47973
1.50771
1.5313
1.55094
1.56645
1.57829
1.59654
1.53052
1.56656
1.59868
1.62549
1.64833
1.66884
1.68747
1.70351
1.71722
1.7351
1.71527
1.74034
1.76022
1.77875
1.79642
1.81317
1.82905
1.84505
1.86218
1.88132
1.90198
1.91284
1.92556
1.94012
1.95375
1.96583
1.97674
1.9881
2.0035
2.02294
2.0839
2.09734
2.1024
2.10341
2.10538
2.11275
2.12647
2.14407
2.15782
2.16916
2.35278
2.3022
2.25473
2.22315
2.2101
2.21466
2.2379
2.28296
2.34966
2.44378
0.792159
0.789147
0.783084
0.77215
0.759649
0.748324
0.739242
0.732452
0.72794
0.725982
0.727145
0.731074
0.73719
0.745441
0.755918
0.768221
0.780562
0.789266
0.793776
0.795937
0.720474
0.727122
0.732365
0.735973
0.737074
0.735424
0.731947
0.72812
0.725088
0.723713
0.724724
0.727699
0.73174
0.73593
0.738934
0.739446
0.737114
0.732725
0.726429
0.720602
0.710393
0.713352
0.716709
0.719189
0.720936
0.722101
0.722301
0.721517
0.720402
0.719878
0.720663
0.722337
0.723954
0.724702
0.724258
0.722984
0.721069
0.718188
0.714846
0.712557
0.704379
0.705801
0.708006
0.710268
0.711976
0.71315
0.714009
0.714551
0.714764
0.714998
0.715606
0.716293
0.716578
0.716332
0.715675
0.71451
0.712681
0.710443
0.708685
0.7076
0.699061
0.699877
0.701334
0.703097
0.704822
0.706274
0.707378
0.708271
0.70904
0.709719
0.710285
0.710569
0.710501
0.710084
0.709225
0.707914
0.70637
0.704833
0.703805
0.703139
0.694063
0.694615
0.695692
0.697094
0.698589
0.700069
0.701425
0.70258
0.703595
0.704507
0.705146
0.705381
0.705223
0.704649
0.703715
0.702589
0.701393
0.700293
0.699592
0.699126
0.689258
0.689671
0.690531
0.69173
0.693043
0.694426
0.695838
0.697196
0.698436
0.699543
0.70032
0.700603
0.700416
0.699852
0.699061
0.698163
0.697227
0.696392
0.695874
0.69552
0.684581
0.684906
0.685615
0.686665
0.687883
0.689198
0.690597
0.692054
0.693495
0.694828
0.695783
0.696171
0.696079
0.695669
0.69507
0.69436
0.693624
0.692993
0.692601
0.69232
0.679951
0.680213
0.680817
0.681769
0.682926
0.684207
0.685615
0.687143
0.688748
0.690327
0.691517
0.692102
0.692211
0.692003
0.691595
0.691071
0.690513
0.69004
0.689742
0.689512
0.675285
0.675503
0.676033
0.676925
0.678046
0.679325
0.680776
0.682401
0.684176
0.68602
0.687518
0.688395
0.688764
0.688783
0.688575
0.688243
0.687846
0.687508
0.687283
0.687091
0.670501
0.670685
0.671166
0.672029
0.673151
0.674472
0.676008
0.67778
0.679784
0.68195
0.683832
0.685062
0.685732
0.686003
0.686009
0.685854
0.685617
0.685395
0.68523
0.685065
0.665522
0.665681
0.666132
0.666998
0.668165
0.669571
0.671239
0.673218
0.675522
0.678096
0.680449
0.682102
0.683114
0.683668
0.683908
0.683936
0.683853
0.683735
0.683619
0.683475
0.660271
0.660409
0.66085
0.661747
0.662997
0.664532
0.666391
0.66865
0.671347
0.674451
0.677372
0.679516
0.680928
0.681804
0.682304
0.682533
0.682604
0.682582
0.682509
0.682381
0.654656
0.654779
0.655224
0.656179
0.657549
0.659261
0.66137
0.663977
0.667148
0.67089
0.674518
0.677281
0.679189
0.680447
0.681245
0.6817
0.681938
0.682013
0.681978
0.681861
0.64857
0.64868
0.64914
0.65018
0.651719
0.653673
0.656118
0.659178
0.66296
0.6675
0.671988
0.675487
0.677978
0.679679
0.680804
0.68153
0.681952
0.682124
0.682128
0.682021
0.641906
0.641988
0.642477
0.643634
0.645388
0.647648
0.650515
0.654158
0.658716
0.664244
0.669784
0.674177
0.677356
0.679597
0.681112
0.682144
0.682776
0.683056
0.683096
0.682995
0.634431
0.634538
0.635065
0.636361
0.638369
0.641012
0.644421
0.648786
0.654304
0.661063
0.667879
0.67334
0.677363
0.680251
0.682267
0.683672
0.684543
0.68494
0.685019
0.68492
0.625916
0.626011
0.626616
0.628095
0.630444
0.633583
0.637668
0.642943
0.649646
0.657897
0.666291
0.673072
0.678094
0.681756
0.684397
0.686258
0.687416
0.687952
0.688072
0.687973
0.616078
0.616179
0.616882
0.618601
0.621376
0.625154
0.630115
0.636572
0.64481
0.654944
0.665211
0.673519
0.679732
0.684311
0.687674
0.690072
0.691589
0.692285
0.692444
0.692338
0.604428
0.604547
0.605388
0.607418
0.610732
0.615318
0.621395
0.629331
0.639447
0.65186
0.664432
0.674614
0.682262
0.687959
0.692192
0.695263
0.697208
0.698088
0.698282
0.698164
0.590246
0.590405
0.591461
0.593929
0.597996
0.603707
0.611306
0.621222
0.633783
0.649029
0.664305
0.67661
0.68589
0.69286
0.698113
0.701948
0.704375
0.70545
0.705673
0.705533
0.572538
0.572776
0.574174
0.577299
0.58246
0.589751
0.599427
0.611939
0.627567
0.646251
0.664727
0.679516
0.690663
0.699099
0.705498
0.710193
0.71314
0.714409
0.714649
0.714481
0.549832
0.550223
0.552176
0.556349
0.563187
0.572806
0.585415
0.601418
0.620956
0.64378
0.665939
0.6835
0.696711
0.706746
0.714406
0.720041
0.723512
0.724955
0.7252
0.725001
0.519789
0.52049
0.523433
0.529447
0.539047
0.552225
0.569037
0.589692
0.614105
0.641805
0.668111
0.688697
0.704144
0.715908
0.724891
0.731513
0.735471
0.737049
0.737282
0.737051
0.478323
0.479768
0.484852
0.494464
0.508876
0.527603
0.550356
0.577043
0.607346
0.640605
0.671426
0.695227
0.713002
0.726572
0.737015
0.744596
0.74895
0.75058
0.750774
0.750516
0.417825
0.42235
0.433063
0.44977
0.472366
0.499382
0.530064
0.564153
0.601225
0.640551
0.676097
0.70317
0.723317
0.738692
0.750535
0.75903
0.763673
0.765205
0.765306
0.765041
0.345475
0.353616
0.373203
0.400521
0.433573
0.469904
0.509145
0.551189
0.595688
0.641997
0.683378
0.714815
0.738297
0.756278
0.770027
0.779779
0.784862
0.786512
0.786721
0.786623
0.27276
0.28636
0.31501
0.352692
0.395602
0.441169
0.488982
0.539054
0.591109
0.644594
0.692074
0.728086
0.755054
0.775926
0.792051
0.803077
0.808355
0.809578
0.809845
0.809866
0.212593
0.23001
0.264379
0.309731
0.360609
0.414234
0.469911
0.527562
0.586854
0.647214
0.700449
0.740721
0.77088
0.794167
0.811887
0.823791
0.829197
0.831289
0.831743
0.831831
0.163156
0.182581
0.221326
0.27241
0.32959
0.389825
0.452274
0.516706
0.582647
0.64942
0.70802
0.752177
0.785135
0.810448
0.829606
0.842432
0.848787
0.851314
0.851856
0.851965
0.121471
0.142073
0.184102
0.2397
0.302091
0.367867
0.436135
0.50655
0.578506
0.651168
0.714701
0.762376
0.797762
0.824719
0.844949
0.858582
0.86572
0.868547
0.869171
0.869291
0.0852446
0.106595
0.151245
0.210519
0.277266
0.347831
0.421206
0.496963
0.574378
0.652465
0.720551
0.771393
0.808863
0.837078
0.858081
0.872331
0.880077
0.883164
0.883891
0.884005
0.0529304
0.0748015
0.121543
0.183937
0.254397
0.329142
0.407066
0.487662
0.570112
0.653262
0.7256
0.779323
0.818568
0.847818
0.869445
0.884169
0.892381
0.895677
0.896438
0.896522
0.0233983
0.0456431
0.0941106
0.159187
0.232904
0.311337
0.393342
0.478372
0.565512
0.653456
0.729836
0.786254
0.827096
0.857234
0.879312
0.894346
0.902846
0.90626
0.907082
0.90713
-0.00422281
0.0184233
0.0684524
0.135761
0.212354
0.294062
0.379761
0.468865
0.560406
0.652939
0.733246
0.79228
0.834663
0.865646
0.888181
0.903439
0.912034
0.915541
0.916341
0.916362
-0.0304023
-0.00731778
0.0440095
0.113322
0.192431
0.277066
0.366114
0.458978
0.554662
0.651614
0.735807
0.797483
0.841453
0.873316
0.896317
0.91182
0.920482
0.924001
0.92471
0.924639
-0.0555354
-0.0319321
0.0204158
0.0915824
0.172922
0.260172
0.352266
0.448597
0.548172
0.649408
0.737494
0.801922
0.847604
0.880446
0.903952
0.919669
0.928356
0.931799
0.932506
0.932399
-0.0798732
-0.0558167
-0.00242779
0.0703814
0.153678
0.243277
0.338126
0.437647
0.540869
0.646244
0.738283
0.805643
0.853217
0.887176
0.911263
0.927203
0.9359
0.939245
0.939868
0.939735
-0.103588
-0.079009
-0.0246069
0.0496119
0.134633
0.226325
0.323658
0.426095
0.532719
0.642076
0.738123
0.808641
0.858359
0.893611
0.91836
0.934509
0.943134
0.946312
0.94683
0.946658
-0.126747
-0.101621
-0.0462575
0.0292202
0.115769
0.209315
0.308873
0.413944
0.523701
0.636859
0.736944
0.810872
0.863052
0.89983
0.925319
0.941631
0.950102
0.953032
0.953405
0.953195
-0.149341
-0.12373
-0.0674319
0.00918963
0.0970913
0.192269
0.293803
0.401232
0.513833
0.630568
0.734667
0.812255
0.867281
0.905904
0.932245
0.948617
0.956743
0.959327
0.959562
0.959323
-0.171448
-0.145292
-0.0880933
-0.0104536
0.0786348
0.175239
0.278509
0.388016
0.503173
0.623198
0.731228
0.812681
0.870967
0.91189
0.939304
0.955592
0.963093
0.965175
0.965251
0.964995
-0.192957
-0.16627
-0.108222
-0.0296768
0.0604491
0.158299
0.26307
0.374383
0.491785
0.614774
0.726562
0.812012
0.873969
0.917786
0.946735
0.962873
0.969288
0.970546
0.970413
0.970164
-0.213888
-0.186628
-0.127809
-0.0484313
0.0426019
0.141518
0.247579
0.360436
0.479754
0.605362
0.720625
0.810096
0.876072
0.923459
0.954777
0.971099
0.975889
0.975592
0.975002
0.974806
-0.234149
-0.206366
-0.146801
-0.0666728
0.0251471
0.124979
0.232117
0.346258
0.467198
0.595048
0.713402
0.806781
0.876996
0.928555
0.963401
0.981146
0.98445
0.981402
0.979164
0.978695
-0.253802
-0.225448
-0.165154
-0.0843463
0.00815986
0.108765
0.216805
0.331988
0.454249
0.583936
0.704923
0.80193
0.876424
0.932454
0.97193
0.993321
0.997404
0.992053
0.983926
0.966555
-0.272783
-0.243872
-0.183005
-0.101656
-0.00865935
0.0925381
0.20122
0.317155
0.440378
0.571483
0.694611
0.794902
0.873872
0.934401
0.979054
1.0065
1.01508
1.01026
0.994253
1.0072
-0.291213
-0.261613
-0.200296
-0.118559
-0.025247
0.0763598
0.185369
0.301789
0.425583
0.557595
0.682291
0.785109
0.868675
0.933133
0.980845
1.01243
1.02586
1.01867
0.957163
0.939541
-0.309694
-0.27923
-0.216773
-0.134681
-0.041089
0.0606807
0.16946
0.286153
0.410155
0.542488
0.668004
0.772197
0.860079
0.927941
0.971986
1.00225
1.0072
0.972645
0.903589
0.861743
-0.328913
-0.297665
-0.232038
-0.149659
-0.0558049
0.0456464
0.153869
0.270421
0.394184
0.526189
0.651641
0.756071
0.846095
0.918618
0.968881
0.961847
0.940631
0.879967
0.80783
0.763734
0.0830702
0.196158
0.315838
0.44289
0.572367
0.687736
0.78077
0.635032
-0.349658
-0.330976
-0.293031
-0.223817
-0.136569
-0.0399699
0.0647544
0.176735
0.295546
0.421291
0.549436
0.663632
0.75513
0.830221
0.88245
0.847361
0.707199
0.620423
0.552119
-0.367258
-0.354239
-0.310202
-0.239351
-0.151842
-0.0551554
0.0490025
0.160455
0.278334
0.402583
0.528289
0.638798
0.724536
0.786106
0.785043
0.684687
0.541899
0.436615
0.347821
-0.390458
-0.377751
-0.330719
-0.258762
-0.171134
-0.0743293
0.0298478
0.140904
0.257776
0.380311
0.502785
0.608182
0.685685
0.72905
0.690676
0.532735
0.367422
0.233511
0.115969
-0.413884
-0.400993
-0.352317
-0.279144
-0.19111
-0.0943524
0.00953032
0.119815
0.235411
0.355818
0.474641
0.574358
0.64412
0.662491
0.578939
0.386129
0.18817
0.00758382
-0.163607
-0.43653
-0.424098
-0.374593
-0.300366
-0.211895
-0.115156
-0.0117029
0.0976771
0.211827
0.329784
0.444541
0.537885
0.597763
0.580654
0.451815
0.250718
0.0309499
-0.179287
-0.370423
-0.459745
-0.447584
-0.397766
-0.322834
-0.234014
-0.13724
-0.0341413
0.074398
0.187053
0.302434
0.412949
0.49946
0.546487
0.50545
0.335768
0.137995
-0.0744234
-0.274658
-0.397981
-0.435482
-0.484293
-0.472272
-0.422185
-0.34686
-0.257881
-0.16117
-0.0584967
0.049085
0.160021
0.272447
0.378212
0.457179
0.489935
0.428229
0.231767
0.043484
-0.13737
-0.27353
-0.319234
-0.343705
-0.510268
-0.498396
-0.448115
-0.372565
-0.283577
-0.187116
-0.0850498
0.0213068
0.130176
0.239154
0.339483
0.410574
0.425058
0.325652
0.139378
-0.0342782
-0.186299
-0.271309
-0.290614
-0.296466
-0.538008
-0.526175
-0.475668
-0.399955
-0.311079
-0.215025
-0.113807
-0.00895782
0.0974763
0.202539
0.296727
0.359814
0.345982
0.225018
0.0531011
-0.110173
-0.229949
-0.273734
-0.274897
-0.276337
-0.567433
-0.555712
-0.504871
-0.429021
-0.340363
-0.244881
-0.144746
-0.0416898
0.0619243
0.162628
0.250125
0.303791
0.27148
0.13021
-0.0274019
-0.179237
-0.247647
-0.264788
-0.26549
-0.265343
-0.598362
-0.586614
-0.535601
-0.459663
-0.371322
-0.276606
-0.177788
-0.076843
0.0235604
0.119461
0.199923
0.242004
0.20615
0.0462915
-0.100101
-0.217402
-0.262612
-0.258186
-0.258535
-0.258408
-0.630304
-0.618456
-0.56762
-0.491614
-0.403745
-0.309993
-0.21276
-0.114255
-0.0174459
0.0732756
0.14644
0.178948
0.13179
-0.0255679
-0.160474
-0.244132
-0.258755
-0.254821
-0.253408
-0.252664
-0.662702
-0.65084
-0.600236
-0.52446
-0.437228
-0.344676
-0.249328
-0.153602
-0.0607966
0.0244256
0.0902544
0.112231
0.0468418
-0.0872288
-0.208354
-0.234151
-0.249645
-0.252466
-0.25056
-0.24921
-0.694516
-0.682856
-0.63262
-0.557473
-0.471171
-0.380116
-0.286978
-0.194375
-0.10595
-0.0266383
0.0327645
0.0389217
-0.0314039
-0.139302
-0.22812
-0.272235
-0.258816
-0.253679
-0.250556
-0.249318
-0.724221
-0.713222
-0.663917
-0.58964
-0.504711
-0.415527
-0.324969
-0.235837
-0.152106
-0.0791609
-0.0250277
-0.0324172
-0.10949
-0.178726
-0.239796
-0.28238
-0.265528
-0.253624
-0.249636
-0.249894
-0.75083
-0.740163
-0.692733
-0.619752
-0.536734
-0.449853
-0.362307
-0.277013
-0.1982
-0.131871
-0.0838031
-0.0999867
-0.19985
-0.221934
-0.196557
-0.231817
-0.273347
-0.289642
-0.292968
-0.293563
-0.771836
-0.761868
-0.716752
-0.646361
-0.565833
-0.48182
-0.397722
-0.316651
-0.242899
-0.183267
-0.143959
-0.168335
-0.312277
-0.362097
-0.207848
-0.297389
-0.395255
-0.448566
-0.45061
-0.437278
-0.785346
-0.776407
-0.734365
-0.667388
-0.590288
-0.509887
-0.429745
-0.353175
-0.284595
-0.23149
-0.203687
-0.236389
-0.453898
-0.74475
-0.855886
-0.727917
-0.636824
-0.591673
-0.567935
-0.554508
-0.788796
-0.781477
-0.743588
-0.681083
-0.608292
-0.532354
-0.456716
-0.384753
-0.321302
-0.274116
-0.258142
-0.293987
-0.535235
-0.997514
-1.54532
-1.10369
-0.669385
-0.505534
-0.487549
-0.488652
-0.780922
-0.774965
-0.742349
-0.685644
-0.6183
-0.547607
-0.476895
-0.409463
-0.350522
-0.307886
-0.29358
-0.305754
-0.349486
-0.318147
-0.406492
-0.417765
-0.417937
-0.412154
-0.406674
-0.405255
-0.75815
-0.753815
-0.728081
-0.679727
-0.619288
-0.554507
-0.488893
-0.425475
-0.369601
-0.329117
-0.316354
-0.278749
-0.0615616
0.42675
1.02267
0.526356
0.00490935
-0.23621
-0.29911
-0.316535
-0.723124
-0.720435
-0.702235
-0.66344
-0.611359
-0.552856
-0.492032
-0.431748
-0.37664
-0.335466
-0.318327
-0.307269
-0.278502
-0.380189
-0.725889
-1.18327
-1.33319
-1.07648
-0.766164
-0.647712
-0.68113
-0.679504
-0.669329
-0.639961
-0.596438
-0.543752
-0.486777
-0.428049
-0.371422
-0.324162
-0.304937
-0.361107
-0.74403
-1.51233
-2.22954
-2.75699
-2.85028
-2.61359
-2.24325
-1.93929
-0.640558
-0.639521
-0.634636
-0.615141
-0.578332
-0.529836
-0.474959
-0.415122
-0.353274
-0.293703
-0.253877
-0.235047
-0.572111
-1.03708
-1.52497
-1.66331
-1.48476
-1.16198
-0.833059
-0.629215
-0.608068
-0.607438
-0.604843
-0.593295
-0.562217
-0.515915
-0.459922
-0.395686
-0.324174
-0.245748
-0.150728
-0.0521722
0.0814471
0.296569
0.677381
1.10662
1.56428
1.9086
2.09965
2.17394
-0.581634
-0.580921
-0.57996
-0.575358
-0.551156
-0.505507
-0.445553
-0.375653
-0.293582
-0.198058
-0.0771685
0.0700518
0.28046
0.670519
1.2287
1.82241
2.30926
2.63937
2.81725
2.8851
-0.563288
-0.562881
-0.562591
-0.561183
-0.543964
-0.498619
-0.434189
-0.357904
-0.269212
-0.164166
-0.0436881
0.0971517
0.243897
0.589188
1.13756
1.6941
2.1571
2.45143
2.59703
2.64808
-0.548721
-0.548358
-0.547941
-0.548069
-0.537633
-0.494089
-0.425729
-0.34388
-0.252118
-0.147971
-0.0330646
0.0903245
0.213067
0.45058
0.90491
1.33538
1.68159
1.90377
2.01366
2.05284
-0.539977
-0.538764
-0.537155
-0.537897
-0.532058
-0.490311
-0.417077
-0.330919
-0.238127
-0.138395
-0.0311952
0.0723061
0.174502
0.319609
0.631957
0.940241
1.18315
1.34004
1.41659
1.44376
-0.542114
-0.540688
-0.542175
-0.545259
-0.537446
-0.486195
-0.403655
-0.313499
-0.222089
-0.128119
-0.033613
0.0473396
0.119885
0.214732
0.423948
0.628584
0.787036
0.890716
0.940771
0.958635
-0.534056
-0.535637
-0.543117
-0.547121
-0.529606
-0.465606
-0.376129
-0.28628
-0.20108
-0.118614
-0.0406427
0.0191997
0.0699429
0.129924
0.274874
0.41022
0.509986
0.573498
0.603488
0.612869
-0.457871
-0.461089
-0.471256
-0.474959
-0.454853
-0.396033
-0.319723
-0.243877
-0.172865
-0.105128
-0.042597
0.00355844
0.0390995
0.078154
0.175113
0.263147
0.324463
0.361628
0.378425
0.383565
-0.302771
-0.306601
-0.313339
-0.316996
-0.305931
-0.273349
-0.230424
-0.183164
-0.13466
-0.0852498
-0.0388209
-0.00486518
0.0179375
0.0434628
0.111353
0.166535
0.204292
0.22663
0.236777
0.239571
-0.132878
-0.135133
-0.139028
-0.144832
-0.147985
-0.145074
-0.134834
-0.116786
-0.092241
-0.0620818
-0.0302147
-0.00544722
0.0108534
0.0317287
0.0729885
0.10895
0.13284
0.146313
0.152393
0.153774
-0.0101971
-0.011518
-0.014163
-0.0217888
-0.0352816
-0.049654
-0.058723
-0.0603343
-0.0532395
-0.0381606
-0.017425
0.00101032
0.0151343
0.0312649
0.0593816
0.0810703
0.0947827
0.102745
0.106158
0.106545
0.0531055
0.0522999
0.0501798
0.0424867
0.0272371
0.00823376
-0.00852814
-0.0193668
-0.022396
-0.0172113
-0.00447413
0.0106054
0.0251259
0.0394
0.055477
0.0679361
0.0763421
0.0811394
0.0831694
0.0830648
0.0753753
0.074871
0.073231
0.0670361
0.0541785
0.0371654
0.0204387
0.00710536
-0.000514502
-0.00107902
0.00631882
0.0195166
0.0348401
0.0471031
0.0553843
0.0612669
0.0662558
0.0697507
0.0712846
0.0708408
0.0763764
0.0760663
0.0748719
0.0704935
0.0612088
0.0482428
0.0343581
0.0220342
0.0133354
0.00980445
0.0136811
0.0239647
0.0383946
0.0487455
0.0500304
0.0526697
0.0568142
0.060658
0.0625049
0.061985
0.0686985
0.0685015
0.0676662
0.0647989
0.0586263
0.0495779
0.0391635
0.0290175
0.0206822
0.0155674
0.0157909
0.0220795
0.0321027
0.0383198
0.0378288
0.0400314
0.0448106
0.0491586
0.0512807
0.0507832
0.0588059
0.0586592
0.0580705
0.0562714
0.052403
0.0464311
0.0390286
0.0311504
0.0236954
0.0174237
0.0137459
0.0134258
0.0152289
0.0151238
0.0138984
0.0193922
0.0266845
0.0323471
0.0347799
0.0343716
0.0496959
0.049563
0.0491287
0.0480103
0.0456796
0.0418868
0.0367923
0.0307916
0.0242073
0.017067
0.0093341
0.000887196
-0.00865416
-0.0162843
-0.0140921
-0.00429277
0.0048266
0.0105067
0.0128814
0.0126361
0.0425539
0.0424206
0.042082
0.0413518
0.0399449
0.0375671
0.0341181
0.0296612
0.0240268
0.0166225
0.00578987
-0.0111029
-0.0311418
-0.0435856
-0.0364682
-0.0233875
-0.0136762
-0.00892946
-0.00744591
-0.00745776
0.0375086
0.0373847
0.0371308
0.0366237
0.0357633
0.0342769
0.0319881
0.028818
0.0243555
0.0177897
0.00581776
-0.0154894
-0.043304
-0.0567585
-0.0440718
-0.029448
-0.0209269
-0.0178293
-0.0174748
-0.0173627
0.0340054
0.0338939
0.0337132
0.0333538
0.0327893
0.0319884
0.0305742
0.0285843
0.025856
0.0213468
0.012205
-0.00624472
-0.0311331
-0.0392555
-0.0262997
-0.0148558
-0.0105613
-0.00990704
-0.0102099
-0.0101009
0.0313307
0.031235
0.0311294
0.0308893
0.0305221
0.0301253
0.0295561
0.0288159
0.0278825
0.0267737
0.0241855
0.0162764
0.00402557
0.00389104
0.0117456
0.0165027
0.0161568
0.0151757
0.0146066
0.0144191
0.0287936
0.0287059
0.0286643
0.0285641
0.0283471
0.0282302
0.0285921
0.0290546
0.0304389
0.0331555
0.0386043
0.0452562
0.0495851
0.0553594
0.0579895
0.0548647
0.0504994
0.0485427
0.0477831
0.0472734
0.0258351
0.0257659
0.0257968
0.0258669
0.0259471
0.0260463
0.0265003
0.0283109
0.0314815
0.0383339
0.0513954
0.0727978
0.0949253
0.109828
0.102225
0.0919601
0.0855353
0.0835339
0.0825437
0.0813861
0.0216176
0.0215528
0.0216482
0.0218885
0.0221384
0.0226874
0.0234899
0.0255603
0.0298757
0.0387019
0.0574007
0.0908126
0.132363
0.147889
0.131917
0.115765
0.10867
0.107212
0.106071
0.10456
0.0159949
0.0159252
0.0160394
0.0163795
0.016896
0.0175914
0.0187036
0.020471
0.0245911
0.0334078
0.0524727
0.0876994
0.133901
0.150542
0.132581
0.118044
0.114768
0.113782
0.112584
0.110513
0.00924638
0.00914583
0.00918885
0.00942041
0.00987154
0.0102601
0.0109072
0.012437
0.0152048
0.0215033
0.0354316
0.0617184
0.0973012
0.108244
0.0923597
0.0843497
0.0862891
0.0915557
0.0896632
0.0871276
0.00546975
0.00540023
0.00546899
0.00570969
0.00602071
0.00640793
0.00703824
0.00867728
0.0117774
0.0183239
0.0291931
0.0526564
0.0702812
0.0701158
0.058058
0.058227
0.062362
0.0643525
0.0620982
0.018822
-0.336774
0.0128842
0.239308
0.433286
0.590286
0.71597
0.816951
0.902842
0.964735
0.960618
0.17462
0.331076
0.475588
0.600194
0.706879
0.796088
0.869602
0.926616
0.961273
0.97409
0.445047
0.543721
0.639598
0.725934
0.801106
0.864972
0.917295
0.957197
0.985475
1.00467
0.628882
0.695006
0.7637
0.827251
0.88199
0.929114
0.968465
1.00018
1.02558
1.04371
0.768307
0.815432
0.868305
0.915167
0.957275
0.994263
1.02623
1.05319
1.07558
1.09119
0.881224
0.919012
0.960279
0.99766
1.0324
1.06385
1.09169
1.11554
1.13539
1.14831
0.979407
1.01195
1.04705
1.08055
1.112
1.14095
1.16674
1.18872
1.20659
1.2171
1.07083
1.10219
1.13654
1.16995
1.20104
1.22941
1.25437
1.27526
1.29151
1.30013
1.16581
1.20065
1.23751
1.27298
1.30494
1.33323
1.35744
1.37721
1.39203
1.40002
1.27876
1.31911
1.35839
1.39522
1.42704
1.45414
1.47673
1.49498
1.50868
1.51777
1.42266
1.46536
1.50304
1.53674
1.56476
1.58856
1.60919
1.6266
1.64046
1.6516
1.60057
1.63817
1.66619
1.69054
1.71157
1.73087
1.74912
1.76628
1.78218
1.7967
1.79828
1.81931
1.83422
1.85002
1.8663
1.88161
1.89533
1.9086
1.9241
1.94246
1.98891
1.99608
2.00663
2.01818
2.02809
2.03729
2.04755
2.05865
2.07027
2.07913
2.20196
2.20373
2.1958
2.17928
2.16813
2.16757
2.17973
2.20434
2.23846
2.26299
2.62159
2.4277
2.32665
2.2688
2.23967
2.23304
2.24824
2.28906
2.36491
2.50786
-0.313343
-0.317881
-0.278736
-0.207468
-0.120002
-0.0226579
0.868208
0.937108
0.936508
0.858143
0.788028
0.716223
0.482869
0.25522
-0.0200165
-0.38416
-0.748603
)
;

boundaryField
{
    wall-4
    {
        type            zeroGradient;
    }
    pressure-outlet-7
    {
        type            fixedValue;
        value           uniform 0;
    }
    velocity-inlet-6
    {
        type            zeroGradient;
    }
    velocity-inlet-5
    {
        type            zeroGradient;
    }
    frontAndBackPlanes
    {
        type            empty;
    }
}


// ************************************************************************* //
