/*--------------------------------*- C++ -*----------------------------------*\
| =========                 |                                                 |
| \\      /  F ield         | OpenFOAM: The Open Source CFD Toolbox           |
|  \\    /   O peration     | Version:  4.0                                   |
|   \\  /    A nd           | Web:      www.OpenFOAM.org                      |
|    \\/     M anipulation  |                                                 |
\*---------------------------------------------------------------------------*/
FoamFile
{
    version     2.0;
    format      ascii;
    class       volVectorField;
    location    "34";
    object      U;
}
// * * * * * * * * * * * * * * * * * * * * * * * * * * * * * * * * * * * * * //

dimensions      [0 1 -1 0 0 0 0];

internalField   nonuniform List<vector> 
2200
(
(0.878835 -0.0304139 0)
(1.00578 -0.0512808 0)
(1.00326 -0.0354036 0)
(1.00019 -0.0244378 0)
(0.999781 -0.0166677 0)
(1.00004 -0.01076 0)
(1.00006 -0.00684515 0)
(1.00003 -0.00419442 0)
(0.999994 -0.00221518 0)
(1.00016 -0.000725948 0)
(1.00004 0.000933662 0)
(0.999932 0.00242754 0)
(0.999997 0.00442855 0)
(1.00012 0.00705798 0)
(1.00006 0.0108306 0)
(0.999759 0.0166606 0)
(1.00018 0.0244218 0)
(1.00346 0.0351077 0)
(1.00591 0.0513405 0)
(0.878964 0.0303539 0)
(0.712021 -0.0327665 0)
(0.996638 -0.0630266 0)
(1.03336 -0.056155 0)
(1.02497 -0.0464166 0)
(1.01592 -0.0360726 0)
(1.00962 -0.0263007 0)
(1.00591 -0.0181729 0)
(1.00375 -0.0115381 0)
(1.00258 -0.00614959 0)
(1.00203 -0.00160272 0)
(1.00206 0.00254112 0)
(1.00262 0.0070925 0)
(1.00375 0.0123127 0)
(1.00566 0.0188081 0)
(1.0094 0.0269209 0)
(1.01581 0.0367379 0)
(1.02488 0.0471194 0)
(1.03312 0.0573146 0)
(0.996632 0.0631625 0)
(0.71182 0.032949 0)
(0.535434 -0.0239037 0)
(0.969855 -0.0569799 0)
(1.05639 -0.0548046 0)
(1.05226 -0.0489082 0)
(1.03631 -0.0406165 0)
(1.0244 -0.0324231 0)
(1.01575 -0.0241304 0)
(1.01032 -0.0162404 0)
(1.00715 -0.00903967 0)
(1.00564 -0.00245399 0)
(1.00558 0.00384566 0)
(1.00697 0.0102921 0)
(1.01003 0.0173317 0)
(1.0155 0.0250968 0)
(1.02418 0.03336 0)
(1.03604 0.0412817 0)
(1.05196 0.0493887 0)
(1.05632 0.0539542 0)
(0.969254 0.0575192 0)
(0.534453 0.0239321 0)
(0.392162 -0.0136529 0)
(0.911673 -0.0463849 0)
(1.05739 -0.0469547 0)
(1.06939 -0.0442585 0)
(1.05483 -0.0382296 0)
(1.03935 -0.031707 0)
(1.02751 -0.0248614 0)
(1.01906 -0.0175996 0)
(1.01365 -0.0101043 0)
(1.01097 -0.00257963 0)
(1.0108 0.00484523 0)
(1.01333 0.0122245 0)
(1.01862 0.0194675 0)
(1.02704 0.026483 0)
(1.03868 0.0328688 0)
(1.05418 0.039235 0)
(1.06865 0.0452725 0)
(1.05591 0.047931 0)
(0.910315 0.046792 0)
(0.390389 0.0137267 0)
(0.307552 -0.00450225 0)
(0.846621 -0.0323941 0)
(1.04936 -0.0399603 0)
(1.0793 -0.0382937 0)
(1.06789 -0.0336281 0)
(1.0515 -0.0280661 0)
(1.03836 -0.0228015 0)
(1.02817 -0.0168257 0)
(1.02118 -0.0100209 0)
(1.01743 -0.00246516 0)
(1.01726 0.00536583 0)
(1.02072 0.0127648 0)
(1.02749 0.0193974 0)
(1.0373 0.0250183 0)
(1.05033 0.0300415 0)
(1.06665 0.0353755 0)
(1.07767 0.0397063 0)
(1.04732 0.0413404 0)
(0.843506 0.0328477 0)
(0.304573 0.00467298 0)
(0.264009 7.86813e-05 0)
(0.788453 -0.0201396 0)
(1.03282 -0.0316137 0)
(1.08326 -0.0322505 0)
(1.07704 -0.0289286 0)
(1.06054 -0.0239618 0)
(1.04701 -0.0194956 0)
(1.03618 -0.0144827 0)
(1.02831 -0.00859311 0)
(1.02379 -0.00170438 0)
(1.0235 0.00561514 0)
(1.02752 0.0122065 0)
(1.03493 0.0176182 0)
(1.04559 0.0222092 0)
(1.05883 0.0263113 0)
(1.07518 0.030821 0)
(1.08111 0.033744 0)
(1.0301 0.0329036 0)
(0.783944 0.0206049 0)
(0.260013 7.41785e-05 0)
(0.240072 0.00106572 0)
(0.738126 -0.0122901 0)
(1.0136 -0.0249537 0)
(1.08403 -0.0267833 0)
(1.0829 -0.0245019 0)
(1.06766 -0.0203723 0)
(1.05401 -0.0164328 0)
(1.04319 -0.0121116 0)
(1.03516 -0.00698812 0)
(1.0304 -0.000915472 0)
(1.02999 0.00569803 0)
(1.03402 0.011489 0)
(1.04144 0.0161772 0)
(1.0519 0.020132 0)
(1.06532 0.023488 0)
(1.08018 0.0271825 0)
(1.08059 0.0289793 0)
(1.00854 0.0265748 0)
(0.730894 0.0129189 0)
(0.234699 -0.000898809 0)
(0.225673 0.000970603 0)
(0.694937 -0.00801382 0)
(0.992359 -0.0207419 0)
(1.08165 -0.0231993 0)
(1.08651 -0.0214811 0)
(1.07304 -0.0180462 0)
(1.05949 -0.0142493 0)
(1.04889 -0.0100324 0)
(1.04107 -0.00523326 0)
(1.03638 0.000249864 0)
(1.03583 0.00612294 0)
(1.03949 0.0111917 0)
(1.04664 0.0153903 0)
(1.05649 0.0188547 0)
(1.06981 0.022089 0)
(1.08277 0.024851 0)
(1.07705 0.0258452 0)
(0.985479 0.0227202 0)
(0.685185 0.00883845 0)
(0.21887 -0.000777184 0)
(0.216119 0.000598502 0)
(0.659609 -0.00569913 0)
(0.972033 -0.0176927 0)
(1.07881 -0.0203457 0)
(1.08947 -0.0189804 0)
(1.07753 -0.0160873 0)
(1.06409 -0.0126676 0)
(1.05362 -0.0086467 0)
(1.0459 -0.00396341 0)
(1.04124 0.00116908 0)
(1.04046 0.0063764 0)
(1.04373 0.011037 0)
(1.05041 0.0149891 0)
(1.06039 0.0182449 0)
(1.0734 0.0211019 0)
(1.08437 0.0232402 0)
(1.07213 0.023864 0)
(0.96191 0.0201225 0)
(0.646007 0.00668734 0)
(0.207298 -0.000388355 0)
(0.208878 0.000288869 0)
(0.631047 -0.00413566 0)
(0.952911 -0.0149177 0)
(1.07536 -0.0179345 0)
(1.09229 -0.0167506 0)
(1.08186 -0.0140935 0)
(1.0684 -0.0107578 0)
(1.05786 -0.00683694 0)
(1.05004 -0.00231665 0)
(1.04519 0.00256241 0)
(1.04418 0.00727091 0)
(1.04724 0.0116198 0)
(1.0537 0.0151404 0)
(1.06317 0.0181373 0)
(1.07591 0.0201994 0)
(1.08524 0.0219595 0)
(1.06608 0.0220184 0)
(0.938974 0.0177937 0)
(0.613336 0.00536306 0)
(0.197847 -3.01294e-05 0)
(0.203346 0.000119629 0)
(0.608392 -0.00288356 0)
(0.935076 -0.0120599 0)
(1.07204 -0.0150613 0)
(1.095 -0.0141433 0)
(1.08584 -0.0117118 0)
(1.07244 -0.00861195 0)
(1.06191 -0.00496672 0)
(1.05397 -0.000794733 0)
(1.04882 0.00369907 0)
(1.04753 0.00800304 0)
(1.05037 0.0118016 0)
(1.05664 0.0149773 0)
(1.06591 0.0173492 0)
(1.07855 0.019598 0)
(1.08605 0.0207833 0)
(1.06009 0.0205638 0)
(0.916916 0.015668 0)
(0.585544 0.0044274 0)
(0.18941 0.000204703 0)
(0.199292 5.4791e-05 0)
(0.591235 -0.00192195 0)
(0.920181 -0.00940856 0)
(1.06879 -0.0126224 0)
(1.09788 -0.0116698 0)
(1.09002 -0.00930562 0)
(1.07645 -0.00625988 0)
(1.06555 -0.00288028 0)
(1.0573 0.00101073 0)
(1.05188 0.00528497 0)
(1.05022 0.00951838 0)
(1.05263 0.0128594 0)
(1.05861 0.0153907 0)
(1.06794 0.0174167 0)
(1.08024 0.0187709 0)
(1.08611 0.0198335 0)
(1.05224 0.0189387 0)
(0.895276 0.0137394 0)
(0.561965 0.00378226 0)
(0.181894 0.00035941 0)
(0.196392 4.05115e-06 0)
(0.578247 -0.00115584 0)
(0.906527 -0.00727054 0)
(1.06622 -0.00997415 0)
(1.10114 -0.00903208 0)
(1.09454 -0.00659234 0)
(1.08068 -0.00362187 0)
(1.06916 -0.000480794 0)
(1.06018 0.00307011 0)
(1.05404 0.00710123 0)
(1.05177 0.011179 0)
(1.0541 0.0141504 0)
(1.06029 0.0159643 0)
(1.0698 0.0171846 0)
(1.08242 0.0184676 0)
(1.08591 0.0190458 0)
(1.04515 0.0180046 0)
(0.875501 0.0124046 0)
(0.54153 0.00345928 0)
(0.174772 0.000485259 0)
(0.194738 -2.13188e-05 0)
(0.569175 -0.000435096 0)
(0.896157 -0.00462013 0)
(1.06383 -0.00720501 0)
(1.10448 -0.00626626 0)
(1.09927 -0.00376676 0)
(1.08527 -0.000585947 0)
(1.07338 0.00254905 0)
(1.06399 0.00600813 0)
(1.05748 0.00968249 0)
(1.05491 0.0130226 0)
(1.05678 0.0152452 0)
(1.06255 0.0166485 0)
(1.07207 0.0175294 0)
(1.08361 0.018449 0)
(1.08486 0.0185653 0)
(1.03589 0.016863 0)
(0.855399 0.0110868 0)
(0.52345 0.00319933 0)
(0.167937 0.000555041 0)
(0.194758 -0.000168076 0)
(0.56476 0.000695248 0)
(0.888681 -0.00213193 0)
(1.06246 -0.00392761 0)
(1.10757 -0.00293363 0)
(1.10388 -0.00061934 0)
(1.09008 0.00226064 0)
(1.07813 0.00550307 0)
(1.06859 0.0089559 0)
(1.06146 0.0123977 0)
(1.05785 0.0151193 0)
(1.05877 0.0169979 0)
(1.06396 0.0179713 0)
(1.07305 0.0185278 0)
(1.0834 0.0186555 0)
(1.08299 0.0180242 0)
(1.02761 0.0159313 0)
(0.837926 0.00991921 0)
(0.508183 0.0029079 0)
(0.161573 0.000556267 0)
(0.196133 0.000161535 0)
(0.564871 0.0013705 0)
(0.883025 0.000511449 0)
(1.0617 -0.000847183 0)
(1.11086 0.000401115 0)
(1.10793 0.00264615 0)
(1.09416 0.00560986 0)
(1.08201 0.00893074 0)
(1.0722 0.012537 0)
(1.0647 0.0160606 0)
(1.06064 0.0185133 0)
(1.06053 0.0198544 0)
(1.0645 0.0201767 0)
(1.07274 0.0201329 0)
(1.08249 0.0192574 0)
(1.07896 0.0181093 0)
(1.01575 0.0151429 0)
(0.818636 0.0088992 0)
(0.493569 0.00277856 0)
(0.155396 0.000557802 0)
(0.19994 0.000586594 0)
(0.567408 0.00208831 0)
(0.882856 0.00319332 0)
(1.06223 0.00286523 0)
(1.11366 0.00448957 0)
(1.11173 0.00676328 0)
(1.09791 0.00955128 0)
(1.08513 0.0129906 0)
(1.07439 0.0166125 0)
(1.06555 0.020035 0)
(1.06 0.0222012 0)
(1.05924 0.0231205 0)
(1.0634 0.0227787 0)
(1.07149 0.0216391 0)
(1.08043 0.0201465 0)
(1.07452 0.0184427 0)
(1.00603 0.0149517 0)
(0.803387 0.00856153 0)
(0.481285 0.00287794 0)
(0.149621 0.000571966 0)
(0.205276 0.000678475 0)
(0.573662 0.0032206 0)
(0.885947 0.0058034 0)
(1.06442 0.00662711 0)
(1.11774 0.00891945 0)
(1.11621 0.0115397 0)
(1.10205 0.0149106 0)
(1.08869 0.0185267 0)
(1.07696 0.0220904 0)
(1.06697 0.0252926 0)
(1.06077 0.0269768 0)
(1.05901 0.0269418 0)
(1.06153 0.0256471 0)
(1.06877 0.0240893 0)
(1.07651 0.0219792 0)
(1.06754 0.0193727 0)
(0.992058 0.0150424 0)
(0.784356 0.00851679 0)
(0.467116 0.00314046 0)
(0.143075 0.00060673 0)
(0.213828 0.00084968 0)
(0.587095 0.00448569 0)
(0.894154 0.00868064 0)
(1.06935 0.0111652 0)
(1.12218 0.0137865 0)
(1.12156 0.0170231 0)
(1.10747 0.020894 0)
(1.09365 0.0248619 0)
(1.08099 0.0288067 0)
(1.06933 0.03176 0)
(1.06075 0.0327624 0)
(1.05737 0.0316988 0)
(1.05959 0.0296248 0)
(1.06614 0.02682 0)
(1.07218 0.0240528 0)
(1.06098 0.0204714 0)
(0.981068 0.0158207 0)
(0.770418 0.00924612 0)
(0.454941 0.00358483 0)
(0.136628 0.00063398 0)
(0.223255 0.00111235 0)
(0.601444 0.00529405 0)
(0.905572 0.0110706 0)
(1.07718 0.0149778 0)
(1.12923 0.0187709 0)
(1.12851 0.0229882 0)
(1.11369 0.0275033 0)
(1.09892 0.0322751 0)
(1.08507 0.0365156 0)
(1.07193 0.0394369 0)
(1.06186 0.040027 0)
(1.05676 0.0382604 0)
(1.05647 0.0350172 0)
(1.06154 0.0314115 0)
(1.06627 0.0278196 0)
(1.05144 0.023525 0)
(0.964628 0.0178274 0)
(0.749297 0.0106486 0)
(0.437462 0.00427431 0)
(0.128214 0.000719947 0)
(0.236843 0.00150534 0)
(0.623127 0.00708883 0)
(0.923406 0.0147096 0)
(1.08817 0.02036 0)
(1.13732 0.0250426 0)
(1.13621 0.0300492 0)
(1.12028 0.035704 0)
(1.104 0.0410312 0)
(1.0881 0.0459746 0)
(1.07259 0.0492774 0)
(1.05981 0.0494442 0)
(1.05293 0.0462556 0)
(1.05248 0.0420196 0)
(1.05691 0.0372067 0)
(1.05968 0.0325106 0)
(1.0421 0.0271701 0)
(0.950866 0.0207209 0)
(0.732811 0.0128329 0)
(0.421205 0.00516038 0)
(0.119491 0.000823293 0)
(0.253028 0.00203978 0)
(0.64801 0.00868939 0)
(0.944602 0.0183908 0)
(1.10238 0.0258479 0)
(1.14806 0.0320457 0)
(1.14575 0.0391591 0)
(1.128 0.045611 0)
(1.10968 0.0521998 0)
(1.09136 0.0576029 0)
(1.07323 0.0606157 0)
(1.05776 0.0597099 0)
(1.04875 0.0560937 0)
(1.04565 0.0507204 0)
(1.04862 0.0446728 0)
(1.05042 0.0395783 0)
(1.02902 0.0328661 0)
(0.929604 0.0248212 0)
(0.704789 0.015281 0)
(0.396104 0.00609352 0)
(0.107539 0.000952983 0)
(0.275589 0.00283325 0)
(0.682144 0.0123801 0)
(0.972693 0.0245232 0)
(1.12091 0.0341992 0)
(1.16179 0.0421116 0)
(1.15735 0.0500237 0)
(1.13735 0.0583507 0)
(1.11642 0.0659144 0)
(1.09504 0.071933 0)
(1.07355 0.0751644 0)
(1.05514 0.0738074 0)
(1.04385 0.0684763 0)
(1.04011 0.0615596 0)
(1.04185 0.053905 0)
(1.04053 0.0470141 0)
(1.01454 0.0385054 0)
(0.909213 0.0290552 0)
(0.681284 0.0180014 0)
(0.373049 0.00712214 0)
(0.0956442 0.00100408 0)
(0.306434 0.0037215 0)
(0.726615 0.0151891 0)
(1.00916 0.0317646 0)
(1.14465 0.0444292 0)
(1.17875 0.0539091 0)
(1.17156 0.0651966 0)
(1.14824 0.0746439 0)
(1.12417 0.0833834 0)
(1.09944 0.0896722 0)
(1.07428 0.0920742 0)
(1.05178 0.0888323 0)
(1.03685 0.0820404 0)
(1.02984 0.074092 0)
(1.02947 0.065295 0)
(1.02695 0.0568703 0)
(0.995181 0.0467399 0)
(0.879752 0.0345825 0)
(0.642621 0.0211777 0)
(0.337652 0.00800945 0)
(0.079734 0.00105759 0)
(0.342236 0.00727494 0)
(0.782492 0.0244851 0)
(1.05329 0.0442713 0)
(1.17338 0.060193 0)
(1.19967 0.0729862 0)
(1.18746 0.0853897 0)
(1.16018 0.0963005 0)
(1.13203 0.105376 0)
(1.10288 0.111309 0)
(1.07331 0.112813 0)
(1.0476 0.10849 0)
(1.031 0.100308 0)
(1.02282 0.0899173 0)
(1.02008 0.0788008 0)
(1.01155 0.0676315 0)
(0.972049 0.0547187 0)
(0.848518 0.0404 0)
(0.608287 0.0246315 0)
(0.306396 0.00933174 0)
(0.0651552 0.000991368 0)
(0.423448 0.0110345 0)
(0.866424 0.0352506 0)
(1.11282 0.0645971 0)
(1.20893 0.0852684 0)
(1.22352 0.098437 1.15119e-33)
(1.20506 0.114216 -5.01302e-34)
(1.17228 0.125074 0)
(1.1394 0.133471 0)
(1.10564 0.137918 0)
(1.07149 0.136988 0)
(1.04114 0.129407 0)
(1.01953 0.117503 0)
(1.007 0.10525 0)
(1.00097 0.0927749 0)
(0.990887 0.0799632 0)
(0.944157 0.0651303 0)
(0.808204 0.0473572 0)
(0.555268 0.0287078 0)
(0.25709 0.00946125 0)
(0.0448128 0.000749566 0)
(0.49304 0.0261597 9.67896e-20)
(0.963343 0.0590581 -7.26489e-20)
(1.17622 0.0975919 0)
(1.24514 0.121099 5.22823e-20)
(1.24926 0.13742 -4.23676e-20)
(1.22174 0.153185 5.28906e-34)
(1.18335 0.162473 0)
(1.14531 0.168958 2.61394e-20)
(1.10612 0.171214 -8.4507e-20)
(1.06646 0.167646 1.69658e-20)
(1.0319 0.157594 0)
(1.00892 0.144342 -4.04993e-20)
(0.995479 0.12983 -4.78136e-20)
(0.985773 0.114048 8.34053e-20)
(0.963209 0.0970654 -6.55692e-20)
(0.900986 0.0777658 0)
(0.749273 0.0564846 -2.34314e-20)
(0.4866 0.0323656 0)
(0.203381 0.0113624 -1.29171e-19)
(0.026936 0.00103697 1.52598e-19)
(0.526348 0.0539848 -1.2098e-20)
(1.02139 0.102442 2.45608e-19)
(1.22152 0.147798 -2.22223e-20)
(1.27618 0.168682 -1.47663e-19)
(1.27162 0.185767 -9.00757e-20)
(1.23634 0.199591 1.45675e-19)
(1.19271 0.206708 0)
(1.1493 0.211102 0)
(1.10459 0.210922 1.35125e-19)
(1.05961 0.204401 0)
(1.01959 0.190788 1.4876e-19)
(0.988546 0.173309 4.34525e-20)
(0.965057 0.154695 3.53534e-22)
(0.945485 0.137129 -9.08112e-20)
(0.922994 0.120316 0)
(0.859041 0.101152 0)
(0.702812 0.0738689 -3.82463e-19)
(0.446171 0.0449816 9.57628e-19)
(0.187494 0.0157853 -5.67891e-19)
(0.0217412 0.00264804 -6.70825e-19)
(0.532364 0.0767458 -1.88684e-19)
(1.05568 0.158973 6.60168e-20)
(1.25566 0.208987 3.01619e-20)
(1.30104 0.228018 2.61031e-19)
(1.28892 0.2428 1.40886e-20)
(1.24748 0.252312 -3.84528e-19)
(1.19899 0.255803 1.27072e-19)
(1.15019 0.257224 0)
(1.09989 0.25392 -2.87322e-19)
(1.04877 0.244056 2.4361e-19)
(1.00281 0.227809 -4.00479e-19)
(0.968041 0.207779 1.85816e-19)
(0.944756 0.189634 -1.16143e-19)
(0.927101 0.172434 2.63627e-19)
(0.89376 0.152413 0)
(0.822534 0.128348 -9.4769e-20)
(0.6719 0.0971922 0)
(0.435087 0.0579131 5.25358e-19)
(0.189088 0.0256081 -1.24772e-18)
(0.027675 0.00327819 7.81417e-19)
(0.523451 0.108429 6.70345e-19)
(1.07018 0.215475 -2.80792e-19)
(1.2746 0.273758 -5.34706e-20)
(1.31717 0.29181 0)
(1.30001 0.304221 -1.86253e-19)
(1.25411 0.309078 2.26947e-19)
(1.20143 0.308331 -1.35957e-19)
(1.14783 0.305996 0)
(1.09275 0.298658 2.04519e-19)
(1.03719 0.284618 -1.721e-19)
(0.986598 0.263828 3.46028e-19)
(0.946695 0.241484 0)
(0.915756 0.221036 -2.47346e-19)
(0.886307 0.199465 1.40526e-19)
(0.857354 0.179606 3.47022e-19)
(0.794565 0.158209 -3.05203e-19)
(0.656734 0.124054 4.86741e-19)
(0.436106 0.0793846 -1.07722e-18)
(0.204732 0.0375077 6.80259e-19)
(0.0385493 0.00708647 -8.51327e-19)
(0.51076 0.132793 -3.27029e-19)
(1.07729 0.270613 2.3866e-19)
(1.28481 0.340523 -1.7358e-19)
(1.32532 0.35747 3.01297e-19)
(1.30459 0.367294 -2.57859e-19)
(1.25586 0.36751 7.65021e-20)
(1.2001 0.362633 3.65014e-21)
(1.14268 0.356312 -2.49408e-19)
(1.08344 0.344906 -2.16182e-19)
(1.02241 0.32686 -3.69356e-19)
(0.96573 0.303318 -7.42828e-19)
(0.922559 0.278631 -2.22978e-19)
(0.891218 0.255394 2.46705e-21)
(0.868083 0.235989 -4.72186e-19)
(0.83216 0.216456 -6.34025e-21)
(0.766447 0.189007 4.41458e-19)
(0.636148 0.151066 -1.32683e-19)
(0.433961 0.100713 -7.75465e-20)
(0.217272 0.0512124 0)
(0.0479366 0.0115399 1.79696e-18)
(0.492299 0.153288 0)
(1.06881 0.319556 -5.64117e-20)
(1.28579 0.403319 -5.21369e-20)
(1.32695 0.421034 -1.24938e-20)
(1.30383 0.429479 2.65737e-19)
(1.2531 0.425773 -1.7027e-19)
(1.19493 0.417059 1.51735e-19)
(1.13446 0.406777 4.05521e-19)
(1.07148 0.390914 -1.18515e-19)
(1.00683 0.368776 1.88076e-19)
(0.948264 0.340552 3.98658e-19)
(0.901526 0.312458 4.83169e-19)
(0.865083 0.28873 -2.8653e-19)
(0.831022 0.265775 5.0883e-19)
(0.802197 0.245031 -4.00785e-19)
(0.746906 0.221091 0)
(0.62938 0.179833 -1.00288e-18)
(0.439876 0.124695 1.35045e-18)
(0.229704 0.066246 1.00607e-19)
(0.0556873 0.0163829 -1.88588e-18)
(0.478461 0.173905 -5.18039e-21)
(1.06116 0.368545 3.40967e-19)
(1.28269 0.464515 3.88768e-19)
(1.32391 0.482646 -3.87293e-19)
(1.29871 0.489742 2.00221e-19)
(1.24657 0.482564 -1.74239e-19)
(1.18674 0.470614 3.11979e-19)
(1.12389 0.456688 -1.31337e-19)
(1.05821 0.437255 -4.88569e-19)
(0.98996 0.411191 2.18056e-22)
(0.926546 0.378972 -4.30346e-19)
(0.87702 0.34864 -5.17757e-19)
(0.841642 0.321722 3.12943e-19)
(0.817123 0.300835 -1.82363e-19)
(0.781363 0.278844 4.3265e-19)
(0.722783 0.248878 0)
(0.611823 0.206623 -6.18387e-19)
(0.437633 0.146569 9.12946e-19)
(0.236994 0.0802728 1.73151e-18)
(0.0608865 0.0209161 -2.03772e-18)
(0.463634 0.191332 5.27491e-19)
(1.04735 0.412559 -2.78772e-19)
(1.27527 0.521811 -3.40436e-19)
(1.31732 0.541375 4.11034e-19)
(1.29049 0.547718 1.14777e-20)
(1.23723 0.537479 -3.58306e-19)
(1.1759 0.522503 -1.73768e-19)
(1.11114 0.505214 -1.54782e-19)
(1.04288 0.481848 -2.69437e-19)
(0.971367 0.451164 4.30295e-19)
(0.906234 0.416313 4.43398e-19)
(0.856318 0.382367 8.24319e-19)
(0.818101 0.354947 0)
(0.782591 0.327814 5.89853e-21)
(0.754217 0.304425 -1.1773e-18)
(0.705731 0.280501 2.74103e-19)
(0.602891 0.233962 1.32925e-18)
(0.435381 0.169091 -3.91799e-19)
(0.238571 0.0932529 8.17614e-19)
(0.0630145 0.0244443 -6.8346e-20)
(0.454806 0.210275 5.97033e-21)
(1.0364 0.456224 -2.14159e-19)
(1.26602 0.576752 -2.30039e-19)
(1.30817 0.597365 6.1384e-19)
(1.27977 0.602811 -5.74076e-19)
(1.22567 0.589891 3.7141e-19)
(1.16331 0.572464 1.8255e-19)
(1.09706 0.552254 4.76995e-19)
(1.02675 0.525809 5.55247e-19)
(0.953528 0.493097 -4.81958e-19)
(0.88598 0.454027 0)
(0.832482 0.415788 -3.05369e-19)
(0.793332 0.384838 3.50591e-19)
(0.768631 0.360537 4.3092e-19)
(0.734401 0.337299 -2.49595e-19)
(0.680647 0.303884 -6.0318e-19)
(0.582002 0.258265 -1.79684e-19)
(0.424524 0.186632 -1.3364e-21)
(0.232467 0.103319 0)
(0.061848 0.0264205 0)
(0.446481 0.226013 1.81093e-19)
(1.02363 0.496156 0)
(1.25489 0.628079 -2.30298e-19)
(1.29714 0.650463 8.08761e-20)
(1.26748 0.655292 6.23385e-19)
(1.21274 0.639881 -1.6459e-19)
(1.14958 0.62011 1.89525e-19)
(1.08224 0.59714 -3.30298e-19)
(1.01066 0.567568 4.29507e-19)
(0.935171 0.529956 -1.47216e-19)
(0.864255 0.485251 2.53064e-19)
(0.810518 0.44699 9.70789e-19)
(0.772499 0.413568 1.3703e-20)
(0.734473 0.385277 -4.52396e-19)
(0.707746 0.358307 8.24298e-19)
(0.663495 0.331433 4.41941e-21)
(0.570607 0.278862 1.92239e-19)
(0.414946 0.203288 -9.16028e-19)
(0.224446 0.10991 9.35881e-19)
(0.0585308 0.027985 -1.11089e-18)
(0.440441 0.245016 3.75393e-23)
(1.01258 0.53513 0)
(1.24301 0.676964 0)
(1.28478 0.700802 -1.01273e-19)
(1.25403 0.704683 -2.11674e-19)
(1.19882 0.68703 1.96459e-19)
(1.13493 0.665368 -3.79842e-19)
(1.06638 0.640099 0)
(0.992367 0.608081 -6.2508e-19)
(0.913063 0.568636 6.94143e-19)
(0.84105 0.524412 7.04483e-19)
(0.785816 0.479557 -3.53452e-19)
(0.744421 0.44274 -4.20211e-19)
(0.721632 0.413541 9.81504e-19)
(0.687876 0.386955 -2.9296e-19)
(0.638481 0.34867 -3.48421e-19)
(0.547664 0.297477 -2.08078e-19)
(0.39934 0.21449 -9.85527e-19)
(0.213951 0.114242 1.42555e-19)
(0.0540271 0.0284052 1.19626e-18)
(0.436889 0.263498 5.87431e-20)
(1.00156 0.571328 1.12186e-19)
(1.23027 0.722528 2.33901e-20)
(1.27167 0.748283 -7.24462e-23)
(1.24006 0.751527 -1.38069e-19)
(1.18438 0.731813 3.83866e-19)
(1.11986 0.70831 0)
(1.05037 0.68101 1.94121e-19)
(0.975545 0.646821 -1.53067e-19)
(0.89727 0.604234 1.16541e-18)
(0.8239 0.553485 -1.57999e-19)
(0.764758 0.506427 1.78923e-19)
(0.723296 0.468411 0)
(0.685841 0.433898 -5.29436e-19)
(0.660552 0.402629 6.34455e-19)
(0.619932 0.372364 0)
(0.532695 0.311431 -4.48603e-19)
(0.382894 0.22462 1.31879e-18)
(0.201776 0.116438 1.55052e-19)
(0.0487277 0.0279679 -1.47014e-18)
(0.434987 0.28032 1.08249e-19)
(0.991969 0.606302 -1.38125e-19)
(1.21749 0.765645 0)
(1.25811 0.792915 -2.11701e-19)
(1.22565 0.795371 0)
(1.16961 0.773856 -4.35436e-19)
(1.10456 0.74886 0)
(1.03435 0.719733 0)
(0.958139 0.683547 -1.8528e-19)
(0.875183 0.63926 -1.10184e-18)
(0.795067 0.587571 -1.2974e-18)
(0.73603 0.536353 2.03481e-19)
(0.695905 0.491732 7.23888e-19)
(0.6712 0.458199 5.78241e-19)
(0.640613 0.42736 -2.03596e-18)
(0.593531 0.382773 -8.13546e-19)
(0.507009 0.324785 4.76369e-19)
(0.363389 0.229233 0)
(0.188621 0.116775 1.33424e-18)
(0.0432938 0.0265794 -1.58168e-18)
(0.433666 0.29604 -1.01259e-19)
(0.982332 0.638809 1.36193e-19)
(1.20464 0.805795 0)
(1.24446 0.834937 -1.05531e-20)
(1.21131 0.836882 9.73226e-20)
(1.15496 0.813701 0)
(1.08952 0.787212 1.15938e-19)
(1.01851 0.756495 1.23864e-19)
(0.940829 0.718761 -3.66701e-19)
(0.857088 0.672282 1.53737e-19)
(0.779311 0.61611 0)
(0.717911 0.562614 8.49964e-19)
(0.671394 0.518101 4.44984e-21)
(0.635062 0.475807 3.11248e-19)
(0.610938 0.437569 3.67949e-19)
(0.573231 0.402168 0)
(0.489671 0.331697 -7.78517e-19)
(0.344618 0.233344 1.52847e-18)
(0.174937 0.115303 -1.61804e-18)
(0.0380604 0.0247863 3.40279e-18)
(0.432642 0.311111 0)
(0.97374 0.670322 0)
(1.19219 0.843612 9.19967e-20)
(1.23092 0.874215 0)
(1.19708 0.875587 0)
(1.14044 0.851024 -4.49476e-19)
(1.07456 0.823348 1.21331e-19)
(1.00283 0.791209 1.73776e-20)
(0.923811 0.752101 -8.96679e-20)
(0.837455 0.704191 0)
(0.753217 0.64805 -1.93186e-19)
(0.685955 0.591145 -6.90014e-19)
(0.643317 0.538455 -8.1934e-19)
(0.618322 0.496571 -3.25614e-19)
(0.589209 0.458914 3.98064e-19)
(0.545277 0.405117 -9.37803e-19)
(0.462036 0.339689 1.67348e-18)
(0.322706 0.232093 4.31645e-21)
(0.161244 0.112246 -1.55217e-18)
(0.0333202 0.0227313 -2.29292e-19)
(0.431638 0.32585 0)
(0.965284 0.69989 9.58283e-20)
(1.17996 0.878952 -8.79409e-20)
(1.21758 0.911207 0)
(1.18316 0.912189 0)
(1.12632 0.886342 9.44296e-19)
(1.06017 0.857507 0)
(0.987785 0.824145 0)
(0.907663 0.784033 -8.16235e-19)
(0.819925 0.735058 1.97829e-19)
(0.735119 0.675163 -1.7547e-18)
(0.66878 0.615258 0)
(0.618935 0.563038 -8.83556e-19)
(0.57931 0.51213 1.10824e-20)
(0.55607 0.462216 -1.27689e-18)
(0.522386 0.419091 5.04258e-19)
(0.444111 0.337398 2.60188e-21)
(0.305905 0.230221 -1.76352e-18)
(0.149517 0.108154 8.3583e-19)
(0.0291906 0.020809 2.45516e-19)
(0.430738 0.34019 0)
(0.957691 0.728426 6.6275e-20)
(1.16822 0.9122 -9.47852e-20)
(1.20462 0.945631 -3.26642e-19)
(1.16963 0.94615 -1.28199e-19)
(1.11261 0.91933 1.16811e-19)
(1.04618 0.889645 -1.08004e-19)
(0.973277 0.855258 9.19773e-19)
(0.892046 0.814101 8.7314e-19)
(0.801773 0.764124 1.56778e-18)
(0.712443 0.705541 1.45862e-18)
(0.639054 0.644231 2.49647e-19)
(0.587755 0.583333 1.26853e-18)
(0.559985 0.530133 7.69779e-19)
(0.531715 0.481108 9.15371e-19)
(0.492067 0.41205 -5.49987e-19)
(0.415189 0.336493 -6.44704e-19)
(0.285511 0.219169 7.5484e-19)
(0.138977 0.102592 -4.46933e-19)
(0.02878 0.0235939 7.93499e-19)
(0.429852 0.354065 -5.59397e-20)
(0.950252 0.755106 -1.12139e-19)
(1.15676 0.943352 -4.63173e-20)
(1.19198 0.978097 1.62961e-20)
(1.15651 0.978242 3.79415e-19)
(1.0994 0.95044 -2.68103e-19)
(1.03287 0.919937 1.11747e-19)
(0.959487 0.884638 -2.10229e-20)
(0.877302 0.842915 -1.02801e-18)
(0.785873 0.792722 -1.69231e-18)
(0.694654 0.731563 1.04361e-19)
(0.619541 0.666113 0)
(0.563695 0.607621 0)
(0.517173 0.546295 -4.03404e-19)
(0.491714 0.478687 -1.48808e-18)
(0.462677 0.41841 1.18334e-18)
(0.399174 0.314014 7.03172e-19)
(0.287316 0.200332 0)
(0.148508 0.0800868 1.42553e-18)
(0.0226475 0.000131957 -8.48965e-19)
(0.429054 0.367273 3.1608e-20)
(0.943432 0.780616 -2.3594e-20)
(1.14578 0.972573 8.55369e-20)
(1.17981 1.00817 1.53162e-19)
(1.1439 1.00787 1.1937e-19)
(1.08674 0.979373 -7.58368e-20)
(1.0201 0.948353 0)
(0.946429 0.912438 -1.16827e-18)
(0.863342 0.869973 1.25556e-19)
(0.770054 0.819154 0)
(0.675991 0.759347 0)
(0.594261 0.696836 1.53674e-19)
(0.530997 0.629829 1.98356e-19)
(0.494751 0.563373 -4.33795e-19)
(0.461429 0.498524 1.06672e-18)
(0.42293 0.400247 -1.2835e-18)
(0.35981 0.297259 -1.50325e-18)
(0.278813 0.175859 1.32774e-18)
(0.190734 0.109885 -5.09045e-19)
(0.11513 0.0844888 2.98012e-19)
(0.428101 0.379689 -1.28265e-20)
(0.936646 0.804328 0)
(1.13508 0.999948 0)
(1.16803 1.03659 6.18003e-20)
(1.13176 1.03589 -5.00306e-20)
(1.0746 1.00659 -2.09527e-20)
(1.00801 0.97499 4.58875e-19)
(0.93408 0.938532 1.25477e-18)
(0.850403 0.895895 1.89961e-18)
(0.755807 0.845282 -1.24429e-19)
(0.657636 0.784367 2.48622e-19)
(0.572422 0.717856 -1.39928e-18)
(0.508111 0.654612 -1.34995e-18)
(0.447559 0.584949 -2.31937e-19)
(0.407946 0.493551 0)
(0.375949 0.408262 -1.04504e-20)
(0.326395 0.236993 8.17664e-19)
(0.283603 0.0757506 -1.39676e-18)
(0.243375 -0.0619017 1.06977e-18)
(0.0803835 -0.0947507 9.01842e-19)
(0.427128 0.391582 1.89171e-20)
(0.930261 0.826942 -2.47059e-21)
(1.12478 1.02566 6.75477e-21)
(1.15664 1.06298 -3.68898e-20)
(1.12001 1.06192 0)
(1.06288 1.03219 -5.36453e-19)
(0.996272 1.00039 -6.22802e-19)
(0.922165 0.963669 3.31607e-20)
(0.837749 0.920892 -1.00616e-18)
(0.741337 0.870014 -1.22668e-19)
(0.642561 0.810712 1.13936e-19)
(0.554246 0.750597 1.22659e-18)
(0.474173 0.682002 1.31803e-18)
(0.422427 0.604763 2.25127e-19)
(0.37248 0.525935 1.12556e-18)
(0.305278 0.387179 0)
(0.193917 0.225674 0)
(0.0229485 0.239786 9.50479e-19)
(-0.0740489 0.628765 -3.23136e-20)
(0.0036965 1.52246 -1.13292e-18)
(0.425931 0.402836 -5.50648e-21)
(0.923934 0.848122 -4.84305e-20)
(1.11472 1.05002 1.7828e-19)
(1.14554 1.08839 -2.12722e-19)
(1.10858 1.08714 7.01007e-20)
(1.05144 1.05693 -5.72241e-19)
(0.984859 1.02492 0)
(0.910558 0.98821 -1.08142e-18)
(0.8256 0.945778 0)
(0.727947 0.895937 1.82587e-18)
(0.623195 0.837634 -1.30239e-19)
(0.525766 0.773578 1.46031e-19)
(0.452049 0.711666 1.50437e-18)
(0.368782 0.643548 -4.78641e-19)
(0.281303 0.533312 -5.70602e-19)
(0.207662 0.447158 0)
(0.0996936 0.545511 0)
(0.0309264 1.29135 0)
(0.0750637 2.44622 -5.43209e-19)
(0.104156 2.90244 -3.30521e-19)
(0.424612 0.413545 0)
(0.917954 0.86822 0)
(1.10506 1.07289 -5.64144e-20)
(1.13487 1.11195 1.88332e-19)
(1.09756 1.11058 -2.27163e-19)
(1.04046 1.0803 5.40173e-19)
(0.973882 1.04854 7.65714e-20)
(0.899398 1.01202 -5.96178e-20)
(0.813636 0.970129 1.37626e-19)
(0.714365 0.921113 -2.09731e-18)
(0.610834 0.864725 2.44954e-19)
(0.517234 0.809472 1.22833e-18)
(0.41894 0.749215 -1.50452e-18)
(0.343489 0.667644 -1.60208e-18)
(0.271307 0.597483 5.35807e-19)
(0.201675 0.721681 0)
(0.133385 1.52289 7.4636e-19)
(0.132331 2.68159 8.40562e-19)
(0.13981 3.08384 -9.40476e-19)
(0.13072 3.22022 1.02349e-18)
(0.423088 0.423742 0)
(0.912042 0.886933 1.77019e-20)
(1.09567 1.09452 1.75861e-20)
(1.12458 1.13469 -1.73504e-19)
(1.08696 1.13335 2.38444e-19)
(1.02985 1.10287 0)
(0.963273 1.07116 0)
(0.888631 1.03511 0)
(0.802607 0.994047 8.67069e-19)
(0.702707 0.946579 1.05358e-19)
(0.593119 0.892803 0)
(0.484049 0.835997 -1.22839e-18)
(0.402539 0.781364 0)
(0.293697 0.722004 1.14959e-18)
(0.212577 0.79486 -7.74371e-19)
(0.164506 1.45354 -6.18338e-19)
(0.16761 2.67068 -1.45642e-18)
(0.187924 3.12632 -7.82887e-19)
(0.178431 3.26943 -1.12705e-18)
(0.163679 3.31004 8.84271e-19)
(0.421553 0.433146 -1.43551e-20)
(0.906456 0.904613 1.53832e-20)
(1.08669 1.11478 1.53849e-20)
(1.11472 1.15565 1.55006e-19)
(1.07678 1.15441 0)
(1.01972 1.12416 0)
(0.953158 1.09304 0)
(0.878398 1.05747 7.46596e-20)
(0.791816 1.01758 -1.0879e-18)
(0.690452 0.972104 0)
(0.581634 0.920796 0)
(0.485534 0.872825 0)
(0.371687 0.823976 0)
(0.308868 0.810673 8.56087e-19)
(0.277803 1.18043 2.07531e-18)
(0.262744 2.35949 6.11475e-19)
(0.273503 3.08238 1.2774e-18)
(0.267094 3.28742 -1.01764e-18)
(0.217282 3.35428 3.81212e-19)
(0.183794 3.36683 0)
(0.419864 0.44216 1.8871e-20)
(0.900726 0.921469 -8.30164e-20)
(1.07774 1.13452 4.03375e-23)
(1.10502 1.17659 9.68685e-21)
(1.06682 1.17556 -6.40171e-20)
(1.00978 1.14532 6.0386e-19)
(0.94322 1.1144 -5.60738e-20)
(0.868446 1.07964 -1.02842e-18)
(0.78185 1.04087 0)
(0.680371 0.997147 -1.21419e-19)
(0.568977 0.949395 1.10452e-19)
(0.453037 0.901886 0)
(0.369318 0.8648 0)
(0.320923 0.990435 -1.07165e-18)
(0.285701 1.84727 1.60297e-19)
(0.280917 2.93696 -4.92474e-19)
(0.300495 3.29227 1.06291e-18)
(0.273839 3.39243 8.32419e-19)
(0.206699 3.41745 -1.25383e-18)
(0.181227 3.42638 6.27025e-19)
(0.41785 0.451317 4.89268e-20)
(0.894734 0.93883 1.07881e-19)
(1.06842 1.15456 -1.14768e-20)
(1.09494 1.19729 0)
(1.05649 1.19641 0)
(0.999609 1.16646 -4.60179e-19)
(0.933224 1.13628 4.74648e-19)
(0.858545 1.10204 9.26799e-19)
(0.771744 1.06469 5.20722e-20)
(0.669566 1.02377 1.68738e-18)
(0.557568 0.979844 -1.79179e-18)
(0.454538 0.937577 0)
(0.378042 0.946399 0)
(0.344104 1.34848 -7.61986e-19)
(0.346004 2.46729 -8.99456e-19)
(0.38847 3.19931 0)
(0.413822 3.37685 -1.23825e-18)
(0.343792 3.44086 -5.01038e-20)
(0.271689 3.48509 8.58841e-19)
(0.248101 3.51075 -3.58161e-19)
(0.415363 0.460869 -1.00941e-19)
(0.887854 0.956843 -5.81293e-20)
(1.05816 1.17579 0)
(1.08405 1.21972 0)
(1.04549 1.21898 0)
(0.988794 1.18884 0)
(0.922605 1.15864 -5.20271e-19)
(0.848246 1.12519 9.41659e-19)
(0.761802 1.08883 0)
(0.659992 1.04948 -1.54182e-18)
(0.54932 1.00812 3.24571e-18)
(0.438165 0.976184 1.27864e-19)
(0.382027 1.06008 1.59999e-19)
(0.39089 1.73607 1.26642e-18)
(0.413693 2.89033 -7.20479e-19)
(0.450796 3.32577 0)
(0.432563 3.45321 3.748e-19)
(0.345508 3.54095 9.51324e-20)
(0.265756 3.60712 4.36887e-20)
(0.190255 3.58674 1.71585e-19)
(0.412378 0.47073 5.16577e-20)
(0.880359 0.976024 -8.53097e-20)
(1.0471 1.19788 0)
(1.07234 1.24213 2.69384e-20)
(1.03364 1.24136 -1.46573e-19)
(0.977306 1.21135 0)
(0.911624 1.18181 0)
(0.837688 1.14866 -1.68777e-18)
(0.751684 1.11372 -1.1255e-19)
(0.650556 1.07748 1.5943e-18)
(0.536503 1.04171 -1.55895e-18)
(0.451568 1.02608 8.69942e-19)
(0.418469 1.24165 0)
(0.439152 2.17256 -6.83816e-19)
(0.479643 3.14471 4.29441e-19)
(0.539536 3.43209 3.34205e-19)
(0.533455 3.53071 0)
(0.467988 3.6174 4.9708e-20)
(0.394881 3.66064 -2.35899e-19)
(0.312704 3.63154 -4.21298e-20)
(0.408667 0.480868 -1.25536e-19)
(0.871626 0.995853 1.28448e-19)
(1.03486 1.22128 3.92851e-20)
(1.05965 1.26668 -2.47245e-21)
(1.021 1.26583 2.21204e-19)
(0.965085 1.23533 0)
(0.89986 1.20541 -3.05089e-19)
(0.826707 1.17286 6.46878e-19)
(0.741474 1.13863 8.51773e-20)
(0.640963 1.1034 -1.37646e-18)
(0.529768 1.06948 -9.04395e-20)
(0.448343 1.0826 -9.83945e-19)
(0.443283 1.45909 1.0831e-18)
(0.502867 2.52939 2.59076e-19)
(0.572159 3.30597 -5.06222e-19)
(0.62742 3.48553 4.12151e-19)
(0.587399 3.54235 0)
(0.52654 3.54874 0)
(0.428626 3.51601 -6.03549e-19)
(0.193554 3.30921 1.04452e-18)
(0.404368 0.490772 6.34321e-20)
(0.862089 1.01702 1.45184e-19)
(1.02172 1.2456 -6.55212e-20)
(1.04604 1.29084 -4.7379e-21)
(1.00741 1.28966 -1.79182e-19)
(0.952158 1.25906 0)
(0.88789 1.22964 3.48103e-19)
(0.815564 1.19715 7.06782e-19)
(0.731542 1.16408 0)
(0.633197 1.13176 0)
(0.52546 1.10832 0)
(0.466002 1.16489 0)
(0.499625 1.69548 -1.22877e-18)
(0.573893 2.84114 -3.62976e-19)
(0.646316 3.40569 0)
(0.687895 3.50441 -1.51404e-19)
(0.685966 3.51003 0)
(0.761741 3.35467 5.88039e-20)
(0.857079 2.98978 -1.54156e-18)
(0.454664 2.61736 1.67506e-18)
(0.3987 0.500746 -1.52813e-19)
(0.850826 1.0386 -1.00029e-19)
(1.00698 1.2713 -5.66985e-20)
(1.03119 1.31769 4.43115e-21)
(0.99285 1.31614 7.5934e-20)
(0.938392 1.28469 0)
(0.874928 1.25448 8.55802e-20)
(0.803946 1.22227 -1.06573e-19)
(0.721092 1.1896 -6.30818e-19)
(0.623491 1.15788 0)
(0.523586 1.13806 8.67668e-20)
(0.478147 1.24941 -9.86509e-20)
(0.539206 1.93462 0)
(0.639191 3.06339 4.63351e-19)
(0.732411 3.44357 0)
(0.770248 3.48489 1.66293e-20)
(0.774984 3.40215 -2.82702e-21)
(0.766742 3.02672 -5.80197e-20)
(0.521889 2.02348 1.88831e-19)
(-0.349009 0.515926 -4.72377e-19)
(0.391894 0.510933 -1.32814e-20)
(0.838375 1.06171 -6.18813e-20)
(0.991012 1.29824 7.29384e-20)
(1.01506 1.34409 -1.91844e-20)
(0.976923 1.34201 2.46596e-21)
(0.923468 1.31037 0)
(0.861469 1.28064 -2.40084e-19)
(0.791743 1.24846 -5.01863e-19)
(0.711105 1.21687 1.16225e-18)
(0.615199 1.18781 -1.12256e-18)
(0.526535 1.18415 -1.14159e-18)
(0.508926 1.36954 0)
(0.605455 2.22666 7.35784e-19)
(0.71769 3.21728 -1.43009e-19)
(0.792167 3.43593 -6.89138e-20)
(0.794844 3.43051 0)
(0.723456 3.19554 -1.61581e-20)
(0.555901 2.42821 3.87256e-21)
(0.11594 0.682886 -4.59925e-21)
(-0.255021 -0.414766 -1.60079e-20)
(0.38335 0.520131 1.585e-19)
(0.823523 1.08464 -6.57192e-20)
(0.972792 1.32644 7.42905e-20)
(0.997241 1.37393 5.00835e-20)
(0.95968 1.37145 3.55376e-21)
(0.907475 1.33881 -1.38529e-19)
(0.846673 1.3081 4.25951e-19)
(0.778941 1.276 4.67396e-19)
(0.699854 1.24488 -1.00558e-18)
(0.604779 1.21751 -1.56897e-21)
(0.529992 1.22184 1.27719e-19)
(0.536405 1.49779 -7.50463e-19)
(0.655022 2.48959 2.61988e-19)
(0.769023 3.28422 -4.64992e-19)
(0.832452 3.39845 2.21942e-19)
(0.817319 3.32404 -2.64213e-20)
(0.696763 2.90133 3.86456e-20)
(0.432961 1.70004 -8.8597e-21)
(0.0676103 0.0645996 0)
(-0.0787215 -0.172427 -4.65123e-20)
(0.373473 0.52889 0)
(0.806955 1.10874 -2.54519e-19)
(0.953158 1.35596 2.37769e-20)
(0.977961 1.40274 -5.09855e-20)
(0.94082 1.39958 0)
(0.890103 1.36672 8.88492e-20)
(0.831397 1.33658 -3.20637e-19)
(0.76554 1.30474 -4.37238e-19)
(0.689955 1.27463 8.72922e-19)
(0.59921 1.25112 8.72516e-19)
(0.537888 1.28051 9.38565e-19)
(0.574789 1.66047 4.67611e-20)
(0.718478 2.73072 -5.8353e-19)
(0.834605 3.32868 -6.14075e-20)
(0.874974 3.36865 1.79757e-19)
(0.797596 3.17304 -1.25347e-19)
(0.553601 2.37921 -2.71873e-20)
(0.125043 0.480505 3.22213e-20)
(-0.132789 -0.244464 0)
(-0.113269 -0.207455 0)
(0.360891 0.535853 -1.75698e-19)
(0.786951 1.13126 2.75201e-19)
(0.930638 1.38579 0)
(0.956494 1.43521 0)
(0.920268 1.43171 0)
(0.871525 1.39777 0)
(0.814608 1.36642 1.09783e-19)
(0.751514 1.33428 -1.54701e-20)
(0.678164 1.30477 5.08026e-21)
(0.593511 1.28369 9.73249e-20)
(0.543478 1.33275 -9.41294e-19)
(0.612128 1.81779 5.92618e-19)
(0.772978 2.92048 0)
(0.868083 3.3215 3.76078e-20)
(0.884862 3.2972 -1.88773e-19)
(0.751589 2.89511 7.54413e-20)
(0.424968 1.75762 -1.08638e-21)
(0.0160383 -0.0154436 -5.43656e-21)
(-0.163638 -0.206088 5.46596e-20)
(-0.0600806 -0.138364 6.91403e-20)
(0.345663 0.541258 9.76347e-20)
(0.76402 1.1536 1.28296e-19)
(0.906768 1.41709 -9.26066e-21)
(0.933326 1.46599 5.07739e-20)
(0.897741 1.46156 0)
(0.851266 1.42734 -5.88379e-20)
(0.797101 1.39664 5.37926e-20)
(0.736772 1.36489 -2.84739e-20)
(0.667108 1.33594 -3.44387e-20)
(0.589915 1.3205 8.3078e-20)
(0.557757 1.40565 6.23618e-19)
(0.656544 2.01826 -3.61883e-19)
(0.82607 3.05332 -2.99019e-19)
(0.913332 3.31949 -6.60168e-20)
(0.906953 3.21339 1.24504e-19)
(0.679948 2.59027 -1.1936e-19)
(0.225768 0.878842 7.37329e-20)
(-0.0728135 -0.270478 -5.96544e-20)
(-0.144536 -0.230875 1.62904e-19)
(-0.0612382 -0.137851 -1.23145e-19)
(0.326931 0.54333 -9.13269e-20)
(0.737162 1.17262 0)
(0.87924 1.44661 -8.91694e-20)
(0.907131 1.50016 -1.04376e-19)
(0.873006 1.49557 0)
(0.829615 1.46028 3.40237e-20)
(0.77795 1.428 0)
(0.721092 1.39549 1.46327e-19)
(0.653007 1.36718 -2.23938e-19)
(0.586482 1.35626 4.90836e-19)
(0.569451 1.47379 -4.69597e-19)
(0.701742 2.20315 1.81106e-19)
(0.873003 3.12573 5.80101e-19)
(0.940434 3.28935 -1.1393e-19)
(0.877424 3.07207 1.13594e-19)
(0.561423 2.14709 3.317e-20)
(0.0928941 0.186166 -7.15165e-20)
(-0.167117 -0.293126 9.11089e-20)
(-0.111484 -0.219487 8.46942e-22)
(-0.0419878 -0.0786093 1.2639e-20)
(0.305347 0.54227 1.93144e-19)
(0.707759 1.19139 -1.3734e-19)
(0.85016 1.47748 1.11984e-19)
(0.878698 1.53188 5.32003e-20)
(0.845977 1.52621 2.7259e-20)
(0.80591 1.49039 2.24267e-20)
(0.757472 1.45891 0)
(0.70464 1.42648 -3.55839e-20)
(0.641028 1.39889 0)
(0.584275 1.39503 -4.59079e-19)
(0.588761 1.55859 4.46351e-19)
(0.747302 2.38074 -5.44184e-20)
(0.912698 3.17477 -3.87934e-19)
(0.969099 3.25977 -7.42494e-20)
(0.868037 2.90282 5.67152e-20)
(0.45297 1.70172 -1.85138e-20)
(-0.045259 -0.0962961 7.72876e-20)
(-0.232848 -0.270895 4.61519e-20)
(-0.127465 -0.244482 1.80885e-20)
(-0.0596831 -0.0738126 -8.70161e-20)
(0.280052 0.534953 4.25252e-21)
(0.673415 1.2033 7.74261e-20)
(0.815836 1.50288 0)
(0.846253 1.56541 1.00514e-19)
(0.816413 1.56069 -1.0787e-19)
(0.780513 1.52397 3.20571e-20)
(0.735335 1.49029 -4.80678e-21)
(0.686861 1.45681 -1.32794e-19)
(0.626967 1.43018 1.56068e-19)
(0.579892 1.43255 -4.82981e-20)
(0.603259 1.63314 3.29109e-19)
(0.791872 2.52421 4.1747e-19)
(0.950615 3.18954 3.74887e-20)
(0.983558 3.20563 1.64947e-19)
(0.807836 2.70467 5.0438e-20)
(0.30957 1.16993 -7.94971e-20)
(-0.0870454 -0.235899 3.48372e-20)
(-0.25792 -0.31319 -1.32839e-20)
(-0.139754 -0.298447 5.34092e-22)
(-0.078219 -0.101243 8.35151e-20)
(0.251529 0.520995 3.79565e-19)
(0.635318 1.21253 -8.14288e-20)
(0.779438 1.52983 -1.86063e-19)
(0.811331 1.59545 1.51037e-19)
(0.784572 1.59066 -3.79352e-20)
(0.752365 1.55293 6.80802e-20)
(0.710911 1.52041 -2.2326e-20)
(0.668077 1.48615 0)
(0.614472 1.46 -1.84577e-19)
(0.57653 1.47142 3.00121e-20)
(0.623743 1.71236 -9.6184e-20)
(0.833999 2.64473 -3.50067e-19)
(0.974537 3.19434 2.38747e-20)
(0.99058 3.15926 9.0697e-21)
(0.772959 2.48115 7.12534e-20)
(0.268833 0.775313 1.63146e-20)
(-0.0698235 -0.289096 -4.4634e-20)
(-0.195862 -0.353336 -3.5405e-20)
(-0.127244 -0.323631 -8.03899e-21)
(-0.0664626 -0.127051 -9.24258e-20)
(0.218672 0.495944 0)
(0.590652 1.2093 7.55415e-20)
(0.736167 1.54624 -8.12054e-20)
(0.771976 1.62467 1.52409e-19)
(0.75002 1.62313 -1.25144e-19)
(0.721987 1.58516 5.48145e-20)
(0.684842 1.54975 0)
(0.64729 1.51432 0)
(0.60161 1.48812 0)
(0.569227 1.50627 -6.24392e-20)
(0.636332 1.77394 5.85292e-20)
(0.870369 2.72418 -6.71814e-20)
(1.00086 3.19959 -1.06828e-19)
(0.999915 3.09518 -4.78349e-20)
(0.729113 2.3398 8.86057e-20)
(0.248835 0.460263 -6.6813e-20)
(-0.0494386 -0.21661 1.55467e-20)
(-0.135395 -0.344997 1.13125e-19)
(-0.107191 -0.303395 -1.22527e-20)
(-0.0101278 -0.0821177 0)
(0.18255 0.459198 3.61785e-19)
(0.541181 1.19852 -7.0641e-20)
(0.690844 1.5637 4.48161e-21)
(0.730192 1.64984 0)
(0.712469 1.64937 -6.25889e-20)
(0.688016 1.61096 1.7986e-20)
(0.655673 1.57676 0)
(0.624831 1.53989 -1.59608e-20)
(0.587153 1.51206 1.25938e-20)
(0.56285 1.53923 0)
(0.652969 1.82504 0)
(0.902465 2.77476 1.15451e-19)
(1.01658 3.20455 5.68041e-20)
(0.965269 3.06925 -4.28607e-20)
(0.601762 2.10266 2.35411e-20)
(-0.0358167 0.309226 -4.62692e-20)
(-0.283392 -0.0927151 0)
(-0.270566 -0.267994 8.84175e-20)
(-0.181828 -0.260314 9.36753e-20)
(0.00354511 0.0235122 -2.27621e-19)
(0.142768 0.405367 3.00802e-19)
(0.484235 1.16707 -6.90117e-20)
(0.637174 1.56283 8.45704e-20)
(0.68315 1.67046 -2.14069e-19)
(0.671321 1.67567 0)
(0.651952 1.63916 0)
(0.624438 1.60169 0)
(0.600293 1.56328 -1.03116e-20)
(0.571545 1.53321 8.13293e-21)
(0.551775 1.56068 0)
(0.65741 1.85355 0)
(0.933721 2.80023 -9.81698e-20)
(1.04408 3.22012 -3.4992e-21)
(0.96532 3.08599 -1.82187e-20)
(0.561802 2.11583 1.14293e-19)
(-0.122742 0.535158 0)
(-0.435446 -0.123281 -7.35871e-20)
(-0.513413 -0.630196 2.66095e-21)
(-0.464869 -0.724695 1.95031e-19)
(-0.135051 -0.31345 -2.03595e-19)
(0.101555 0.334595 -2.78314e-19)
(0.421525 1.11872 7.97038e-20)
(0.581458 1.55988 2.00906e-19)
(0.632846 1.68511 1.11594e-19)
(0.626135 1.69333 -9.07874e-20)
(0.611741 1.6596 -4.17059e-20)
(0.589432 1.62228 1.6294e-20)
(0.571826 1.58267 0)
(0.553986 1.54852 0)
(0.539872 1.57452 0)
(0.658294 1.85722 6.2339e-20)
(0.963846 2.77258 8.02087e-20)
(1.10284 3.2161 3.66705e-20)
(1.05513 3.1252 -8.85156e-21)
(0.678941 2.14507 7.35704e-20)
(0.0768149 0.593526 0)
(-0.389249 -0.216281 2.05575e-19)
(-0.575737 -0.932716 -1.03866e-18)
(-0.592272 -1.28676 2.25137e-18)
(-0.355825 -1.01421 -1.24197e-18)
(0.0579276 0.243457 2.92381e-19)
(0.349555 1.03777 -2.40218e-19)
(0.514526 1.52612 0)
(0.576855 1.68934 5.94053e-20)
(0.57674 1.70957 3.63949e-20)
(0.569047 1.68037 5.88248e-20)
(0.551395 1.64015 -1.52314e-20)
(0.540444 1.59755 0)
(0.531368 1.55871 0)
(0.525819 1.5762 7.34242e-20)
(0.644763 1.83271 3.72026e-21)
(0.989574 2.72352 -6.7356e-20)
(1.2183 3.17155 -5.61217e-20)
(1.28965 3.11114 2.1768e-19)
(1.1247 2.4916 -6.73913e-19)
(0.703733 1.2089 9.47834e-19)
(0.148972 0.193506 -7.15766e-19)
(-0.18472 -0.818633 0)
(-0.488373 -1.52625 -1.79303e-20)
(-0.385182 -1.45244 1.33154e-18)
(0.0208848 0.157246 2.9402e-19)
(0.269459 0.926141 0)
(0.446104 1.48223 0)
(0.516373 1.68169 0)
(0.523867 1.71414 2.37603e-20)
(0.52108 1.69163 -6.50466e-20)
(0.508457 1.65119 -1.45085e-20)
(0.502977 1.60767 0)
(0.503662 1.56207 0)
(0.50672 1.56575 -4.47125e-20)
(0.615372 1.77038 -2.92941e-20)
(0.976351 2.57051 3.36346e-20)
(1.28505 3.05702 -7.18176e-21)
(1.37922 2.95084 -8.93658e-21)
(1.29873 2.55318 -6.72096e-20)
(1.0814 1.67541 -5.44009e-20)
(0.63567 0.673538 -2.47944e-20)
(0.254884 -0.307509 0)
(-0.0385686 -1.01026 1.72723e-20)
(-0.241351 -1.38969 -1.38146e-19)
(-0.000224129 0.0874263 -2.63638e-19)
(0.179354 0.762466 9.05613e-20)
(0.365032 1.38473 1.28975e-19)
(0.450498 1.65522 -1.83387e-20)
(0.466153 1.71471 -6.92943e-20)
(0.469723 1.70151 -2.50009e-20)
(0.461303 1.6594 4.01649e-20)
(0.458245 1.61176 -7.4324e-21)
(0.465475 1.55639 0)
(0.478017 1.54361 -8.12734e-21)
(0.557007 1.67188 3.03144e-20)
(0.856722 2.3598 -5.25053e-20)
(1.20184 2.87237 0)
(1.27778 2.81889 4.13356e-20)
(1.22554 2.55509 0)
(1.11593 1.98909 3.93678e-20)
(0.773403 1.10759 8.8321e-20)
(0.444917 0.2887 0)
(0.132184 -0.507245 0)
(-0.0352273 -0.764538 -9.88772e-19)
(-0.00404222 0.0313849 1.95929e-19)
(0.0964949 0.531894 -7.3177e-20)
(0.292782 1.26023 5.46535e-20)
(0.381748 1.60181 -8.13538e-20)
(0.406011 1.6987 2.96411e-20)
(0.411255 1.69718 -6.2288e-21)
(0.407296 1.66198 -3.12398e-22)
(0.405579 1.61123 -7.96832e-21)
(0.411736 1.54608 6.52668e-23)
(0.427328 1.51024 2.16982e-20)
(0.467019 1.57224 6.6383e-21)
(0.627955 2.02767 0)
(0.980922 2.71884 4.02395e-20)
(1.01981 2.70349 0)
(1.01216 2.56623 0)
(0.940262 2.23908 0)
(0.734415 1.65107 8.21632e-19)
(0.481537 1.00109 -2.06225e-18)
(0.234359 0.397174 1.71876e-20)
(0.0415857 -0.0390811 1.45402e-18)
(0.00407659 -0.0234746 3.17173e-20)
(0.0316931 0.237859 2.97658e-20)
(0.206678 1.03174 -2.42513e-20)
(0.309178 1.51298 -1.55701e-20)
(0.339365 1.67507 1.25886e-20)
(0.349123 1.68923 5.85403e-21)
(0.347494 1.66356 1.75704e-21)
(0.342424 1.60777 0)
(0.342284 1.53608 1.5406e-21)
(0.351421 1.47711 3.83709e-21)
(0.363492 1.50235 -2.52465e-20)
(0.396666 1.81384 0)
(0.689644 2.53201 1.30748e-20)
(0.703213 2.67654 -5.81201e-20)
(0.683801 2.63849 0)
(0.632249 2.48133 0)
(0.526386 2.13963 -4.89553e-20)
(0.342449 1.59176 0)
(0.178979 1.0993 -3.74803e-20)
(0.0518595 0.593507 0)
(0.0100065 -0.0723008 0)
(0.0105846 0.0622878 0)
(0.107909 0.71265 0)
(0.224804 1.35227 0)
(0.265683 1.61818 -2.67981e-34)
(0.277333 1.66961 1.33092e-34)
(0.280849 1.65653 0)
(0.276171 1.60515 0)
(0.272959 1.52997 0)
(0.276108 1.46137 0)
(0.284979 1.47667 0)
(0.249146 1.71567 0)
(0.466127 2.39799 0)
(0.495811 2.69441 0)
(0.454181 2.73082 0)
(0.419348 2.67581 0)
(0.355248 2.47886 0)
(0.234767 2.06836 0)
(0.10797 1.604 0)
(0.0223845 0.999807 0)
(0.00535603 -0.112223 0)
(0.0134674 -0.0380644 0)
(0.0443864 0.456108 0)
(0.147038 1.18571 0)
(0.186578 1.54997 0)
(0.203694 1.64687 0)
(0.210019 1.64459 0)
(0.212323 1.60211 0)
(0.209509 1.52973 0)
(0.20933 1.46318 0)
(0.226268 1.47617 0)
(0.161272 1.67618 0)
(0.316897 2.32525 0)
(0.358867 2.71607 0)
(0.316641 2.8116 0)
(0.279295 2.79979 0)
(0.235866 2.67566 0)
(0.156769 2.34976 0)
(0.0641483 1.91361 0)
(0.0085034 1.21983 0)
(0.00419808 -0.150928 0)
(0.0178383 -0.0858453 0)
(0.0120154 0.342872 0)
(0.0722968 1.07767 0)
(0.105806 1.48784 0)
(0.1285 1.6195 0)
(0.141308 1.63037 0)
(0.151816 1.59713 0)
(0.149762 1.53202 0)
(0.151484 1.47077 0)
(0.175782 1.48419 0)
(0.104834 1.65344 0)
(0.20763 2.27835 0)
(0.248437 2.73813 0)
(0.21222 2.87866 0)
(0.175109 2.89404 0)
(0.146138 2.81593 0)
(0.0915263 2.54477 0)
(0.0293816 2.1237 0)
(-0.00531927 1.33966 0)
(0.00229366 -0.178121 0)
(0.00826805 -0.0938562 0)
(-0.0124025 0.348698 0)
(0.00249363 1.02081 0)
(0.0280631 1.44615 0)
(0.0545688 1.59251 0)
(0.0763223 1.61194 0)
(0.0940443 1.58955 0)
(0.102401 1.53049 0)
(0.104682 1.47506 0)
(0.132958 1.49429 0)
(0.0675921 1.64207 0)
(0.13125 2.24832 0)
(0.163543 2.75748 0)
(0.132774 2.93124 0)
(0.102205 2.96705 0)
(0.0805257 2.90898 0)
(0.0433483 2.66872 0)
(0.00180801 2.23729 0)
(-0.0113449 1.33703 0)
(0.000141102 -0.177129 0)
(-0.0117076 -0.0511969 0)
(-0.0415493 0.386338 0)
(-0.0455561 1.00941 0)
(-0.0322832 1.40535 0)
(-0.00617383 1.55525 0)
(0.0198899 1.58582 0)
(0.0441987 1.57306 0)
(0.0655452 1.52316 0)
(0.0637898 1.47559 0)
(0.0931548 1.50362 0)
(0.0422876 1.63665 0)
(0.0813232 2.22515 0)
(0.100778 2.76742 0)
(0.0739987 2.96663 0)
(0.0513356 3.01883 0)
(0.0376412 2.97714 0)
(0.0113606 2.75508 0)
(-0.0129184 2.31536 0)
(-0.0170436 1.30583 0)
(-0.00460502 -0.138292 0)
(-0.0249996 0.0264902 0)
(-0.0609245 0.45848 0)
(-0.0758771 1.02284 0)
(-0.0679052 1.36867 0)
(-0.0439078 1.5115 0)
(-0.0201126 1.55253 0)
(0.00694149 1.54724 0)
(0.0307258 1.51016 0)
(0.0289826 1.46987 0)
(0.0579188 1.5055 0)
(0.0238383 1.63572 0)
(0.0450969 2.2127 0)
(0.0530924 2.7747 0)
(0.0283402 2.99265 0)
(0.0121554 3.05729 0)
(0.00174799 3.01919 0)
(-0.0151355 2.79807 0)
(-0.032238 2.32293 0)
(-0.0181148 1.23126 0)
(-0.00647857 -0.0758383 0)
(-0.0316708 0.12551 0)
(-0.0702648 0.539348 0)
(-0.0868976 1.0383 0)
(-0.082623 1.33487 0)
(-0.0623712 1.46807 0)
(-0.0436372 1.5153 0)
(-0.0182851 1.51856 0)
(0.00128589 1.49325 0)
(0.0042689 1.45999 0)
(0.0316804 1.50309 0)
(0.00596801 1.63705 0)
(0.0159147 2.20504 0)
(0.0206828 2.78162 0)
(-0.000827555 3.00944 0)
(-0.0133184 3.08137 0)
(-0.0223995 3.04305 0)
(-0.0339614 2.81883 0)
(-0.0400184 2.3077 0)
(-0.0222992 1.11752 0)
(-0.0067935 -0.00575505 0)
(-0.03155 0.226986 0)
(-0.0687909 0.613702 0)
(-0.0849456 1.05208 0)
(-0.0834458 1.30919 0)
(-0.0656507 1.43275 0)
(-0.05076 1.48225 0)
(-0.0321484 1.49287 0)
(-0.0132224 1.4758 0)
(-0.00882999 1.44781 0)
(0.012542 1.50375 0)
(-0.00616217 1.63886 0)
(-0.00530699 2.20634 0)
(-0.0016835 2.78674 0)
(-0.0189324 3.02088 0)
(-0.027455 3.09398 0)
(-0.0386781 3.05945 0)
(-0.0464654 2.82638 0)
(-0.0465178 2.2694 0)
(-0.0227188 0.985616 0)
(-0.00570126 0.0599096 0)
(-0.026634 0.322034 0)
(-0.0591132 0.681915 0)
(-0.0749216 1.06966 0)
(-0.0767718 1.29488 0)
(-0.063169 1.40694 0)
(-0.0518807 1.45558 0)
(-0.0362017 1.47097 0)
(-0.0162336 1.46173 0)
(-0.0147006 1.4391 0)
(0.000806198 1.50474 0)
(-0.0116125 1.6443 0)
(-0.0176741 2.20889 0)
(-0.0172451 2.79435 0)
(-0.0336432 3.03564 0)
(-0.0398298 3.11086 0)
(-0.0487149 3.06906 0)
(-0.0543124 2.82084 0)
(-0.0467559 2.20467 0)
(-0.0177347 0.858582 0)
(-0.00391223 0.112253 0)
(-0.0199026 0.401835 0)
(-0.0464211 0.740091 0)
(-0.0598272 1.09057 0)
(-0.0640821 1.29375 0)
(-0.0551107 1.39559 0)
(-0.0486556 1.44025 0)
(-0.0364265 1.45486 0)
(-0.0183374 1.45093 0)
(-0.0198285 1.43298 0)
(-0.00541956 1.50327 0)
(-0.0169558 1.65494 0)
(-0.0246353 2.21639 0)
(-0.0293949 2.80811 0)
(-0.042654 3.05194 0)
(-0.0477908 3.12514 0)
(-0.0523607 3.08034 0)
(-0.0538798 2.81056 0)
(-0.0438417 2.13794 0)
(-0.011499 0.750082 0)
(-0.00248131 0.149935 0)
(-0.0139169 0.465151 0)
(-0.0353098 0.789235 0)
(-0.0458173 1.11053 0)
(-0.0502139 1.29615 0)
(-0.0460887 1.38887 0)
(-0.0437416 1.42967 0)
(-0.0352803 1.44372 0)
(-0.0221427 1.44286 0)
(-0.0254227 1.4293 0)
(-0.0109182 1.49838 0)
(-0.0195247 1.66049 0)
(-0.0300411 2.22572 0)
(-0.0337681 2.82074 0)
(-0.0478278 3.06513 0)
(-0.0515238 3.13466 0)
(-0.057647 3.08397 0)
(-0.0544848 2.79029 0)
(-0.0403895 2.06225 0)
(-0.00630451 0.660332 0)
(-0.00152967 0.175239 0)
(-0.00920394 0.512108 0)
(-0.0262368 0.827486 0)
(-0.0338709 1.12416 0)
(-0.0360586 1.3019 0)
(-0.0340505 1.38989 0)
(-0.0346512 1.42745 0)
(-0.0319666 1.43771 0)
(-0.0242528 1.43861 0)
(-0.0298761 1.42761 0)
(-0.0201841 1.49556 0)
(-0.0228923 1.66969 0)
(-0.0381781 2.24163 0)
(-0.0420843 2.83546 0)
(-0.0564829 3.07715 0)
(-0.058398 3.14416 0)
(-0.0612302 3.08091 0)
(-0.0590698 2.75977 0)
(-0.0355834 1.96641 0)
(-0.00322025 0.585692 0)
(-0.00107215 0.192513 0)
(-0.00632307 0.547827 0)
(-0.0199286 0.860311 0)
(-0.0273902 1.13298 0)
(-0.0271153 1.30368 0)
(-0.027453 1.38897 0)
(-0.0275225 1.425 0)
(-0.0281889 1.43596 0)
(-0.0243691 1.43797 0)
(-0.0309362 1.42868 0)
(-0.0270435 1.49161 0)
(-0.0248414 1.67566 0)
(-0.043958 2.25504 0)
(-0.049491 2.84956 0)
(-0.0637662 3.087 0)
(-0.063826 3.14608 0)
(-0.0622703 3.07322 0)
(-0.0536576 2.72072 0)
(-0.0303849 1.87755 0)
(1.65855e-05 0.527144 0)
(-0.000807998 0.20429 0)
(-0.00436945 0.573417 0)
(-0.0146219 0.886552 0)
(-0.0218588 1.13964 0)
(-0.0213329 1.30612 0)
(-0.0214125 1.39179 0)
(-0.0211751 1.42801 0)
(-0.0256377 1.4378 0)
(-0.0237005 1.43851 0)
(-0.0315428 1.4317 0)
(-0.0347517 1.48989 0)
(-0.0272878 1.68506 0)
(-0.0469885 2.27353 0)
(-0.0535687 2.86083 0)
(-0.0665082 3.09169 0)
(-0.0643809 3.14427 0)
(-0.0598849 3.0608 0)
(-0.0466055 2.66924 0)
(-0.0252169 1.7905 0)
(0.00360204 0.484294 0)
(-0.000765784 0.213474 0)
(-0.00349774 0.593386 0)
(-0.0110617 0.910128 0)
(-0.0193774 1.14899 0)
(-0.019396 1.30665 0)
(-0.0194967 1.39104 0)
(-0.018466 1.42884 0)
(-0.025048 1.4417 0)
(-0.0245317 1.44104 0)
(-0.0361558 1.44073 0)
(-0.0421756 1.48667 0)
(-0.0323923 1.68714 0)
(-0.0492608 2.29435 0)
(-0.0595972 2.87256 0)
(-0.0705172 3.09301 0)
(-0.0665298 3.13854 0)
(-0.0626419 3.03612 0)
(-0.0528969 2.61662 0)
(-0.0199647 1.68506 0)
(0.00338261 0.453972 0)
(-0.00077639 0.22071 0)
(-0.00293546 0.607223 0)
(-0.00818812 0.927948 0)
(-0.0147515 1.15904 0)
(-0.0168792 1.30897 0)
(-0.015951 1.39221 0)
(-0.013931 1.43253 0)
(-0.0206039 1.4489 0)
(-0.0225348 1.44414 0)
(-0.0380925 1.44805 0)
(-0.0501667 1.48516 0)
(-0.0471991 1.69027 0)
(-0.0591842 2.31714 0)
(-0.0757014 2.88587 0)
(-0.0813721 3.09387 0)
(-0.0781891 3.12988 0)
(-0.0744695 3.00705 0)
(-0.0592013 2.5487 0)
(-0.0194694 1.5767 0)
(0.00198719 0.425479 0)
(-0.000877859 0.22812 0)
(-0.00278006 0.618892 0)
(-0.00651028 0.943183 0)
(-0.0127538 1.17027 0)
(-0.0150196 1.30974 0)
(-0.0141903 1.38885 0)
(-0.0117936 1.43125 0)
(-0.0147568 1.45318 0)
(-0.0211694 1.45688 0)
(-0.0387805 1.46705 0)
(-0.0550288 1.49094 0)
(-0.0655973 1.69499 0)
(-0.070669 2.33924 0)
(-0.0860896 2.89812 0)
(-0.0886971 3.09203 0)
(-0.0804805 3.12338 0)
(-0.0744617 2.98309 0)
(-0.0497152 2.47658 0)
(-0.0211278 1.49157 0)
(0.00533054 0.398935 0)
(-0.000861814 0.233993 0)
(-0.00217472 0.625294 0)
(-0.00422741 0.951542 0)
(-0.00584383 1.17735 0)
(-0.00785787 1.31142 0)
(-0.00284894 1.38854 0)
(-0.00170369 1.43309 0)
(0.00460729 1.4615 0)
(-0.0094758 1.46157 0)
(-0.0244502 1.47416 0)
(-0.0486574 1.49747 0)
(-0.073651 1.69896 0)
(-0.0751954 2.34853 0)
(-0.0870266 2.90562 0)
(-0.0875422 3.08705 0)
(-0.0746184 3.10881 0)
(-0.0603622 2.95141 0)
(-0.0424723 2.41821 0)
(-0.0142427 1.4059 0)
(0.0109443 0.389127 0)
(-0.000886742 0.240385 0)
(-0.00179276 0.630219 0)
(-0.00282921 0.95607 0)
(-0.00332929 1.17968 0)
(-0.00553239 1.30741 0)
(0.00169073 1.37711 0)
(0.00396393 1.42052 0)
(0.0217206 1.45376 0)
(0.0140281 1.48022 0)
(0.0141387 1.50048 0)
(-0.0375337 1.53024 0)
(-0.0842363 1.71679 0)
(-0.0859087 2.36258 0)
(-0.0927601 2.9082 0)
(-0.0950376 3.07283 0)
(-0.0892278 3.08456 0)
(-0.0734019 2.90034 0)
(-0.0563935 2.32808 0)
(-0.00831492 1.28652 0)
(0.0114102 0.395928 0)
(-0.000686116 0.243733 0)
(-0.000826705 0.629675 0)
(0.000137308 0.954897 0)
(0.00345451 1.17685 0)
(0.0088381 1.30141 0)
(0.0253152 1.36819 0)
(0.0344354 1.41327 0)
(0.0645682 1.44933 0)
(0.0673915 1.47818 0)
(0.0815084 1.51709 0)
(0.0195608 1.57074 0)
(-0.0711811 1.73218 0)
(-0.0843842 2.36977 0)
(-0.100064 2.91744 0)
(-0.108918 3.07439 0)
(-0.10975 3.07111 0)
(-0.109654 2.83779 0)
(-0.0777918 2.19498 0)
(-0.0180711 1.13131 0)
(0.00184552 0.390054 0)
(-0.000743725 0.248267 0)
(-0.000973198 0.629177 0)
(0.000164871 0.949959 0)
(0.00444032 1.16372 0)
(0.0140698 1.27459 0)
(0.0330446 1.33145 0)
(0.0568644 1.36504 0)
(0.0969117 1.40314 0)
(0.131049 1.45037 0)
(0.163793 1.52923 0)
(0.0972073 1.65224 0)
(-0.0413478 1.79514 0)
(-0.0855416 2.38571 0)
(-0.097515 2.93653 0)
(-0.108223 3.0801 0)
(-0.107629 3.07485 0)
(-0.106982 2.81307 0)
(-0.0805687 2.10263 0)
(-0.0199801 1.00661 0)
(-0.00948881 0.343786 0)
(-1.83474e-06 0.247735 0)
(0.00106505 0.620489 0)
(0.00567529 0.933575 0)
(0.0174365 1.13725 0)
(0.0375431 1.24434 0)
(0.0690791 1.29636 0)
(0.107315 1.32876 0)
(0.15942 1.37229 0)
(0.205136 1.4267 0)
(0.235514 1.56516 0)
(0.124997 1.74147 0)
(-0.0107027 1.88398 0)
(-0.0717329 2.40585 0)
(-0.0785962 2.96012 0)
(-0.0968939 3.09857 0)
(-0.104071 3.07227 0)
(-0.0776967 2.77659 0)
(-0.0635899 2.03271 0)
(0.0016906 0.920478 0)
(-0.0112834 0.303801 0)
(0.000319828 0.246521 0)
(0.0011387 0.613819 0)
(0.00391637 0.916216 0)
(0.0153372 1.0951 0)
(0.0377322 1.17741 0)
(0.0792804 1.20979 0)
(0.129573 1.23258 0)
(0.206916 1.27464 0)
(0.270197 1.36157 0)
(0.298346 1.58 0)
(0.227259 1.82055 0)
(0.096064 1.98043 0)
(-0.0338082 2.45691 0)
(-0.060186 3.00377 0)
(-0.102358 3.11364 0)
(-0.110573 3.0654 0)
(-0.0821839 2.71795 0)
(-0.0370777 1.907 0)
(0.0323022 0.884617 0)
(-0.00668489 0.315097 0)
(0.00153866 0.239206 0)
(0.00293932 0.599538 0)
(0.00783599 0.893609 0)
(0.0241492 1.06082 0)
(0.0518135 1.13035 0)
(0.0974353 1.1515 0)
(0.154493 1.16952 0)
(0.237417 1.21903 0)
(0.293411 1.33527 0)
(0.335284 1.6306 0)
(0.207459 1.92867 0)
(0.0538462 2.11319 0)
(-0.0824272 2.557 0)
(-0.10399 3.05573 0)
(-0.130754 3.12649 0)
(-0.149544 3.04793 0)
(-0.150847 2.57746 0)
(-0.0395977 1.57513 0)
(0.00776657 0.834525 0)
(0.000664827 0.335475 0)
(0.0005484 0.228081 0)
(-0.00167545 0.597102 0)
(-0.0054352 0.866865 0)
(0.0128578 0.990663 0)
(0.0484499 1.03027 0)
(0.106224 1.03158 0)
(0.16502 1.03918 0)
(0.245736 1.10078 0)
(0.29525 1.27785 0)
(0.332858 1.64828 0)
(0.256887 2.02103 0)
(0.0729342 2.20855 0)
(-0.0800601 2.62584 0)
(-0.116236 3.09981 0)
(-0.161688 3.18328 0)
(-0.164341 3.04188 0)
(-0.153317 2.51069 0)
(-0.0246604 1.42638 0)
(-0.0244984 0.803216 0)
(0.00418234 0.32696 0)
(-0.00198957 0.252882 0)
(-0.00821931 0.631326 0)
(-0.0154121 0.876436 0)
(-0.0161677 0.965517 0)
(-0.010636 0.976989 0)
(0.00918351 0.963568 0)
(0.0436464 0.971167 0)
(0.103284 1.03924 0)
(0.174579 1.24318 0)
(0.246643 1.6754 0)
(0.187838 2.19135 0)
(0.0279637 2.44557 0)
(-0.113384 2.79272 0)
(-0.15125 3.17674 0)
(-0.183891 3.20463 0)
(-0.16172 2.97795 0)
(-0.125913 2.27805 0)
(-0.0282494 1.22222 0)
(-0.0248919 0.723502 0)
(-2.54307e-05 0.28098 0)
(-0.247691 1.6013 9.60095e-23)
(0.402625 3.24731 1.54843e-19)
(0.0938145 3.47486 -6.96204e-20)
(0.202833 3.44101 0)
(0.164197 3.3928 0)
(0.158851 3.34448 -5.42669e-19)
(0.161369 3.3184 5.58528e-19)
(0.133746 3.27214 -5.6855e-19)
(0.117077 3.17503 1.01207e-20)
(0.103505 2.56636 7.38711e-19)
(-0.105028 2.3466 -2.01499e-23)
(0.135898 3.30175 1.70331e-19)
(0.0121054 3.44319 0)
(0.100493 3.39465 0)
(0.0766539 3.34763 1.61585e-20)
(0.0822004 3.30897 1.10681e-18)
(0.0779005 3.27552 -6.04955e-19)
(0.0534017 3.23915 -9.83485e-21)
(0.0523123 3.08022 9.38695e-21)
(0.0011014 2.08349 0)
(-0.0278389 2.08528 3.123e-19)
(0.0883687 3.14777 -3.27263e-19)
(0.0277618 3.3496 0)
(0.0753183 3.32706 5.12948e-19)
(0.0549328 3.30378 -1.41478e-21)
(0.0560052 3.28158 -5.67156e-19)
(0.0476501 3.26661 -6.78152e-19)
(0.032328 3.24488 -2.23443e-22)
(0.041765 3.11777 9.70912e-21)
(-0.016487 2.20999 0)
(-0.0403497 2.0275 -1.10716e-19)
(0.0291331 3.12302 0)
(-0.0119 3.31149 -2.67834e-19)
(0.0233852 3.30861 -2.33447e-19)
(0.017948 3.28508 1.92615e-20)
(0.0243019 3.26182 -3.52533e-19)
(0.0287247 3.24558 3.19971e-19)
(0.0224539 3.23311 -1.1126e-20)
(0.0426649 3.12444 1.4769e-20)
(0.00750911 2.24937 3.78164e-19)
(-0.0489659 2.02744 -2.17679e-19)
(0.0146884 3.09268 0)
(-0.00604685 3.26833 5.66818e-19)
(0.0134584 3.26268 -3.10677e-19)
(0.0151324 3.24859 -7.13843e-22)
(0.0182092 3.2374 3.04805e-21)
(0.0217536 3.23337 -1.54445e-20)
(0.0225244 3.22369 -3.89658e-19)
(0.0433706 3.12694 1.07619e-20)
(-0.00309066 2.31159 -7.87314e-19)
(-0.0517529 2.08741 0)
(-0.00909927 3.08722 -3.00854e-19)
(-0.0277721 3.24402 1.68774e-20)
(-0.0138423 3.24748 -2.07171e-20)
(-0.00464113 3.23263 2.12578e-20)
(0.0038527 3.22 3.52052e-19)
(0.0165242 3.21078 3.6611e-19)
(0.0213536 3.20534 7.61824e-19)
(0.0428143 3.12384 4.1873e-19)
(0.0107286 2.3539 -1.6555e-20)
(-0.0487596 2.14313 0)
(-0.0190512 3.08348 3.11734e-19)
(-0.0184016 3.21438 -3.24307e-19)
(-0.0110413 3.21295 -2.20361e-20)
(0.000155066 3.20253 4.54563e-20)
(0.00801326 3.19577 3.71804e-22)
(0.0165032 3.19562 -2.42957e-20)
(0.0220458 3.19078 -3.9597e-19)
(0.0425009 3.12121 -4.0781e-19)
(0.00384068 2.41956 -1.71962e-20)
(-0.0496736 2.22809 3.47423e-19)
(-0.0284963 3.08508 -1.62005e-20)
(-0.0317395 3.19432 1.11402e-20)
(-0.0233751 3.19573 0)
(-0.0130512 3.18575 0)
(-0.00120894 3.17807 0)
(0.0136865 3.17152 0)
(0.0207738 3.16937 4.31942e-19)
(0.0411316 3.11258 -4.44819e-19)
(0.0154602 2.46382 4.41717e-19)
(-0.0448499 2.30849 2.76954e-20)
(-0.0325946 3.08634 3.67396e-19)
(-0.0205502 3.16984 0)
(-0.0145822 3.16548 -2.44371e-20)
(-0.00398738 3.15767 2.49946e-20)
(0.0053951 3.15312 0)
(0.0146513 3.15432 -1.34539e-20)
(0.0207753 3.15263 -4.19276e-19)
(0.0402335 3.10921 4.46062e-19)
(0.010383 2.53298 0)
(-0.0448472 2.40219 1.49601e-20)
(-0.036485 3.08553 -5.61174e-19)
(-0.0303378 3.14977 0)
(-0.0226174 3.14698 0)
(-0.0136423 3.13925 2.64571e-20)
(-0.00216864 3.13375 -2.21959e-19)
(0.0118802 3.12881 -2.78652e-20)
(0.019221 3.12939 2.35733e-19)
(0.0384856 3.09614 0)
(0.0193072 2.58106 0)
(-0.0388804 2.49237 -5.7997e-19)
(-0.0380615 3.08332 1.96871e-19)
(-0.0202437 3.12439 0)
(-0.0130045 3.11619 0)
(-0.00352091 3.10948 0)
(0.00556373 3.10647 4.54757e-19)
(0.0141273 3.10894 0)
(0.0201753 3.11051 -2.51424e-19)
(0.0379168 3.0905 1.54652e-20)
(0.0149003 2.65379 2.6032e-19)
(-0.0385151 2.58771 2.05263e-19)
(-0.0405156 3.07436 -1.98163e-20)
(-0.0300063 3.10103 2.36032e-19)
(-0.0213411 3.09498 2.2905e-19)
(-0.0124803 3.08846 0)
(-0.000829855 3.08431 -2.32571e-19)
(0.0127548 3.08112 0)
(0.0210653 3.08456 0)
(0.0384304 3.07218 0)
(0.0223584 2.70643 -2.61528e-19)
(-0.0343892 2.67986 -2.12747e-19)
(-0.0427527 3.0634 2.1952e-19)
(-0.0230956 3.0721 -2.22433e-19)
(-0.0130761 3.06204 -3.49145e-19)
(-0.002852 3.05688 0)
(0.00718396 3.05538 3.1117e-20)
(0.016558 3.05893 -1.58957e-20)
(0.0248141 3.06301 1.17756e-19)
(0.0417391 3.06163 1.46284e-19)
(0.0207818 2.78041 -1.50454e-19)
(-0.0351125 2.77104 2.18323e-19)
(-0.0469202 3.04358 -2.11007e-19)
(-0.0330143 3.04548 1.49351e-20)
(-0.0208949 3.04031 8.84703e-20)
(-0.011075 3.03633 -1.25905e-19)
(0.000314512 3.03391 0)
(0.0140874 3.03181 1.35221e-19)
(0.0256678 3.03563 4.95067e-21)
(0.0445867 3.03661 -2.82116e-19)
(0.0287141 2.83263 -6.55134e-21)
(-0.0291053 2.85644 -6.10493e-20)
(-0.043627 3.02291 1.50282e-20)
(-0.0228321 3.01806 -7.7864e-20)
(-0.010991 3.01455 3.17742e-20)
(-0.00216887 3.01412 1.5338e-19)
(0.00628813 3.01346 -6.49022e-20)
(0.014192 3.01445 -6.51503e-20)
(0.0233584 3.01692 -6.77393e-20)
(0.0418612 3.02182 1.44386e-19)
(0.0247709 2.90029 7.1136e-20)
(-0.0178189 2.93908 4.90957e-20)
(-0.0262299 2.99942 2.16862e-20)
(-0.0162738 3.00052 4.29431e-20)
(-0.0094348 3.00172 -8.78482e-20)
(-0.004138 3.00265 2.97006e-20)
(0.000649072 3.00217 6.04826e-20)
(0.00564124 3.00061 -6.30361e-20)
(0.0107165 2.99898 -6.58404e-20)
(0.0218022 2.99716 8.84462e-21)
(0.016548 2.94915 6.28342e-20)
)
;

boundaryField
{
    wall-4
    {
        type            noSlip;
    }
    pressure-outlet-7
    {
        type            zeroGradient;
    }
    velocity-inlet-6
    {
        type            fixedValue;
        value           uniform (0 3 0);
    }
    velocity-inlet-5
    {
        type            fixedValue;
        value           uniform (1 0 0);
    }
    frontAndBackPlanes
    {
        type            empty;
    }
}


// ************************************************************************* //
