/*--------------------------------*- C++ -*----------------------------------*\
| =========                 |                                                 |
| \\      /  F ield         | OpenFOAM: The Open Source CFD Toolbox           |
|  \\    /   O peration     | Version:  4.0                                   |
|   \\  /    A nd           | Web:      www.OpenFOAM.org                      |
|    \\/     M anipulation  |                                                 |
\*---------------------------------------------------------------------------*/
FoamFile
{
    version     2.0;
    format      ascii;
    class       volVectorField;
    location    "43";
    object      U;
}
// * * * * * * * * * * * * * * * * * * * * * * * * * * * * * * * * * * * * * //

dimensions      [0 1 -1 0 0 0 0];

internalField   nonuniform List<vector> 
2200
(
(0.878857 -0.0304135 0)
(1.0058 -0.0512809 0)
(1.00331 -0.0353909 0)
(1.00029 -0.0244291 0)
(0.999872 -0.0166537 0)
(1.00004 -0.010735 0)
(1.00006 -0.00687194 0)
(1.00005 -0.00424544 0)
(1.00004 -0.00227749 0)
(1.00017 -0.00071492 0)
(1.00005 0.000892614 0)
(1.00003 0.00250662 0)
(1.00005 0.00450598 0)
(1.00011 0.00710524 0)
(1.0001 0.0108451 0)
(0.999909 0.0166755 0)
(1.00027 0.0244106 0)
(1.0035 0.0349984 0)
(1.00595 0.0513611 0)
(0.879005 0.0303288 0)
(0.711985 -0.0327697 0)
(0.996633 -0.0630333 0)
(1.0333 -0.0561921 0)
(1.02488 -0.0464772 0)
(1.01586 -0.0361704 0)
(1.0096 -0.0264321 0)
(1.00586 -0.0181795 0)
(1.00371 -0.0114488 0)
(1.00252 -0.00606831 0)
(1.00197 -0.00152616 0)
(1.00198 0.00268457 0)
(1.00253 0.00714316 0)
(1.00366 0.0123431 0)
(1.00561 0.0189152 0)
(1.00932 0.0271581 0)
(1.01562 0.0368865 0)
(1.0247 0.0472962 0)
(1.03308 0.0576373 0)
(0.996653 0.0631577 0)
(0.711778 0.0329897 0)
(0.535475 -0.0238986 0)
(0.969862 -0.0569497 0)
(1.0564 -0.0547627 0)
(1.05222 -0.0487846 0)
(1.03624 -0.0404756 0)
(1.02444 -0.032286 0)
(1.01585 -0.0240513 0)
(1.01039 -0.0162071 0)
(1.00723 -0.00898637 0)
(1.00574 -0.00241915 0)
(1.00566 0.00389842 0)
(1.00706 0.0103517 0)
(1.0101 0.0173931 0)
(1.01564 0.0251046 0)
(1.0242 0.0332776 0)
(1.03603 0.0412513 0)
(1.05205 0.0493399 0)
(1.05633 0.0536491 0)
(0.969222 0.0575611 0)
(0.534431 0.023933 0)
(0.392204 -0.0136532 0)
(0.911725 -0.046416 0)
(1.0574 -0.0469274 0)
(1.06952 -0.0443787 0)
(1.05488 -0.0382558 0)
(1.03936 -0.0316164 0)
(1.02754 -0.0247706 0)
(1.01905 -0.0175385 0)
(1.01367 -0.010051 0)
(1.01101 -0.00249361 0)
(1.0109 0.0050982 0)
(1.01336 0.0124855 0)
(1.01859 0.0196967 0)
(1.02695 0.0266481 0)
(1.03856 0.032953 0)
(1.05406 0.039419 0)
(1.06844 0.0454762 0)
(1.05572 0.0481031 0)
(0.910119 0.0469163 0)
(0.390166 0.0137517 0)
(0.307484 -0.00452785 0)
(0.846471 -0.0324335 0)
(1.04921 -0.0400384 0)
(1.07928 -0.0383055 0)
(1.06803 -0.0336673 0)
(1.05159 -0.028116 0)
(1.03827 -0.0227694 0)
(1.02804 -0.0167058 0)
(1.02099 -0.00983125 0)
(1.01715 -0.00230768 0)
(1.0169 0.00553911 0)
(1.02035 0.0128652 0)
(1.0272 0.0194735 0)
(1.0372 0.0251409 0)
(1.05042 0.0302617 0)
(1.06681 0.035541 0)
(1.07782 0.0399188 0)
(1.04729 0.0415399 0)
(0.843191 0.03292 0)
(0.304137 0.00470774 0)
(0.263986 9.26089e-05 0)
(0.788668 -0.0201113 0)
(1.03322 -0.0315379 0)
(1.08345 -0.0321124 0)
(1.0772 -0.0288527 0)
(1.06071 -0.0239944 0)
(1.04718 -0.0195478 0)
(1.03629 -0.014502 0)
(1.02844 -0.0084562 0)
(1.02403 -0.00146189 0)
(1.02378 0.00590375 0)
(1.02767 0.0125857 0)
(1.03497 0.0181885 0)
(1.04553 0.0228204 0)
(1.05869 0.0266933 0)
(1.07494 0.0311236 0)
(1.0806 0.0339019 0)
(1.02964 0.0330658 0)
(0.783368 0.0206605 0)
(0.259394 9.10204e-05 0)
(0.23997 0.00106209 0)
(0.737884 -0.0123105 0)
(1.01338 -0.0250783 0)
(1.08381 -0.0269145 0)
(1.08278 -0.0246457 0)
(1.06765 -0.0204776 0)
(1.05414 -0.0165226 0)
(1.04335 -0.012096 0)
(1.03526 -0.0068306 0)
(1.03038 -0.000579755 0)
(1.02983 0.00605958 0)
(1.03385 0.0120394 0)
(1.0414 0.0167678 0)
(1.05171 0.0206341 0)
(1.06506 0.0240914 0)
(1.07987 0.0277039 0)
(1.0804 0.0294041 0)
(1.00818 0.026976 0)
(0.729892 0.0130493 0)
(0.23388 -0.000864296 0)
(0.225566 0.000949847 0)
(0.69483 -0.00809334 0)
(0.992519 -0.0208494 0)
(1.08189 -0.0232308 0)
(1.08669 -0.0214521 0)
(1.07316 -0.0179466 0)
(1.05961 -0.0141511 0)
(1.04904 -0.00992997 0)
(1.04113 -0.0050202 0)
(1.03635 0.000599805 0)
(1.03589 0.00649229 0)
(1.03956 0.0115978 0)
(1.04649 0.0158787 0)
(1.05637 0.0194263 0)
(1.06958 0.0225346 0)
(1.08234 0.0253084 0)
(1.07623 0.026357 0)
(0.984255 0.0231391 0)
(0.68337 0.0090145 0)
(0.217707 -0.000733077 0)
(0.215855 0.000605037 0)
(0.659214 -0.00574501 0)
(0.972113 -0.0178463 0)
(1.07913 -0.0205732 0)
(1.08978 -0.0190478 0)
(1.07789 -0.0159716 0)
(1.0645 -0.0124061 0)
(1.05404 -0.00827799 0)
(1.04622 -0.00355583 0)
(1.0412 0.00166222 0)
(1.04016 0.00699777 0)
(1.04358 0.0117592 0)
(1.05046 0.0156492 0)
(1.06017 0.0188675 0)
(1.07304 0.0216476 0)
(1.0842 0.0239052 0)
(1.07197 0.024471 0)
(0.960821 0.0205942 0)
(0.643838 0.00689371 0)
(0.205856 -0.000367838 0)
(0.208493 0.000280705 0)
(0.630187 -0.00426787 0)
(0.952277 -0.0151376 0)
(1.07558 -0.0181623 0)
(1.09292 -0.0169808 0)
(1.08245 -0.0141964 0)
(1.06897 -0.0106809 0)
(1.05854 -0.00662925 0)
(1.05082 -0.00199867 0)
(1.04604 0.00305202 0)
(1.04513 0.00796492 0)
(1.04807 0.0123663 0)
(1.05402 0.0159607 0)
(1.06329 0.0189695 0)
(1.07609 0.0213716 0)
(1.08496 0.0230524 0)
(1.06482 0.023073 0)
(0.936342 0.018559 0)
(0.609683 0.00569579 0)
(0.195818 3.45971e-06 0)
(0.202678 8.9728e-05 0)
(0.607158 -0.00316099 0)
(0.935053 -0.0125915 0)
(1.07248 -0.015724 0)
(1.09569 -0.0146898 0)
(1.08676 -0.0121578 0)
(1.07343 -0.00886704 0)
(1.06285 -0.00503725 0)
(1.05491 -0.000524254 0)
(1.04964 0.00437065 0)
(1.04798 0.00907777 0)
(1.0506 0.0132135 0)
(1.05696 0.0165457 0)
(1.06616 0.0190669 0)
(1.07844 0.0211663 0)
(1.0857 0.02246 0)
(1.059 0.0219922 0)
(0.913879 0.0168237 0)
(0.580652 0.00493006 0)
(0.186751 0.000268827 0)
(0.19791 5.20562e-06 0)
(0.588279 -0.00232542 0)
(0.918275 -0.0104433 0)
(1.06883 -0.0137196 0)
(1.09893 -0.0127518 0)
(1.09138 -0.0100766 0)
(1.07777 -0.00668974 0)
(1.06685 -0.0029289 0)
(1.05854 0.00125189 0)
(1.05301 0.00593173 0)
(1.05133 0.0105649 0)
(1.05365 0.0143907 0)
(1.05907 0.017159 0)
(1.06825 0.0193484 0)
(1.0806 0.0210128 0)
(1.08559 0.0219757 0)
(1.04979 0.0210398 0)
(0.889889 0.0153209 0)
(0.5543 0.00445545 0)
(0.178007 0.000431896 0)
(0.19439 4.83386e-06 0)
(0.573865 -0.00154484 0)
(0.904634 -0.00804017 0)
(1.06635 -0.0111255 0)
(1.10221 -0.0101314 0)
(1.09602 -0.00760895 0)
(1.08233 -0.00416601 0)
(1.07101 -0.000579862 0)
(1.06224 0.00363199 0)
(1.05614 0.00818827 0)
(1.0537 0.0125697 0)
(1.05574 0.0157792 0)
(1.06181 0.0180777 0)
(1.07083 0.0198148 0)
(1.08267 0.0214281 0)
(1.08511 0.0219299 0)
(1.04265 0.0204904 0)
(0.868538 0.0142638 0)
(0.531459 0.00418211 0)
(0.169812 0.00052664 0)
(0.192194 3.7839e-05 0)
(0.563445 -0.000752029 0)
(0.892412 -0.00593169 0)
(1.06343 -0.00875311 0)
(1.10579 -0.00770018 0)
(1.10122 -0.00493495 0)
(1.08732 -0.0015722 0)
(1.07552 0.00210885 0)
(1.06634 0.00606905 0)
(1.05987 0.01036 0)
(1.05688 0.0144703 0)
(1.05806 0.017595 0)
(1.06306 0.0195363 0)
(1.07238 0.0208174 0)
(1.08378 0.0218238 0)
(1.08382 0.0220549 0)
(1.03101 0.0200638 0)
(0.84444 0.0133082 0)
(0.509255 0.00398416 0)
(0.161553 0.000569268 0)
(0.191387 8.68609e-05 0)
(0.555991 -0.000133553 0)
(0.882707 -0.00359387 0)
(1.06171 -0.00593035 0)
(1.10926 -0.00473906 0)
(1.10606 -0.00212766 0)
(1.09224 0.00149382 0)
(1.08001 0.00512719 0)
(1.0701 0.00936233 0)
(1.06279 0.0138139 0)
(1.05926 0.0176874 0)
(1.06021 0.0200839 0)
(1.0655 0.0215067 0)
(1.07442 0.0223998 0)
(1.08429 0.0228388 0)
(1.08186 0.0224322 0)
(1.02164 0.0198987 0)
(0.823667 0.0126702 0)
(0.489946 0.00390042 0)
(0.153893 0.000582151 0)
(0.192011 -7.55369e-06 0)
(0.552464 0.000895147 0)
(0.876019 -0.00150722 0)
(1.06024 -0.00329654 0)
(1.11288 -0.00176802 0)
(1.11124 0.00128172 0)
(1.09741 0.00486093 0)
(1.08487 0.00897071 0)
(1.07457 0.0132106 0)
(1.06647 0.017187 0)
(1.06165 0.0202172 0)
(1.06145 0.0224032 0)
(1.06575 0.0234908 0)
(1.07443 0.0239518 0)
(1.08359 0.0241646 0)
(1.07761 0.0234601 0)
(1.00718 0.0201012 0)
(0.799004 0.0123981 0)
(0.469437 0.00397514 0)
(0.145697 0.000621092 0)
(0.194112 0.000258691 0)
(0.553013 0.0015272 0)
(0.871864 0.000971196 0)
(1.0611 0.000242621 0)
(1.11751 0.00218247 0)
(1.11667 0.00514377 0)
(1.10291 0.00915843 0)
(1.09001 0.0133322 0)
(1.07898 0.0177908 0)
(1.06988 0.0220443 0)
(1.06475 0.0250484 0)
(1.06418 0.0265339 0)
(1.06776 0.0270621 0)
(1.0754 0.0268403 0)
(1.08272 0.0259771 0)
(1.07368 0.0244926 0)
(0.995579 0.0205419 0)
(0.77827 0.0125211 0)
(0.451374 0.00415596 0)
(0.137856 0.000673456 0)
(0.198156 0.000659755 0)
(0.556066 0.00236406 0)
(0.872589 0.00364842 0)
(1.06298 0.00357078 0)
(1.12254 0.00611546 0)
(1.1228 0.00977178 0)
(1.10871 0.0139107 0)
(1.09528 0.0184811 0)
(1.08352 0.023106 0)
(1.07333 0.0270986 0)
(1.06593 0.0294389 0)
(1.0631 0.0302362 0)
(1.06561 0.0300973 0)
(1.07326 0.029408 0)
(1.08006 0.0286305 0)
(1.06686 0.0263178 0)
(0.978463 0.0214778 0)
(0.752324 0.0127769 0)
(0.430483 0.00435707 0)
(0.128871 0.000721862 0)
(0.204904 0.000857195 0)
(0.563782 0.00364088 0)
(0.876878 0.00625026 0)
(1.06753 0.00797412 0)
(1.12858 0.0112883 0)
(1.12935 0.0151097 0)
(1.11475 0.019871 0)
(1.1001 0.0247141 0)
(1.08672 0.029592 0)
(1.07471 0.0339734 0)
(1.06669 0.0366621 0)
(1.06432 0.0371689 0)
(1.06643 0.0360419 0)
(1.07286 0.0341858 0)
(1.07694 0.0316023 0)
(1.05958 0.028472 0)
(0.963233 0.0228296 0)
(0.729975 0.0133544 0)
(0.411667 0.00471825 0)
(0.120159 0.000783416 0)
(0.213399 0.00101421 0)
(0.575573 0.00497075 0)
(0.885477 0.00958744 0)
(1.07418 0.0126867 0)
(1.13573 0.0166795 0)
(1.13702 0.0216774 0)
(1.12132 0.0271906 0)
(1.10543 0.0326585 0)
(1.09055 0.0378301 0)
(1.07677 0.0418606 0)
(1.06616 0.0432974 0)
(1.06054 0.0422427 0)
(1.06112 0.0402693 0)
(1.06755 0.0376655 0)
(1.07168 0.0356159 0)
(1.04958 0.0313449 0)
(0.942137 0.0243669 0)
(0.70132 0.014117 0)
(0.388747 0.00511739 0)
(0.109837 0.000817798 0)
(0.226352 0.00140521 0)
(0.595619 0.00704481 0)
(0.901782 0.0143641 0)
(1.08495 0.0195539 0)
(1.14474 0.0245886 0)
(1.14598 0.0297618 0)
(1.12939 0.0360541 0)
(1.11201 0.0421857 0)
(1.0952 0.0478061 0)
(1.07895 0.0518589 0)
(1.06639 0.0531105 0)
(1.06121 0.0518777 0)
(1.06152 0.0487797 0)
(1.06601 0.044964 0)
(1.06521 0.0403014 0)
(1.03742 0.034776 0)
(0.922035 0.0266474 0)
(0.676027 0.0154938 0)
(0.367338 0.00575758 0)
(0.0996408 0.000857496 0)
(0.24252 0.00198893 0)
(0.620804 0.00878018 0)
(0.923476 0.0187729 0)
(1.09931 0.0260977 0)
(1.1557 0.0323669 0)
(1.15674 0.0393468 0)
(1.13843 0.0466757 0)
(1.1194 0.0536559 0)
(1.10063 0.0597358 0)
(1.08222 0.0636653 0)
(1.06664 0.0635284 0)
(1.05683 0.0603346 0)
(1.05334 0.0555269 0)
(1.05688 0.0507334 0)
(1.05734 0.0462027 0)
(1.02348 0.0395226 0)
(0.895805 0.0296277 0)
(0.642778 0.0174118 0)
(0.339656 0.00644812 0)
(0.0871803 0.000870044 0)
(0.26504 0.00284143 0)
(0.655275 0.0125419 0)
(0.952441 0.0253254 0)
(1.11818 0.0353418 0)
(1.1694 0.0433413 0)
(1.16883 0.0515633 0)
(1.14845 0.0600472 0)
(1.12669 0.0680371 0)
(1.10465 0.074657 0)
(1.08243 0.0783647 0)
(1.06395 0.0776737 0)
(1.05399 0.0736997 0)
(1.05198 0.0682146 0)
(1.05372 0.0618197 0)
(1.04664 0.0543917 0)
(1.005 0.0455147 0)
(0.868845 0.0339727 0)
(0.611233 0.0200826 0)
(0.312087 0.00735735 0)
(0.0746263 0.000889078 0)
(0.296733 0.00372664 0)
(0.701584 0.0156722 0)
(0.991283 0.0332917 0)
(1.14305 0.0466266 0)
(1.18604 0.0566757 0)
(1.18305 0.0676256 0)
(1.15898 0.0777047 0)
(1.1339 0.0863974 0)
(1.10838 0.0927419 0)
(1.083 0.0953182 0)
(1.06147 0.0926204 0)
(1.0473 0.0864896 0)
(1.03998 0.0784638 0)
(1.03901 0.0702221 0)
(1.03361 0.0629456 0)
(0.984683 0.0528163 0)
(0.834156 0.0389047 0)
(0.568275 0.0230974 0)
(0.275484 0.00812039 0)
(0.0591952 0.000874586 0)
(0.333351 0.00718704 0)
(0.760139 0.0248157 0)
(1.03909 0.0463993 0)
(1.1736 0.0636886 0)
(1.20733 0.0763383 0)
(1.19927 0.0896745 0)
(1.17076 0.100754 0)
(1.14145 0.109685 0)
(1.11143 0.115439 0)
(1.08104 0.116432 0)
(1.05536 0.11159 0)
(1.03996 0.103189 0)
(1.03441 0.0938744 0)
(1.03366 0.0845048 0)
(1.01792 0.0739217 0)
(0.958053 0.0607401 0)
(0.797159 0.0447504 0)
(0.525758 0.0262353 0)
(0.23975 0.00886867 0)
(0.0444485 0.000744875 0)
(0.414141 0.0108597 0)
(0.847181 0.0359157 0)
(1.10342 0.066958 0)
(1.21198 0.0890067 0)
(1.2323 0.103854 6.68533e-34)
(1.21751 0.119731 -2.9965e-34)
(1.1829 0.130846 0)
(1.14878 0.138523 0)
(1.11419 0.142055 0)
(1.07992 0.139887 0)
(1.05116 0.131972 0)
(1.03194 0.120668 0)
(1.02075 0.108853 0)
(1.01382 0.0963219 0)
(0.998686 0.0850139 0)
(0.929127 0.0704781 0)
(0.74987 0.0510052 0)
(0.46763 0.0291327 0)
(0.191305 0.00873397 0)
(0.0265707 0.000703308 0)
(0.485582 0.0260984 5.03481e-20)
(0.94827 0.0595768 -3.80784e-20)
(1.17157 0.100681 0)
(1.25131 0.126331 2.91758e-20)
(1.25973 0.142051 -2.36543e-20)
(1.2349 0.159514 3.16154e-34)
(1.19345 0.168745 0)
(1.15374 0.17447 1.66651e-20)
(1.11343 0.175755 -5.464e-20)
(1.0735 0.171302 1.1125e-20)
(1.03943 0.159789 0)
(1.01782 0.145185 -2.80654e-20)
(1.00799 0.130866 -3.35672e-20)
(1.00296 0.118263 5.86881e-20)
(0.972141 0.103402 -4.63565e-20)
(0.881697 0.0833475 0)
(0.682434 0.059042 -1.67632e-20)
(0.392877 0.0309485 0)
(0.138185 0.00913786 -9.23174e-20)
(0.00893776 0.000771237 1.08828e-19)
(0.521018 0.0538262 -6.58571e-21)
(1.01134 0.102601 1.16241e-19)
(1.22103 0.15095 -7.13392e-21)
(1.28457 0.174104 -7.35553e-20)
(1.28367 0.191364 -5.01299e-20)
(1.24968 0.206776 8.14976e-20)
(1.20209 0.213433 0)
(1.1568 0.216737 0)
(1.11127 0.215226 8.71142e-20)
(1.0662 0.206614 0)
(1.02776 0.19198 1.01725e-19)
(1.00156 0.175704 3.01128e-20)
(0.984835 0.160167 3.64788e-22)
(0.967348 0.143369 -6.41531e-20)
(0.936131 0.126943 0)
(0.836919 0.104587 0)
(0.625166 0.0718142 -2.74458e-19)
(0.342764 0.0375208 6.88315e-19)
(0.115873 0.0108125 -4.08125e-19)
(0.00107736 0.000625653 -4.80959e-19)
(0.528189 0.0763673 -6.95839e-20)
(1.0476 0.159483 2.62128e-20)
(1.25695 0.21111 1.38854e-20)
(1.31103 0.232778 1.28667e-19)
(1.30257 0.248511 1.42952e-20)
(1.26092 0.25979 -2.12956e-19)
(1.20745 0.262638 7.22902e-20)
(1.15618 0.262719 0)
(1.10388 0.257931 -1.84564e-19)
(1.05219 0.247103 1.63118e-19)
(1.00846 0.230951 -2.74623e-19)
(0.978394 0.210679 1.28646e-19)
(0.961316 0.193265 -8.32665e-20)
(0.949193 0.176917 1.87531e-19)
(0.905714 0.15695 0)
(0.798403 0.126692 -6.86966e-20)
(0.593515 0.0872696 0)
(0.332944 0.0448969 3.79743e-19)
(0.116138 0.0155939 -9.00515e-19)
(0.00309893 0.000103221 5.64076e-19)
(0.52256 0.108265 2.03373e-19)
(1.06724 0.216411 -8.83234e-20)
(1.2789 0.276638 -1.84517e-20)
(1.32848 0.297647 0)
(1.31471 0.310911 -9.47413e-20)
(1.26757 0.316749 1.16668e-19)
(1.20949 0.31484 -7.73721e-20)
(1.15351 0.311069 0)
(1.09738 0.302336 1.31217e-19)
(1.04288 0.28762 -1.14688e-19)
(0.994526 0.265401 2.38205e-19)
(0.960291 0.245865 0)
(0.936712 0.226684 -1.77035e-19)
(0.910198 0.205911 9.97716e-20)
(0.871982 0.184301 2.51913e-19)
(0.771627 0.15438 -2.21653e-19)
(0.578423 0.109717 3.53927e-19)
(0.334718 0.0605467 -7.83179e-19)
(0.129335 0.0230038 4.94558e-19)
(0.0111322 0.00180812 -6.18701e-19)
(0.510275 0.132543 -7.64702e-20)
(1.0739 0.270258 5.50133e-20)
(1.28974 0.342121 -6.11033e-20)
(1.33798 0.362685 1.18795e-19)
(1.32062 0.373775 -1.10408e-19)
(1.2697 0.374907 3.71828e-20)
(1.20795 0.368607 3.65296e-21)
(1.14765 0.360753 -1.49932e-19)
(1.08639 0.348296 -1.37749e-19)
(1.02425 0.329729 -2.46467e-19)
(0.970685 0.307416 -5.12071e-19)
(0.933793 0.283894 -1.57513e-19)
(0.909397 0.262134 2.41571e-21)
(0.891528 0.242035 -3.41739e-19)
(0.844742 0.219146 -6.22048e-21)
(0.742738 0.180628 3.2253e-19)
(0.562404 0.130927 -9.74839e-20)
(0.337432 0.0766319 -5.65979e-20)
(0.142448 0.0322259 0)
(0.0193585 0.00446066 1.31545e-18)
(0.493302 0.153271 0)
(1.06825 0.320258 -7.05276e-21)
(1.29237 0.405778 -1.18493e-20)
(1.34071 0.426898 -1.2737e-20)
(1.32069 0.436518 1.07813e-19)
(1.26711 0.433044 -8.61633e-20)
(1.20256 0.422444 8.46649e-20)
(1.13905 0.410744 2.45877e-19)
(1.07467 0.394224 -7.65045e-20)
(1.01154 0.37166 1.2235e-19)
(0.956886 0.344913 2.75196e-19)
(0.915012 0.318749 3.43182e-19)
(0.883335 0.295908 -2.06406e-19)
(0.852218 0.271688 3.69619e-19)
(0.812478 0.246119 -2.92784e-19)
(0.722388 0.210767 0)
(0.557596 0.155979 -7.39546e-19)
(0.346631 0.0961153 9.95404e-19)
(0.157237 0.0437569 7.42946e-20)
(0.0279246 0.00802212 -1.38888e-18)
(0.478716 0.173534 -5.13871e-21)
(1.05985 0.368372 2.37905e-20)
(1.28984 0.466555 8.68001e-20)
(1.33867 0.488518 -1.07225e-19)
(1.31647 0.496866 8.78748e-20)
(1.26095 0.48962 -8.40596e-20)
(1.19442 0.475507 1.6839e-19)
(1.12857 0.459996 -7.43856e-20)
(1.0615 0.439689 -3.09119e-19)
(0.993943 0.414127 1.12672e-23)
(0.932197 0.383742 -2.9873e-19)
(0.887482 0.354433 -3.68563e-19)
(0.858832 0.327293 2.27566e-19)
(0.834801 0.305737 -1.32899e-19)
(0.788014 0.278776 3.17656e-19)
(0.697664 0.235579 0)
(0.543816 0.179683 -4.58122e-19)
(0.348739 0.114202 6.7656e-19)
(0.166767 0.0551516 1.28211e-18)
(0.0341262 0.0115679 -1.50829e-18)
(0.464258 0.191004 -2.22098e-20)
(1.0469 0.412808 4.58009e-21)
(1.28295 0.524145 -6.31419e-20)
(1.33253 0.547655 1.11351e-19)
(1.30862 0.555286 1.18036e-20)
(1.25178 0.544419 -1.65563e-19)
(1.18377 0.526822 -9.7035e-20)
(1.11595 0.507959 -9.40072e-20)
(1.04599 0.484139 -1.73737e-19)
(0.974773 0.454456 2.79987e-19)
(0.912725 0.419314 3.02502e-19)
(0.867126 0.387442 5.84891e-19)
(0.831972 0.362028 0)
(0.798877 0.332392 6.11722e-21)
(0.759316 0.303332 -8.70682e-19)
(0.680411 0.265453 2.02886e-19)
(0.537854 0.204052 9.88337e-19)
(0.352626 0.133925 -2.91542e-19)
(0.174327 0.0665022 6.0782e-19)
(0.0386791 0.0150301 -5.07101e-20)
(0.454595 0.209436 5.89184e-21)
(1.0354 0.455906 2.88171e-20)
(1.27393 0.579149 -3.19936e-20)
(1.32374 0.604018 1.32068e-19)
(1.29839 0.610596 -1.86269e-19)
(1.24052 0.596644 1.65127e-19)
(1.17133 0.576396 1.00506e-19)
(1.1019 0.554562 2.8183e-19)
(1.03039 0.527813 3.50067e-19)
(0.958243 0.494883 -3.21634e-19)
(0.894351 0.458051 0)
(0.84347 0.423138 -2.20443e-19)
(0.808133 0.390521 2.53091e-19)
(0.78181 0.363387 3.18561e-19)
(0.737277 0.334213 -1.8413e-19)
(0.656593 0.287184 -4.49532e-19)
(0.521676 0.226322 -1.34304e-19)
(0.347669 0.14985 -1.50456e-21)
(0.175045 0.0757954 0)
(0.0405555 0.0173767 0)
(0.446158 0.225036 -5.5518e-20)
(1.02248 0.495658 0)
(1.26262 0.630578 -1.81975e-20)
(1.31264 0.657421 -5.53673e-21)
(1.28618 0.663419 2.09034e-19)
(1.2276 0.64666 -5.35876e-20)
(1.15758 0.623734 1.01949e-19)
(1.08705 0.599054 -1.91105e-19)
(1.01377 0.569151 2.65167e-19)
(0.938027 0.532598 -1.04578e-19)
(0.867812 0.49117 1.72744e-19)
(0.818335 0.45068 6.98313e-19)
(0.783574 0.419176 1.4036e-20)
(0.74671 0.387738 -3.3207e-19)
(0.709218 0.353819 6.14504e-19)
(0.637514 0.314248 4.2356e-21)
(0.510488 0.246277 1.43686e-19)
(0.341044 0.164711 -6.85749e-19)
(0.170524 0.0829117 7.04632e-19)
(0.0399774 0.0187147 -8.32488e-19)
(0.439422 0.243142 2.60662e-23)
(1.01086 0.534237 0)
(1.25066 0.679642 0)
(1.30028 0.708174 -9.13049e-21)
(1.27286 0.713101 -6.36974e-20)
(1.21372 0.693806 7.83473e-20)
(1.14319 0.66885 -1.91962e-19)
(1.07186 0.641896 0)
(0.997022 0.609862 -3.9063e-19)
(0.919956 0.571412 4.65005e-19)
(0.851718 0.526826 4.90503e-19)
(0.799798 0.483794 -2.56262e-19)
(0.757463 0.44639 -3.09199e-19)
(0.731212 0.414565 7.2455e-19)
(0.687439 0.38243 -2.182e-19)
(0.614022 0.330016 -2.6067e-19)
(0.491752 0.263671 -1.56148e-19)
(0.331147 0.176078 -7.39092e-19)
(0.164643 0.0872077 1.0735e-19)
(0.0378384 0.019624 8.97585e-19)
(0.435189 0.261575 -2.99259e-20)
(0.999379 0.570165 -3.70672e-20)
(1.23757 0.72513 2.36172e-20)
(1.2868 0.755834 -1.40797e-22)
(1.25866 0.76024 -5.97038e-20)
(1.19919 0.738706 1.30567e-19)
(1.12815 0.711634 0)
(1.0558 0.68248 1.14648e-19)
(0.979463 0.647819 -9.04015e-20)
(0.900253 0.605538 7.7439e-19)
(0.825951 0.55608 -1.11972e-19)
(0.768188 0.509872 1.27042e-19)
(0.734252 0.471573 0)
(0.696004 0.435776 -3.92075e-19)
(0.659968 0.396758 4.7429e-19)
(0.594286 0.353232 0)
(0.477633 0.27744 -3.36867e-19)
(0.317956 0.18558 9.90237e-19)
(0.155853 0.0895289 1.1672e-19)
(0.0344243 0.019679 -1.10452e-18)
(0.432871 0.27846 -7.89477e-20)
(0.989536 0.604975 1.01486e-19)
(1.22454 0.768508 0)
(1.27294 0.800902 -6.53977e-22)
(1.24412 0.804398 0)
(1.18428 0.780847 -1.65022e-19)
(1.11297 0.752205 0)
(1.04013 0.721265 0)
(0.962816 0.68512 -1.18428e-19)
(0.881419 0.641642 -7.35818e-19)
(0.806693 0.591014 -9.05688e-19)
(0.751295 0.540729 1.48085e-19)
(0.706525 0.496162 5.3344e-19)
(0.679768 0.457854 4.31187e-19)
(0.639089 0.421646 -1.52159e-18)
(0.570477 0.363133 -6.11402e-19)
(0.455621 0.28945 3.57807e-19)
(0.302783 0.190262 0)
(0.146064 0.090046 1.00355e-18)
(0.030657 0.0188201 -1.18968e-18)
(0.431296 0.294112 9.69e-20)
(0.979508 0.637096 -1.20102e-19)
(1.21113 0.808502 0)
(1.25868 0.842922 -1.09146e-20)
(1.22931 0.846109 6.25434e-21)
(1.16937 0.820863 0)
(1.09785 0.790579 5.85661e-20)
(1.02435 0.757959 7.85666e-20)
(0.945642 0.719886 -2.23563e-19)
(0.862237 0.673293 9.77824e-20)
(0.783244 0.617649 0)
(0.72134 0.564443 6.13255e-19)
(0.682588 0.518737 4.78191e-21)
(0.644353 0.476225 2.32534e-19)
(0.610323 0.429914 2.76162e-19)
(0.548991 0.381471 0)
(0.439193 0.296536 -5.85967e-19)
(0.286667 0.193695 1.1505e-18)
(0.13571 0.0889583 -1.21677e-18)
(0.0268618 0.0176011 2.56177e-18)
(0.43013 0.309014 0)
(0.970638 0.668382 0)
(1.19828 0.84657 -5.7101e-20)
(1.24463 0.882567 0)
(1.21472 0.885061 0)
(1.15458 0.858288 -1.40142e-19)
(1.08301 0.826816 5.9971e-20)
(1.00913 0.792829 1.75308e-20)
(0.929304 0.753584 -5.13707e-20)
(0.843402 0.706356 0)
(0.762295 0.650589 -1.37407e-19)
(0.701131 0.593488 -5.00098e-19)
(0.653489 0.540341 -6.01554e-19)
(0.626643 0.493959 -2.41562e-19)
(0.588286 0.451278 2.99389e-19)
(0.524729 0.383818 -7.06054e-19)
(0.415361 0.302243 1.26088e-18)
(0.269658 0.192499 2.97678e-21)
(0.125326 0.0866148 -1.16778e-18)
(0.0235628 0.0161386 -1.72805e-19)
(0.429025 0.323593 0)
(0.961798 0.697582 -9.95682e-20)
(1.18548 0.881657 7.15427e-20)
(1.23061 0.919391 0)
(1.20023 0.921731 0)
(1.14012 0.893737 2.82652e-19)
(1.0685 0.86104 0)
(0.993977 0.82576 0)
(0.912706 0.785118 -4.89691e-19)
(0.825198 0.735671 1.3417e-19)
(0.741285 0.676 -1.2189e-18)
(0.673428 0.61516 0)
(0.629489 0.562318 -6.51689e-19)
(0.588937 0.510302 1.07265e-20)
(0.556885 0.452371 -9.61141e-19)
(0.501287 0.395829 3.80051e-19)
(0.399271 0.300731 1.91995e-21)
(0.255503 0.190064 -1.32854e-18)
(0.116909 0.0831943 6.29915e-19)
(0.0203322 0.0144891 1.84891e-19)
(0.42808 0.337819 0)
(0.954037 0.726036 -1.42604e-19)
(1.1734 0.915175 7.56826e-20)
(1.21711 0.954182 8.70577e-20)
(1.18626 0.955914 -1.77668e-20)
(1.12602 0.926764 2.88138e-20)
(1.0544 0.893222 -3.75334e-20)
(0.97953 0.856983 4.75669e-19)
(0.897453 0.815516 5.23832e-19)
(0.807735 0.765827 1.02376e-18)
(0.720162 0.706697 1.01281e-18)
(0.651143 0.644142 1.77605e-19)
(0.597636 0.582796 9.37588e-19)
(0.5688 0.524682 5.78183e-19)
(0.532097 0.46988 6.90037e-19)
(0.475557 0.387856 -4.16338e-19)
(0.375304 0.296545 -4.85525e-19)
(0.242322 0.179098 5.68887e-19)
(0.111955 0.0817497 -3.37575e-19)
(0.0222644 0.0192695 5.98398e-19)
(0.427181 0.351637 2.0355e-19)
(0.946395 0.752509 2.22845e-19)
(1.16146 0.946064 4.47845e-20)
(1.20381 0.986407 1.62633e-20)
(1.17255 0.988031 2.40343e-20)
(1.11241 0.958012 -7.87122e-20)
(1.04084 0.923598 3.6423e-20)
(0.965584 0.886428 -2.05369e-20)
(0.882428 0.844106 -6.08826e-19)
(0.791295 0.793219 -1.11056e-18)
(0.700989 0.731194 7.0395e-20)
(0.625708 0.665748 0)
(0.574638 0.604815 0)
(0.527207 0.541114 -3.0126e-19)
(0.494761 0.46381 -1.1279e-18)
(0.446949 0.390627 8.96832e-19)
(0.363809 0.27514 5.31743e-19)
(0.24813 0.161216 0)
(0.124285 0.0569964 1.07659e-18)
(0.0158068 -0.00584856 -6.39787e-19)
(0.426424 0.364834 -1.07847e-19)
(0.939533 0.77804 9.57046e-20)
(1.15021 0.975602 -1.09285e-19)
(1.19114 1.0169 -8.38814e-20)
(1.15949 1.01793 -7.4637e-21)
(1.09932 0.987023 -2.49632e-20)
(1.02791 0.952068 0)
(0.952498 0.914324 -5.97464e-19)
(0.868596 0.871454 7.49605e-20)
(0.774974 0.820375 0)
(0.681035 0.759361 0)
(0.603529 0.694452 1.1277e-19)
(0.539474 0.625998 1.51261e-19)
(0.503391 0.554131 -3.24999e-19)
(0.463462 0.480735 8.09791e-19)
(0.411594 0.368634 -9.77099e-19)
(0.330905 0.254117 -1.13745e-18)
(0.249082 0.138977 1.00649e-18)
(0.17547 0.0946455 -3.83902e-19)
(0.113216 0.0809072 2.23534e-19)
(0.425541 0.377274 1.37215e-19)
(0.932676 0.80165 0)
(1.13911 1.0027 0)
(1.17875 1.04501 -2.21852e-20)
(1.14679 1.04596 1.796e-20)
(1.08682 1.01445 -2.09194e-20)
(1.01562 0.97891 1.59262e-19)
(0.939947 0.940536 6.12845e-19)
(0.85506 0.897143 1.10436e-18)
(0.760499 0.845599 -8.32464e-20)
(0.665059 0.783903 1.71605e-19)
(0.580108 0.716902 -1.00836e-18)
(0.518304 0.649711 -1.00195e-18)
(0.456998 0.574709 -1.74165e-19)
(0.41217 0.470894 0)
(0.367374 0.372689 -8.53605e-21)
(0.303071 0.189376 6.25257e-19)
(0.269631 0.03787 -1.0543e-18)
(0.230711 -0.0813385 8.01743e-19)
(0.082798 -0.0967284 6.65718e-19)
(0.424668 0.389233 -3.03866e-19)
(0.926305 0.824323 -1.37775e-19)
(1.1286 1.02875 6.95402e-21)
(1.16693 1.07187 5.17694e-20)
(1.13465 1.07232 0)
(1.07471 1.04017 -9.00137e-20)
(1.0037 1.00441 -2.27614e-19)
(0.927909 0.965865 -9.1729e-22)
(0.842401 0.92235 -5.78854e-19)
(0.745627 0.871026 -8.16359e-20)
(0.645736 0.81037 7.5825e-20)
(0.558463 0.745734 8.85615e-19)
(0.48033 0.674454 9.78021e-19)
(0.429037 0.589962 1.69322e-19)
(0.374335 0.499043 8.66243e-19)
(0.296424 0.342926 0)
(0.18048 0.175828 0)
(0.00951687 0.215567 7.28028e-19)
(-0.0770088 0.629436 -3.07025e-20)
(0.00588884 1.53278 -8.92471e-19)
(0.42361 0.40057 1.68223e-19)
(0.919994 0.845486 3.83419e-19)
(1.11819 1.05281 -5.20296e-19)
(1.15527 1.09688 2.54821e-19)
(1.12269 1.09749 -3.88703e-21)
(1.06293 1.06515 -4.57691e-20)
(0.992087 1.02925 0)
(0.916042 0.990591 -5.11521e-19)
(0.829797 0.947268 0)
(0.732291 0.896405 1.1527e-18)
(0.630977 0.836558 -9.17519e-20)
(0.53644 0.772189 1.02879e-19)
(0.461359 0.704672 1.11628e-18)
(0.375402 0.627108 -3.66686e-19)
(0.282697 0.499027 -4.41394e-19)
(0.201005 0.40024 0)
(0.0919666 0.517944 0)
(0.0272948 1.31814 0)
(0.0731717 2.45766 -4.1379e-19)
(0.101187 2.90808 -2.54202e-19)
(0.422429 0.411326 0)
(0.914055 0.865664 0)
(1.10837 1.07605 1.90348e-19)
(1.14423 1.12096 -2.06206e-19)
(1.11131 1.12129 8.51138e-20)
(1.05154 1.08866 5.10882e-20)
(0.980864 1.05297 2.90978e-20)
(0.904807 1.01471 -2.26551e-20)
(0.81808 0.971965 8.12702e-20)
(0.718168 0.921946 -1.32287e-18)
(0.611932 0.863603 1.66608e-19)
(0.515383 0.803482 8.81977e-19)
(0.420177 0.737508 -1.11249e-18)
(0.345876 0.646289 -1.21686e-18)
(0.268579 0.561569 4.10124e-19)
(0.194322 0.692005 0)
(0.125777 1.546 5.70918e-19)
(0.12602 2.68961 6.30228e-19)
(0.134111 3.08668 -7.04835e-19)
(0.125449 3.22159 7.59732e-19)
(0.421067 0.421699 0)
(0.908224 0.884436 3.4284e-19)
(1.09869 1.09735 -4.76049e-20)
(1.13341 1.14319 2.94608e-19)
(1.10018 1.14392 -8.93407e-20)
(1.04059 1.11145 0)
(0.970087 1.07597 0)
(0.893827 1.03803 0)
(0.806486 0.996024 4.60572e-19)
(0.706221 0.947394 6.13031e-20)
(0.599862 0.891834 0)
(0.496168 0.833579 -8.77566e-19)
(0.410745 0.77306 0)
(0.295958 0.69771 8.71207e-19)
(0.207326 0.766713 -5.85848e-19)
(0.15808 1.4597 -4.71907e-19)
(0.160153 2.67777 -1.11006e-18)
(0.18152 3.12667 -5.86152e-19)
(0.172295 3.26798 -8.00295e-19)
(0.158064 3.30835 6.14059e-19)
(0.419682 0.431216 -1.20293e-19)
(0.902686 0.902201 1.53701e-20)
(1.08959 1.11801 -5.32574e-20)
(1.12325 1.16476 -2.26699e-19)
(1.08967 1.16539 0)
(1.03007 1.13289 0)
(0.959721 1.09792 0)
(0.883531 1.06079 3.5567e-20)
(0.795867 1.01986 -5.81932e-19)
(0.693537 0.972783 0)
(0.582255 0.919064 0)
(0.479588 0.865872 0)
(0.367088 0.807396 0)
(0.306207 0.788873 6.35524e-19)
(0.273388 1.17113 1.56308e-18)
(0.253002 2.37655 4.64026e-19)
(0.265558 3.08306 9.38301e-19)
(0.259938 3.28448 -7.19873e-19)
(0.21082 3.35051 2.66987e-19)
(0.178017 3.36314 0)
(0.418159 0.440445 1.2406e-19)
(0.897095 0.91919 -7.64346e-19)
(1.08038 1.13738 -2.04291e-19)
(1.11305 1.18506 -4.44744e-20)
(1.07918 1.18631 2.06048e-20)
(1.01979 1.15423 -5.67191e-20)
(0.949649 1.11972 -4.86264e-21)
(0.873301 1.08313 -4.0316e-19)
(0.785188 1.04333 0)
(0.683022 0.998412 -7.70875e-20)
(0.573078 0.948953 7.01258e-20)
(0.463105 0.89892 0)
(0.375744 0.856659 0)
(0.319894 0.973902 -7.9484e-19)
(0.277186 1.85389 9.79003e-20)
(0.27298 2.94157 -3.48443e-19)
(0.29455 3.28889 7.27758e-19)
(0.267328 3.38777 5.30363e-19)
(0.201258 3.41234 -7.23247e-19)
(0.1763 3.42169 3.59344e-19)
(0.416308 0.449841 2.44865e-19)
(0.891141 0.936616 7.46944e-19)
(1.07095 1.15792 2.44781e-19)
(1.10269 1.20655 0)
(1.06855 1.20768 0)
(1.00922 1.17556 4.47272e-20)
(0.939327 1.14162 8.23858e-20)
(0.863258 1.10598 3.59836e-19)
(0.775218 1.06747 2.30967e-20)
(0.671645 1.02457 9.90413e-19)
(0.557602 0.977095 -1.16141e-18)
(0.447199 0.929143 0)
(0.369283 0.926841 0)
(0.336833 1.33854 -5.41755e-19)
(0.338326 2.48206 -6.51362e-19)
(0.381179 3.19852 0)
(0.405808 3.37168 -7.36709e-19)
(0.335956 3.43468 4.81678e-20)
(0.265756 3.47922 3.50557e-19)
(0.242944 3.50458 -1.16745e-19)
(0.414062 0.459656 -4.66611e-19)
(0.884508 0.954897 -3.59127e-19)
(1.06043 1.17867 0)
(1.09126 1.22808 0)
(1.05696 1.22987 0)
(0.998042 1.19811 0)
(0.928567 1.16452 -9.57018e-20)
(0.85259 1.12928 3.19948e-19)
(0.764489 1.09189 0)
(0.661866 1.05141 -9.02067e-19)
(0.551054 1.00884 2.08425e-18)
(0.442416 0.97454 8.48299e-20)
(0.389482 1.05747 1.12041e-19)
(0.388299 1.74812 8.84091e-19)
(0.404679 2.89823 -4.75216e-19)
(0.441965 3.3219 0)
(0.424873 3.44621 2.06077e-19)
(0.339026 3.53429 9.26568e-20)
(0.262267 3.59858 1.50453e-19)
(0.186967 3.57806 -1.03812e-20)
(0.411286 0.469865 2.22387e-19)
(0.877017 0.974066 -3.687e-19)
(1.04927 1.2014 0)
(1.07929 1.25162 -6.47647e-20)
(1.04482 1.253 2.20337e-19)
(0.986123 1.22091 0)
(0.917145 1.18766 0)
(0.841847 1.15329 -5.56851e-19)
(0.754416 1.11709 -5.82615e-20)
(0.651283 1.07863 8.85908e-19)
(0.534709 1.03758 -9.90471e-19)
(0.444654 1.01724 5.75303e-19)
(0.407717 1.23034 0)
(0.426487 2.18162 -4.68994e-19)
(0.469218 3.14503 3.0722e-19)
(0.531743 3.42608 1.92463e-19)
(0.524468 3.52312 0)
(0.460904 3.60567 -3.82025e-20)
(0.390001 3.64733 -4.15536e-19)
(0.308855 3.61856 -9.67595e-20)
(0.407929 0.480393 -4.45133e-19)
(0.868706 0.994412 5.28458e-19)
(1.03677 1.22421 3.63398e-19)
(1.06599 1.2749 -8.98531e-20)
(1.03151 1.27688 -3.3727e-19)
(0.973491 1.24503 0)
(0.905281 1.21196 6.02244e-22)
(0.830448 1.1777 2.02803e-19)
(0.743414 1.14241 3.19138e-20)
(0.642136 1.10619 -7.65373e-19)
(0.529526 1.07188 -5.27845e-20)
(0.450706 1.08455 -6.49427e-19)
(0.445906 1.46723 7.05801e-19)
(0.497861 2.54841 1.54125e-19)
(0.563931 3.30825 -2.70411e-19)
(0.616307 3.47852 1.37573e-19)
(0.576595 3.53065 0)
(0.517982 3.53514 0)
(0.423162 3.50041 -6.87251e-19)
(0.19274 3.29191 1.26949e-18)
(0.403785 0.490908 2.13768e-19)
(0.859086 1.01539 5.22285e-19)
(1.02354 1.24934 -3.72584e-19)
(1.05217 1.30065 3.2756e-19)
(1.01764 1.30176 3.55928e-19)
(0.960115 1.26919 0)
(0.892764 1.23616 8.83494e-21)
(0.819093 1.2026 1.7084e-19)
(0.733432 1.16821 0)
(0.632626 1.13361 0)
(0.5234 1.10402 0)
(0.459085 1.15663 0)
(0.488266 1.69805 -7.96384e-19)
(0.557612 2.85215 -2.04595e-19)
(0.632531 3.3973 0)
(0.675777 3.49211 -2.20079e-20)
(0.674335 3.4981 0)
(0.751062 3.33986 1.45536e-19)
(0.846991 2.97174 -1.8092e-18)
(0.450166 2.59397 1.89314e-18)
(0.398841 0.501257 -4.36938e-19)
(0.848506 1.03795 -3.35362e-19)
(1.00863 1.27437 -2.4841e-19)
(1.03667 1.32575 -3.06358e-19)
(1.00235 1.32739 -1.74227e-19)
(0.945908 1.29492 0)
(0.879777 1.26187 6.55716e-21)
(0.807031 1.22805 -4.42289e-20)
(0.722319 1.19428 -2.38966e-19)
(0.624306 1.16143 0)
(0.521552 1.14189 5.17908e-20)
(0.477621 1.25599 -5.88947e-20)
(0.535692 1.95285 0)
(0.631681 3.07874 2.6761e-19)
(0.723069 3.44101 0)
(0.755553 3.47863 -1.04981e-19)
(0.758929 3.38873 2.88495e-19)
(0.752273 3.00883 -1.43628e-19)
(0.507422 1.99987 2.81849e-19)
(-0.345144 0.502288 -6.87831e-19)
(0.392312 0.511588 -1.34015e-20)
(0.835774 1.06052 -1.72135e-19)
(0.992569 1.30221 3.42105e-19)
(1.02036 1.35435 -1.95099e-20)
(0.986152 1.35473 -5.63482e-20)
(0.930521 1.32124 0)
(0.865635 1.28802 5.73588e-20)
(0.79458 1.25495 -9.16199e-20)
(0.712043 1.22199 4.28994e-19)
(0.612274 1.19026 -5.19327e-19)
(0.523643 1.18041 -6.14746e-19)
(0.502085 1.36749 0)
(0.592347 2.24808 4.04745e-19)
(0.69762 3.21601 -5.47211e-20)
(0.770897 3.42188 3.11372e-20)
(0.77766 3.4137 0)
(0.708379 3.18378 -1.51471e-19)
(0.53873 2.40787 1.62195e-19)
(0.105684 0.6448 -1.92526e-19)
(-0.25178 -0.402243 -1.77858e-19)
(0.384384 0.521885 4.10268e-19)
(0.82199 1.08523 -1.69008e-19)
(0.974291 1.32978 2.42605e-19)
(1.00185 1.38183 1.86999e-19)
(0.968141 1.38294 1.13745e-19)
(0.914056 1.34968 2.12438e-19)
(0.850916 1.31655 -1.31175e-19)
(0.781298 1.2831 2.75454e-20)
(0.700189 1.25078 -3.18127e-19)
(0.603891 1.22191 3.24087e-20)
(0.527733 1.22895 9.76568e-20)
(0.532084 1.51653 -4.02876e-19)
(0.644833 2.51458 1.0928e-19)
(0.757644 3.29072 -2.13168e-19)
(0.821289 3.39657 3.10014e-20)
(0.799675 3.31928 8.34615e-20)
(0.672884 2.87332 -2.19047e-19)
(0.413759 1.65164 1.42072e-19)
(0.0616476 0.0537717 0)
(-0.0798476 -0.164116 -3.06069e-19)
(0.37455 0.530829 0)
(0.804965 1.1083 -6.41792e-19)
(0.954496 1.36019 2.383e-20)
(0.982434 1.41355 -3.06469e-19)
(0.949033 1.41307 0)
(0.896229 1.37857 -1.57624e-19)
(0.834837 1.34509 1.361e-19)
(0.767613 1.31256 -2.57682e-20)
(0.689843 1.28112 2.28588e-19)
(0.596348 1.25498 3.73784e-19)
(0.532002 1.27937 4.76058e-19)
(0.567184 1.6681 4.75634e-20)
(0.703227 2.75641 -2.9733e-19)
(0.811737 3.32215 1.44727e-20)
(0.846293 3.35423 2.06768e-21)
(0.770561 3.14227 8.435e-20)
(0.534134 2.33896 9.35132e-20)
(0.118453 0.453692 -1.1083e-19)
(-0.136244 -0.245994 0)
(-0.115448 -0.208003 0)
(0.362996 0.539138 -3.96637e-19)
(0.786634 1.1338 6.3785e-19)
(0.93202 1.38971 0)
(0.960291 1.44301 0)
(0.92774 1.44354 0)
(0.877189 1.40946 0)
(0.818226 1.37624 -7.3757e-20)
(0.753082 1.34308 -1.58748e-20)
(0.677476 1.31224 -3.37364e-20)
(0.590927 1.28988 3.91637e-20)
(0.540218 1.34488 -3.97435e-19)
(0.603385 1.85034 2.8735e-19)
(0.755687 2.9451 0)
(0.849555 3.32177 3.65554e-20)
(0.87029 3.29181 6.61143e-20)
(0.732057 2.88019 -2.53846e-20)
(0.401481 1.70341 1.09315e-19)
(0.0148074 -0.0338455 6.16766e-20)
(-0.159329 -0.204036 -2.57975e-19)
(-0.0587309 -0.13822 -3.02079e-19)
(0.348021 0.544578 2.01211e-19)
(0.763172 1.15448 2.98274e-19)
(0.907798 1.42157 -9.23848e-21)
(0.937073 1.47745 1.63123e-19)
(0.905024 1.47599 0)
(0.856517 1.44045 3.02652e-19)
(0.799877 1.40659 -6.10806e-20)
(0.737997 1.37443 1.70225e-20)
(0.665494 1.34431 -3.55717e-20)
(0.585733 1.32673 2.85834e-20)
(0.550285 1.41137 2.6795e-19)
(0.646842 2.04766 -1.33842e-19)
(0.806288 3.06889 -1.13047e-19)
(0.888159 3.31283 2.80039e-21)
(0.8707 3.1925 -3.50681e-20)
(0.639656 2.53038 1.52754e-19)
(0.197563 0.768756 -8.64156e-20)
(-0.0815008 -0.27712 1.26361e-19)
(-0.132145 -0.225908 -3.83857e-19)
(-0.0603206 -0.128467 2.68079e-19)
(0.33028 0.548249 -1.88211e-19)
(0.738006 1.17733 0)
(0.880567 1.45157 -2.18791e-19)
(0.910361 1.50796 -3.14878e-19)
(0.879672 1.50788 0)
(0.834499 1.47302 -2.36699e-19)
(0.780999 1.43959 0)
(0.721874 1.40642 -1.10257e-19)
(0.651027 1.37679 -2.58688e-20)
(0.582576 1.3652 7.88236e-20)
(0.565487 1.49463 -1.33729e-19)
(0.688266 2.25223 7.40691e-20)
(0.848064 3.14024 1.7797e-19)
(0.91368 3.28595 1.34025e-20)
(0.854474 3.04744 -3.53352e-20)
(0.539922 2.10577 -5.13841e-20)
(0.081401 0.13431 1.30047e-19)
(-0.179769 -0.274637 -1.46068e-19)
(-0.104146 -0.211055 4.38441e-22)
(-0.0431425 -0.0735212 -2.79863e-20)
(0.308486 0.54684 3.74886e-19)
(0.707524 1.19299 -2.86516e-19)
(0.851101 1.48228 2.33621e-19)
(0.882117 1.54403 1.51788e-19)
(0.85255 1.54168 2.78972e-20)
(0.81052 1.50515 1.50108e-19)
(0.759826 1.47071 0)
(0.705099 1.43841 -3.75372e-20)
(0.63801 1.41017 0)
(0.578734 1.40552 -7.37214e-20)
(0.579287 1.57684 1.32328e-19)
(0.732974 2.42273 -4.29146e-21)
(0.887829 3.18507 -6.29342e-20)
(0.938305 3.24963 4.16047e-20)
(0.82066 2.86505 -1.37268e-20)
(0.39875 1.56267 6.39243e-20)
(-0.0500409 -0.123498 -1.96256e-19)
(-0.225082 -0.264466 -1.12771e-19)
(-0.125104 -0.244949 -4.52382e-20)
(-0.060895 -0.0749778 2.09718e-19)
(0.28398 0.541516 4.29164e-21)
(0.675444 1.21063 1.47279e-19)
(0.817539 1.50919 0)
(0.849387 1.57353 2.85453e-19)
(0.822604 1.57367 -4.0589e-19)
(0.785053 1.53806 1.51942e-19)
(0.738136 1.50427 -1.01001e-19)
(0.687108 1.47052 9.19581e-20)
(0.623448 1.44309 -8.04783e-20)
(0.574741 1.44631 -3.03466e-21)
(0.598077 1.66727 3.32448e-20)
(0.772586 2.58355 5.3365e-20)
(0.917008 3.19442 3.69378e-20)
(0.942772 3.19726 -6.42767e-20)
(0.761497 2.62754 -6.43373e-20)
(0.291191 1.07611 1.2436e-19)
(-0.0669321 -0.241067 -1.22792e-19)
(-0.232069 -0.298378 8.04878e-20)
(-0.128026 -0.279233 1.12516e-21)
(-0.0732699 -0.0975098 -1.87103e-19)
(0.254929 0.526611 6.98407e-19)
(0.635986 1.2147 -1.46978e-19)
(0.780983 1.53478 -3.9982e-19)
(0.814971 1.60833 3.24579e-19)
(0.790862 1.60717 -1.77282e-19)
(0.756989 1.56972 2.93612e-19)
(0.713407 1.53462 1.56531e-19)
(0.668291 1.50151 0)
(0.610357 1.47577 9.24332e-20)
(0.570003 1.48808 -1.33116e-20)
(0.61224 1.75085 -1.47584e-20)
(0.814541 2.69671 -8.89533e-21)
(0.94198 3.1971 2.07561e-20)
(0.951599 3.13723 9.62897e-21)
(0.704866 2.43343 -1.03394e-19)
(0.172467 0.508724 -4.50758e-20)
(-0.0660579 -0.272192 1.32995e-19)
(-0.156104 -0.321623 5.80755e-20)
(-0.121436 -0.289428 1.83915e-20)
(-0.0614558 -0.11465 1.62795e-19)
(0.222676 0.503418 0)
(0.594346 1.21937 1.36858e-19)
(0.738974 1.55384 -1.81434e-19)
(0.775585 1.63315 3.14996e-19)
(0.756463 1.63704 -3.8782e-19)
(0.727155 1.60099 1.61479e-19)
(0.688318 1.56682 0)
(0.647666 1.53175 0)
(0.597145 1.50592 0)
(0.562791 1.52788 1.87951e-20)
(0.62884 1.82842 -1.7616e-20)
(0.841646 2.78984 1.88562e-20)
(0.957822 3.19599 5.59124e-20)
(0.942847 3.06772 5.34253e-20)
(0.637535 2.19833 -9.26033e-20)
(0.119538 0.24662 7.75895e-20)
(-0.0996858 -0.260268 7.32394e-22)
(-0.119582 -0.329745 -1.33235e-19)
(-0.0941667 -0.257677 1.56545e-20)
(-0.0351739 -0.0964862 0)
(0.185663 0.464118 6.41079e-19)
(0.54308 1.20003 -1.27978e-19)
(0.693925 1.56831 4.64508e-21)
(0.735047 1.66319 0)
(0.719517 1.66669 -1.86184e-19)
(0.69401 1.63007 1.82909e-20)
(0.659376 1.59411 0)
(0.625852 1.55974 4.75417e-20)
(0.582575 1.53443 -3.75144e-20)
(0.556529 1.56488 0)
(0.638174 1.89033 0)
(0.872004 2.84742 -3.50956e-20)
(0.971005 3.1967 -8.1302e-20)
(0.938393 3.00623 -8.5065e-21)
(0.601904 2.03004 -2.13006e-20)
(0.0571644 0.064142 3.27352e-20)
(-0.13501 -0.261985 0)
(-0.11971 -0.346348 -7.63208e-20)
(-0.0871283 -0.254091 -1.20578e-19)
(-0.00612297 -0.066612 2.81986e-19)
(0.145621 0.409979 5.29269e-19)
(0.489865 1.1784 -1.22691e-19)
(0.641966 1.5706 1.72904e-19)
(0.688607 1.67872 -4.29488e-19)
(0.679642 1.69052 0)
(0.659582 1.65746 0)
(0.630492 1.62248 0)
(0.602469 1.58586 5.00589e-20)
(0.56741 1.55882 -3.94938e-20)
(0.546487 1.59429 0)
(0.6475 1.93838 0)
(0.885733 2.88014 1.14539e-19)
(0.976478 3.204 -5.0613e-20)
(0.907331 2.97262 6.92044e-20)
(0.518906 1.83458 7.53624e-20)
(-0.0672567 0.112119 0)
(-0.264764 -0.16037 -2.86633e-20)
(-0.245366 -0.299813 -2.15281e-20)
(-0.127038 -0.242833 2.28331e-19)
(0.0204298 0.0489873 -2.72339e-19)
(0.102952 0.332834 -4.92101e-19)
(0.424372 1.11513 1.29363e-19)
(0.587428 1.56287 3.64922e-19)
(0.641584 1.69786 2.46409e-19)
(0.635692 1.71128 -1.99542e-19)
(0.62134 1.681 -1.30818e-19)
(0.596662 1.64372 8.84894e-20)
(0.576342 1.60821 0)
(0.550516 1.57968 0)
(0.535151 1.61521 0)
(0.646457 1.95444 -6.91514e-20)
(0.909375 2.89443 -1.18629e-19)
(0.992301 3.22135 5.33693e-20)
(0.879073 2.99542 -2.00646e-20)
(0.461333 1.8505 7.20203e-20)
(-0.159389 0.419053 0)
(-0.408422 -0.265423 1.13712e-19)
(-0.458046 -0.643376 -3.7488e-19)
(-0.3952 -0.697638 8.72837e-19)
(-0.0727772 -0.166305 -4.85343e-19)
(0.055877 0.234597 5.20809e-19)
(0.356462 1.04498 -4.27874e-19)
(0.522182 1.53014 0)
(0.586598 1.69562 1.22389e-19)
(0.590357 1.72552 8.79219e-20)
(0.582201 1.70147 1.84113e-19)
(0.563376 1.66538 -8.27165e-20)
(0.548662 1.62671 0)
(0.531226 1.59534 0)
(0.519489 1.6267 -1.35725e-19)
(0.638865 1.94439 -3.35173e-21)
(0.918292 2.8618 8.12759e-20)
(1.03592 3.22054 4.22652e-20)
(0.955847 3.06437 2.80496e-19)
(0.58131 1.93861 -5.89919e-19)
(0.047623 0.4853 9.19053e-19)
(-0.363339 -0.325151 -6.4677e-19)
(-0.50743 -0.943048 0)
(-0.504095 -1.2428 -3.83859e-20)
(-0.279424 -0.905528 1.31171e-18)
(0.017339 0.145213 5.33539e-19)
(0.269058 0.904617 0)
(0.456245 1.47883 0)
(0.53157 1.69174 0)
(0.540151 1.73122 7.2956e-20)
(0.538284 1.71485 -1.82647e-19)
(0.5236 1.6776 -7.97668e-20)
(0.516131 1.64004 0)
(0.508533 1.60443 0)
(0.504319 1.62799 8.50019e-20)
(0.619927 1.9031 2.86689e-20)
(0.939737 2.80029 -3.84261e-20)
(1.13237 3.18561 3.97994e-20)
(1.18989 3.07053 1.44346e-19)
(1.04126 2.40467 -3.39703e-19)
(0.64202 1.14875 4.01072e-19)
(0.154108 0.209302 -4.53912e-19)
(-0.129382 -0.806605 0)
(-0.3893 -1.4731 3.66246e-20)
(-0.289439 -1.35054 6.78584e-19)
(-0.00229272 0.0791283 -4.97645e-19)
(0.182558 0.751995 1.71459e-19)
(0.375256 1.37196 2.64026e-19)
(0.468513 1.65453 -1.60498e-20)
(0.490534 1.7315 -1.58968e-19)
(0.493595 1.72512 -1.0016e-19)
(0.484614 1.69058 2.23526e-19)
(0.479744 1.64844 -6.2191e-21)
(0.479292 1.60544 0)
(0.479265 1.61553 2.27089e-20)
(0.581798 1.82728 -8.36965e-21)
(0.903679 2.62971 2.81348e-20)
(1.17261 3.07149 0)
(1.22958 2.9595 -5.13875e-20)
(1.16494 2.55921 0)
(0.964705 1.68631 -6.3619e-20)
(0.573265 0.70411 2.29262e-20)
(0.253801 -0.241485 0)
(0.016221 -0.926711 0)
(-0.16244 -1.29272 -2.51034e-20)
(-0.00255111 0.0178662 3.98445e-19)
(0.0883253 0.446551 -1.49336e-19)
(0.310852 1.2335 1.17954e-19)
(0.407281 1.59897 -1.85299e-19)
(0.434795 1.71111 7.23987e-20)
(0.442852 1.72011 -2.40963e-20)
(0.437899 1.69531 1.45122e-20)
(0.435819 1.6521 -3.01999e-20)
(0.441915 1.59981 -1.86694e-20)
(0.45136 1.59237 -1.23088e-20)
(0.514803 1.72171 5.97754e-21)
(0.772058 2.40816 0)
(1.07107 2.88796 1.45513e-20)
(1.12852 2.84727 0)
(1.08768 2.59577 0)
(0.99343 2.06176 0)
(0.694231 1.2239 4.64746e-19)
(0.417993 0.421089 -1.10212e-18)
(0.152193 -0.377308 6.01023e-21)
(0.0154691 -0.640758 8.0275e-19)
(0.00660577 -0.0396458 7.0554e-20)
(0.0244405 0.176632 6.62119e-20)
(0.208652 0.949765 -5.39477e-20)
(0.338853 1.48763 -4.03862e-20)
(0.380791 1.68805 3.26486e-20)
(0.391399 1.71556 2.24926e-20)
(0.389419 1.69997 1.54514e-20)
(0.38317 1.65258 0)
(0.386503 1.58975 -7.46312e-21)
(0.396864 1.55816 -3.54889e-21)
(0.420382 1.61923 5.17982e-21)
(0.536405 2.06346 0)
(0.83466 2.74706 1.64372e-20)
(0.857242 2.75525 -3.44565e-20)
(0.847158 2.63736 0)
(0.782922 2.33533 0)
(0.60812 1.76543 -3.21578e-20)
(0.400743 1.11973 0)
(0.200723 0.501525 -2.51506e-20)
(0.0426539 0.0474009 0)
(0.00566936 -0.076037 0)
(0.00255153 0.0236497 0)
(0.0972688 0.592788 0)
(0.25054 1.2853 0)
(0.312524 1.60819 -8.02822e-34)
(0.331516 1.69421 5.89624e-34)
(0.33297 1.69149 0)
(0.327605 1.65398 0)
(0.325136 1.58169 0)
(0.330236 1.53197 0)
(0.336256 1.56096 0)
(0.359297 1.87328 0)
(0.611219 2.57582 0)
(0.626193 2.73656 0)
(0.607705 2.70629 0)
(0.56963 2.55591 0)
(0.475665 2.21236 0)
(0.313069 1.65579 0)
(0.157465 1.12745 0)
(0.0365445 0.609563 0)
(-0.00359732 -0.0768928 0)
(0.00447846 -0.0581235 0)
(0.0333705 0.244614 0)
(0.1802 1.06864 0)
(0.243738 1.52376 0)
(0.26605 1.66911 0)
(0.270251 1.6815 0)
(0.268298 1.65356 0)
(0.262122 1.57797 0)
(0.264463 1.51864 0)
(0.271296 1.53819 0)
(0.244344 1.79294 0)
(0.447739 2.47519 0)
(0.470412 2.74688 0)
(0.44163 2.77047 0)
(0.408893 2.70181 0)
(0.349273 2.4745 0)
(0.230192 2.02324 0)
(0.108042 1.53407 0)
(0.0200976 0.936357 0)
(-0.00268741 -0.0863099 0)
(0.0235154 -0.109128 0)
(0.0234697 0.0851124 0)
(0.113125 0.836115 0)
(0.18065 1.41962 0)
(0.201584 1.63591 0)
(0.206284 1.66863 0)
(0.207808 1.64925 0)
(0.201611 1.57924 0)
(0.204184 1.51753 0)
(0.219264 1.53429 0)
(0.164428 1.75217 0)
(0.315167 2.40903 0)
(0.343037 2.76602 0)
(0.305333 2.83808 0)
(0.276537 2.81319 0)
(0.232249 2.65861 0)
(0.151592 2.28497 0)
(0.0624783 1.81692 0)
(0.00887166 1.13984 0)
(0.0038734 -0.141411 0)
(0.0332147 -0.18729 0)
(0.028657 0.0217869 0)
(0.0570015 0.713539 0)
(0.110877 1.34665 0)
(0.129563 1.6049 0)
(0.139401 1.65717 0)
(0.146952 1.64428 0)
(0.147703 1.58002 0)
(0.14994 1.52298 0)
(0.174514 1.54029 0)
(0.108332 1.7318 0)
(0.21368 2.36363 0)
(0.241313 2.78038 0)
(0.206944 2.89488 0)
(0.17656 2.8966 0)
(0.147063 2.79114 0)
(0.0909115 2.47815 0)
(0.03068 2.03181 0)
(-0.0044516 1.26184 0)
(0.00686815 -0.211453 0)
(0.0269028 -0.238264 0)
(0.0175946 0.0334179 0)
(-0.000868566 0.682227 0)
(0.0334397 1.30685 0)
(0.0498768 1.5798 0)
(0.0707436 1.64124 0)
(0.086762 1.63412 0)
(0.0972344 1.57701 0)
(0.100264 1.52775 0)
(0.132303 1.54637 0)
(0.0705197 1.71839 0)
(0.139542 2.33901 0)
(0.160875 2.79785 0)
(0.131597 2.94282 0)
(0.105361 2.96434 0)
(0.0838611 2.88482 0)
(0.0433199 2.60083 0)
(0.00257769 2.14194 0)
(-0.010431 1.262 0)
(0.00511013 -0.250527 0)
(0.00908103 -0.250199 0)
(-0.0152484 0.108573 0)
(-0.0526961 0.71945 0)
(-0.0407969 1.2891 0)
(-0.0242106 1.5521 0)
(0.00608098 1.61981 0)
(0.0322885 1.61851 0)
(0.0521915 1.56832 0)
(0.0570396 1.52569 0)
(0.0934262 1.54974 0)
(0.0418403 1.70906 0)
(0.0889083 2.3183 0)
(0.100269 2.80926 0)
(0.0745377 2.97759 0)
(0.0537462 3.01264 0)
(0.0400721 2.94754 0)
(0.0140172 2.68418 0)
(-0.00936062 2.22054 0)
(-0.0146968 1.23709 0)
(-0.000140773 -0.24743 0)
(-0.0185964 -0.178579 0)
(-0.0570563 0.213499 0)
(-0.0958691 0.790404 0)
(-0.0950455 1.27705 0)
(-0.0780197 1.51064 0)
(-0.0445763 1.58367 0)
(-0.014064 1.59452 0)
(0.0155495 1.55058 0)
(0.022147 1.51617 0)
(0.0598325 1.55006 0)
(0.0196746 1.70643 0)
(0.05157 2.30822 0)
(0.0539036 2.81683 0)
(0.0330954 3.00259 0)
(0.0167686 3.04844 0)
(0.00600471 2.98982 0)
(-0.0121142 2.72684 0)
(-0.0279877 2.23027 0)
(-0.0166121 1.17319 0)
(-0.00641383 -0.190338 0)
(-0.0341548 -0.0747662 0)
(-0.0790569 0.317911 0)
(-0.116074 0.849482 0)
(-0.11985 1.2585 0)
(-0.104433 1.46187 0)
(-0.0731796 1.53819 0)
(-0.0447659 1.56002 0)
(-0.0101367 1.52735 0)
(-0.00480687 1.50222 0)
(0.0328388 1.54721 0)
(0.00147507 1.7033 0)
(0.0253249 2.3014 0)
(0.0212548 2.82392 0)
(0.00378524 3.02073 0)
(-0.00850609 3.07284 0)
(-0.0171722 3.01535 0)
(-0.0283264 2.75094 0)
(-0.0340024 2.21917 0)
(-0.0192277 1.07301 0)
(-0.00860725 -0.110013 0)
(-0.0377611 0.0500572 0)
(-0.083077 0.427105 0)
(-0.118809 0.902559 0)
(-0.123657 1.24223 0)
(-0.111342 1.41766 0)
(-0.0852786 1.49345 0)
(-0.062227 1.52208 0)
(-0.0286815 1.50198 0)
(-0.0247379 1.48518 0)
(0.0133474 1.54319 0)
(-0.0120037 1.70536 0)
(0.00368778 2.29983 0)
(-0.00355387 2.82847 0)
(-0.0148112 3.0334 0)
(-0.0253873 3.08826 0)
(-0.0323755 3.02974 0)
(-0.040725 2.75499 0)
(-0.038289 2.19052 0)
(-0.0186835 0.965202 0)
(-0.0079557 -0.0276073 0)
(-0.0348211 0.168085 0)
(-0.0759015 0.521122 0)
(-0.107751 0.944322 0)
(-0.112793 1.23286 0)
(-0.103237 1.38718 0)
(-0.0834114 1.45978 0)
(-0.0677243 1.48971 0)
(-0.038296 1.4778 0)
(-0.0366047 1.4684 0)
(-2.10251e-07 1.53646 0)
(-0.0205612 1.70656 0)
(-0.0126604 2.30363 0)
(-0.0207931 2.83792 0)
(-0.0283411 3.04459 0)
(-0.0362597 3.10039 0)
(-0.0396027 3.03721 0)
(-0.0439349 2.74911 0)
(-0.0382441 2.13772 0)
(-0.0147688 0.860133 0)
(-0.00618589 0.0456286 0)
(-0.0284625 0.276695 0)
(-0.0632543 0.609816 0)
(-0.0907259 0.986642 0)
(-0.0961074 1.23325 0)
(-0.0902001 1.36919 0)
(-0.0759833 1.43698 0)
(-0.0647136 1.46611 0)
(-0.040064 1.45887 0)
(-0.0409231 1.45471 0)
(-0.00816448 1.52998 0)
(-0.0285143 1.70839 0)
(-0.0215253 2.30542 0)
(-0.0310272 2.84488 0)
(-0.0364189 3.05345 0)
(-0.0415488 3.10791 0)
(-0.0442642 3.03992 0)
(-0.0439869 2.73904 0)
(-0.0355314 2.08647 0)
(-0.00981611 0.771081 0)
(-0.0040204 0.100204 0)
(-0.0204324 0.360685 0)
(-0.0478805 0.67832 0)
(-0.0698246 1.02057 0)
(-0.0763412 1.23892 0)
(-0.0743586 1.36144 0)
(-0.0653752 1.42479 0)
(-0.0584602 1.45187 0)
(-0.0373396 1.44628 0)
(-0.041649 1.4455 0)
(-0.0129351 1.52655 0)
(-0.0345631 1.71334 0)
(-0.0289943 2.31349 0)
(-0.036896 2.85379 0)
(-0.0412165 3.06152 0)
(-0.0453568 3.11457 0)
(-0.044687 3.0386 0)
(-0.0441458 2.71665 0)
(-0.0317438 2.01709 0)
(-0.00638062 0.695139 0)
(-0.00232346 0.138338 0)
(-0.0135583 0.426946 0)
(-0.0344663 0.737659 0)
(-0.051927 1.0537 0)
(-0.0581701 1.25037 0)
(-0.0597993 1.36023 0)
(-0.0556114 1.41773 0)
(-0.0511186 1.44236 0)
(-0.0345946 1.43891 0)
(-0.0416466 1.43899 0)
(-0.0159384 1.52384 0)
(-0.0378321 1.71663 0)
(-0.0317986 2.31904 0)
(-0.0408186 2.86107 0)
(-0.0431365 3.06803 0)
(-0.0448907 3.11755 0)
(-0.0440118 3.03511 0)
(-0.0401256 2.70057 0)
(-0.0272734 1.96348 0)
(-0.00331028 0.636947 0)
(-0.00116037 0.161245 0)
(-0.00821702 0.470921 0)
(-0.0233104 0.778428 0)
(-0.036211 1.07643 0)
(-0.0419362 1.26155 0)
(-0.0455467 1.36339 0)
(-0.0450666 1.4156 0)
(-0.0444268 1.43675 0)
(-0.0331904 1.43426 0)
(-0.0423489 1.43522 0)
(-0.0185993 1.52218 0)
(-0.0394743 1.7232 0)
(-0.0345519 2.32609 0)
(-0.0402167 2.8663 0)
(-0.042524 3.07013 0)
(-0.0440345 3.11696 0)
(-0.0416498 3.02623 0)
(-0.0379983 2.66653 0)
(-0.0227882 1.89113 0)
(-0.00127533 0.587629 0)
(-0.000552338 0.175491 0)
(-0.00500153 0.5039 0)
(-0.0162283 0.81314 0)
(-0.0267951 1.09769 0)
(-0.0317454 1.2731 0)
(-0.0355275 1.36828 0)
(-0.0368736 1.4155 0)
(-0.0374923 1.43352 0)
(-0.0303436 1.43199 0)
(-0.0399792 1.43211 0)
(-0.0201559 1.52161 0)
(-0.0370698 1.72651 0)
(-0.0347672 2.32881 0)
(-0.041617 2.86959 0)
(-0.0424956 3.07107 0)
(-0.0435307 3.11502 0)
(-0.0409579 3.01898 0)
(-0.0348933 2.64651 0)
(-0.0193068 1.83677 0)
(0.000127491 0.553559 0)
(-0.000296294 0.183372 0)
(-0.00319546 0.52467 0)
(-0.011437 0.836489 0)
(-0.0194629 1.11308 0)
(-0.0247988 1.28274 0)
(-0.028067 1.37378 0)
(-0.0300203 1.41764 0)
(-0.0321603 1.4334 0)
(-0.0277008 1.43141 0)
(-0.0367368 1.43101 0)
(-0.0204498 1.52177 0)
(-0.0367204 1.73207 0)
(-0.0339052 2.33401 0)
(-0.0407435 2.87253 0)
(-0.0423037 3.07107 0)
(-0.0415866 3.1112 0)
(-0.0396546 3.0042 0)
(-0.0333399 2.6062 0)
(-0.0163086 1.76554 0)
(0.000660634 0.522245 0)
(-0.00019576 0.189179 0)
(-0.00215698 0.541858 0)
(-0.00866012 0.857251 0)
(-0.0151098 1.12776 0)
(-0.020261 1.29175 0)
(-0.0230592 1.3788 0)
(-0.0251242 1.42019 0)
(-0.026468 1.43476 0)
(-0.0226321 1.43177 0)
(-0.0315632 1.4299 0)
(-0.0201853 1.52199 0)
(-0.0334131 1.73594 0)
(-0.0344107 2.33793 0)
(-0.0399215 2.87467 0)
(-0.0415578 3.07128 0)
(-0.0415609 3.10928 0)
(-0.0384457 2.99616 0)
(-0.0322329 2.58426 0)
(-0.0142407 1.7168 0)
(0.00111145 0.502053 0)
(-0.00016301 0.192548 0)
(-0.00155841 0.552713 0)
(-0.00657737 0.871746 0)
(-0.0111983 1.1388 0)
(-0.0159607 1.30036 0)
(-0.0188839 1.38351 0)
(-0.0217354 1.4219 0)
(-0.0232311 1.43508 0)
(-0.0199235 1.43261 0)
(-0.0288319 1.4311 0)
(-0.0191311 1.52297 0)
(-0.0328207 1.74135 0)
(-0.0314392 2.34469 0)
(-0.0386264 2.87901 0)
(-0.0413565 3.07231 0)
(-0.0412698 3.10544 0)
(-0.0396798 2.98035 0)
(-0.0330561 2.53966 0)
(-0.0131642 1.64159 0)
(0.000824967 0.477882 0)
(-0.000112356 0.195637 0)
(-0.00107408 0.562691 0)
(-0.00535607 0.884451 0)
(-0.00860467 1.14683 0)
(-0.0116555 1.30765 0)
(-0.0148094 1.38868 0)
(-0.0175587 1.42503 0)
(-0.0193836 1.43633 0)
(-0.01702 1.43375 0)
(-0.0264773 1.43202 0)
(-0.0183377 1.52446 0)
(-0.032363 1.74574 0)
(-0.0343501 2.34976 0)
(-0.042162 2.88448 0)
(-0.0432458 3.07468 0)
(-0.0438807 3.10438 0)
(-0.0404398 2.97128 0)
(-0.032088 2.51478 0)
(-0.0124434 1.59767 0)
(0.000952452 0.463134 0)
(-0.000148785 0.197395 0)
(-0.000960414 0.569239 0)
(-0.00432638 0.894288 0)
(-0.00755263 1.15239 0)
(-0.00909246 1.31384 0)
(-0.0121197 1.39349 0)
(-0.0152947 1.42702 0)
(-0.0163268 1.43692 0)
(-0.0146561 1.4358 0)
(-0.0241716 1.43447 0)
(-0.0184236 1.52606 0)
(-0.0301946 1.7532 0)
(-0.0332715 2.35865 0)
(-0.0416215 2.89193 0)
(-0.0453722 3.07589 0)
(-0.0448421 3.10061 0)
(-0.0396868 2.95199 0)
(-0.0327781 2.46369 0)
(-0.0119208 1.52345 0)
(0.00138697 0.441295 0)
(-0.000161022 0.199771 0)
(-0.0010667 0.576131 0)
(-0.00408061 0.903277 0)
(-0.00669363 1.15619 0)
(-0.00758865 1.31797 0)
(-0.00999285 1.39803 0)
(-0.0123208 1.43027 0)
(-0.0150944 1.43892 0)
(-0.0147944 1.4384 0)
(-0.0241803 1.43751 0)
(-0.0187391 1.52805 0)
(-0.0327141 1.76095 0)
(-0.0418986 2.36693 0)
(-0.047413 2.89621 0)
(-0.0489287 3.07622 0)
(-0.0497158 3.09851 0)
(-0.0464328 2.93944 0)
(-0.0347436 2.43301 0)
(-0.0122149 1.47675 0)
(0.00109971 0.428544 0)
(-0.000223095 0.201791 0)
(-0.00115951 0.581908 0)
(-0.00385804 0.910739 0)
(-0.00739747 1.15984 0)
(-0.00768214 1.32068 0)
(-0.00944444 1.40128 0)
(-0.0112369 1.43204 0)
(-0.0138859 1.44069 0)
(-0.0128671 1.44113 0)
(-0.0221835 1.44023 0)
(-0.0198701 1.53091 0)
(-0.0313435 1.77264 0)
(-0.0426787 2.37962 0)
(-0.0521718 2.90504 0)
(-0.0546651 3.0775 0)
(-0.0519737 3.09158 0)
(-0.0475034 2.91324 0)
(-0.0361539 2.3707 0)
(-0.0121839 1.39485 0)
(0.00133519 0.407109 0)
(-0.000285239 0.204781 0)
(-0.00166402 0.588417 0)
(-0.0042818 0.920169 0)
(-0.00730604 1.1646 0)
(-0.00794068 1.3225 0)
(-0.00878977 1.40379 0)
(-0.00988347 1.43595 0)
(-0.0147593 1.44418 0)
(-0.0140052 1.44399 0)
(-0.0232679 1.44485 0)
(-0.0211206 1.53341 0)
(-0.0324107 1.78265 0)
(-0.0461495 2.38742 0)
(-0.054943 2.91027 0)
(-0.0583809 3.07721 0)
(-0.0578146 3.08893 0)
(-0.0518801 2.89802 0)
(-0.0389307 2.33464 0)
(-0.012506 1.34783 0)
(0.00167964 0.395744 0)
(-0.000291225 0.208195 0)
(-0.00153426 0.595364 0)
(-0.00384812 0.926129 0)
(-0.00726448 1.16888 0)
(-0.00848311 1.32366 0)
(-0.00857573 1.40475 0)
(-0.00926385 1.43793 0)
(-0.0136919 1.4467 0)
(-0.0133783 1.44641 0)
(-0.0229309 1.44905 0)
(-0.0248207 1.536 0)
(-0.0295292 1.79828 0)
(-0.0512952 2.40537 0)
(-0.058978 2.9223 0)
(-0.0618419 3.07973 0)
(-0.0608795 3.08092 0)
(-0.0535599 2.86626 0)
(-0.0390492 2.26157 0)
(-0.0129985 1.25309 0)
(0.00312017 0.37377 0)
(-0.000357313 0.210893 0)
(-0.00215034 0.600221 0)
(-0.00465019 0.933492 0)
(-0.00766952 1.17543 0)
(-0.00822466 1.32462 0)
(-0.00808673 1.40554 0)
(-0.00829036 1.44208 0)
(-0.0148279 1.4517 0)
(-0.0159713 1.44997 0)
(-0.0273952 1.45486 0)
(-0.0283807 1.53594 0)
(-0.0247422 1.80631 0)
(-0.0510902 2.41605 0)
(-0.0599342 2.92911 0)
(-0.0668352 3.07959 0)
(-0.0674126 3.07859 0)
(-0.0608626 2.84789 0)
(-0.0447583 2.21989 0)
(-0.010331 1.20292 0)
(0.00140156 0.367928 0)
(-0.000434744 0.217877 0)
(-0.00226634 0.612099 0)
(-0.00463943 0.942654 0)
(-0.00614588 1.17944 0)
(-0.00704799 1.32416 0)
(-0.00658205 1.40439 0)
(-0.00468832 1.44332 0)
(-0.00839463 1.45806 0)
(-0.0121774 1.4582 0)
(-0.0234006 1.46456 0)
(-0.0288596 1.53663 0)
(-0.0268002 1.82509 0)
(-0.0522464 2.44776 0)
(-0.0624799 2.94793 0)
(-0.0696838 3.08486 0)
(-0.0697392 3.06935 0)
(-0.0625343 2.79734 0)
(-0.0459611 2.10735 0)
(-0.0123687 1.07735 0)
(-0.00237764 0.335326 0)
(-0.240004 1.57929 1.26525e-22)
(0.397388 3.23818 2.10904e-20)
(0.0919127 3.46812 6.21256e-20)
(0.199243 3.43641 0)
(0.159301 3.39014 0)
(0.153694 3.34281 -3.86617e-19)
(0.156053 3.31653 4.06127e-19)
(0.128653 3.2726 -4.23278e-19)
(0.114283 3.17833 7.78951e-21)
(0.0984545 2.56775 5.78665e-19)
(-0.105081 2.33037 9.92291e-24)
(0.132366 3.2932 1.67538e-19)
(0.0107025 3.43936 0)
(0.0977402 3.39203 0)
(0.0736828 3.34579 1.14859e-20)
(0.0789331 3.30808 8.02029e-19)
(0.0749195 3.27632 -4.47291e-19)
(0.0510029 3.24067 -7.51917e-21)
(0.0508321 3.08279 7.17476e-21)
(0.000735806 2.08599 0)
(-0.0276248 2.07663 1.84582e-19)
(0.0863073 3.14294 -1.94845e-19)
(0.0249917 3.34677 0)
(0.072753 3.32558 3.69209e-19)
(0.0524754 3.3034 -1.37863e-21)
(0.0534402 3.28161 -4.17044e-19)
(0.0462009 3.26658 -5.17346e-19)
(0.030884 3.24566 -2.15925e-22)
(0.0410358 3.119 7.40808e-21)
(-0.0167001 2.21129 0)
(-0.0404446 2.0207 -4.75008e-20)
(0.0281278 3.11945 0)
(-0.0134475 3.30981 -1.94852e-19)
(0.0215433 3.30784 -1.60526e-19)
(0.0165413 3.28425 1.45414e-20)
(0.0227416 3.26168 -2.69716e-19)
(0.0274547 3.24619 2.40634e-19)
(0.0216588 3.23353 -8.62051e-21)
(0.0421317 3.12528 1.14031e-20)
(0.00728437 2.25027 2.96218e-19)
(-0.0526525 2.02545 -1.51166e-19)
(0.0137038 3.09061 0)
(-0.00740254 3.26726 4.20618e-19)
(0.0116958 3.26237 -2.32304e-19)
(0.014237 3.24844 -7.05565e-22)
(0.0171865 3.23766 -1.83666e-21)
(0.021376 3.23338 -1.55173e-20)
(0.0220543 3.22414 -3.06091e-19)
(0.0430572 3.12755 8.41367e-21)
(-0.00311929 2.31209 -6.20192e-19)
(-0.0499376 2.08565 0)
(-0.0101439 3.08632 -2.31192e-19)
(-0.0284675 3.24315 1.89911e-20)
(-0.0148391 3.24716 -1.60796e-20)
(-0.00544848 3.23242 1.64854e-20)
(0.00337843 3.21986 2.73789e-19)
(0.0158886 3.21117 2.86354e-19)
(0.0210344 3.20545 6.01981e-19)
(0.042726 3.12399 3.33476e-19)
(0.0106135 2.35419 -1.66469e-20)
(-0.0512064 2.14092 0)
(-0.0198097 3.08208 2.3916e-19)
(-0.0190202 3.214 -2.51042e-19)
(-0.0115243 3.21284 -1.73658e-20)
(-0.00028075 3.20251 3.59086e-20)
(0.0076424 3.19593 3.67895e-22)
(0.016502 3.19549 -1.93117e-20)
(0.0218888 3.19099 -3.14622e-19)
(0.0423703 3.1215 -3.24595e-19)
(0.00384383 2.41973 -1.72569e-20)
(-0.0477168 2.22891 2.75636e-19)
(-0.0285778 3.08559 -1.27945e-20)
(-0.0320886 3.19403 8.83696e-21)
(-0.0236298 3.1955 0)
(-0.0133528 3.18559 0)
(-0.00133978 3.17788 0)
(0.0133379 3.17175 0)
(0.0206512 3.16935 3.50482e-19)
(0.0411575 3.1126 -3.61406e-19)
(0.0153718 2.46388 3.57064e-19)
(-0.0463394 2.30606 2.64952e-20)
(-0.032958 3.08468 2.92981e-19)
(-0.0210844 3.16959 0)
(-0.0146668 3.1654 -1.97626e-20)
(-0.00405606 3.15764 2.02115e-20)
(0.00528293 3.15322 0)
(0.0147969 3.15413 -1.09557e-20)
(0.0207368 3.15274 -3.40165e-19)
(0.0401738 3.10929 3.62543e-19)
(0.0104086 2.53303 0)
(-0.0437841 2.40393 1.60068e-20)
(-0.0358535 3.08621 -4.49508e-19)
(-0.0300837 3.14975 0)
(-0.0225526 3.14687 0)
(-0.0136985 3.13911 2.16686e-20)
(-0.00215637 3.13356 -1.82806e-19)
(0.0116688 3.12898 -2.2863e-20)
(0.0191733 3.12933 1.9481e-19)
(0.0385496 3.09614 0)
(0.0192487 2.58106 0)
(-0.0399852 2.49006 -4.75244e-19)
(-0.0386013 3.08213 1.61088e-19)
(-0.0206647 3.12419 0)
(-0.0129799 3.11617 0)
(-0.00347075 3.10949 0)
(0.00555787 3.10659 3.76417e-19)
(0.01433 3.10879 0)
(0.020186 3.1106 -2.07835e-19)
(0.0378859 3.09051 1.28403e-20)
(0.0149396 2.65381 2.17436e-19)
(-0.0377633 2.58975 1.69473e-19)
(-0.0398363 3.07567 -1.64705e-20)
(-0.0296765 3.10123 1.97308e-19)
(-0.0210912 3.09499 1.91765e-19)
(-0.0124268 3.08841 0)
(-0.000782927 3.08418 -1.93384e-19)
(0.0125861 3.08129 0)
(0.0210249 3.08451 0)
(0.0384883 3.07217 0)
(0.0223113 2.70643 -2.18446e-19)
(-0.0350958 2.67787 -1.79198e-19)
(-0.0430205 3.06219 1.85034e-19)
(-0.0235381 3.07205 -1.8599e-19)
(-0.0130592 3.06213 -2.93156e-19)
(-0.0028114 3.05695 0)
(0.00715641 3.05551 2.62177e-20)
(0.0167004 3.0588 -1.33836e-20)
(0.0248004 3.06309 9.97516e-20)
(0.0417188 3.06163 1.23857e-19)
(0.0208219 2.78043 -1.2746e-19)
(-0.0344499 2.77323 1.83868e-19)
(-0.0461061 3.04531 -1.77277e-19)
(-0.032867 3.0459 1.26301e-20)
(-0.0208236 3.04035 7.46444e-20)
(-0.011114 3.03625 -1.07097e-19)
(0.000296658 3.03376 0)
(0.0139162 3.03194 1.15099e-19)
(0.025635 3.0356 4.95048e-21)
(0.044608 3.0366 -2.39722e-19)
(0.0286924 2.83263 -6.55184e-21)
(-0.029475 2.85482 -5.2455e-20)
(-0.0442039 3.02146 1.28312e-20)
(-0.0231854 3.01774 -6.65898e-20)
(-0.0112035 3.01438 2.727e-20)
(-0.00221763 3.01408 1.30546e-19)
(0.00628409 3.01344 -5.54682e-20)
(0.0143619 3.01433 -5.52344e-20)
(0.0233629 3.01699 -5.73985e-20)
(0.0418344 3.02183 1.2311e-19)
(0.0248118 2.90031 6.02141e-20)
(-0.0176894 2.94078 4.21683e-20)
(-0.0260146 3.0009 1.86417e-20)
(-0.0161157 3.00088 3.66971e-20)
(-0.00933719 3.00159 -7.5244e-20)
(-0.00413483 3.00263 2.54221e-20)
(0.000681761 3.00215 5.16729e-20)
(0.00553191 3.00062 -5.39171e-20)
(0.0107233 2.99899 -5.63452e-20)
(0.0218022 2.99715 7.62512e-21)
(0.0165299 2.94914 5.40901e-20)
)
;

boundaryField
{
    wall-4
    {
        type            noSlip;
    }
    pressure-outlet-7
    {
        type            zeroGradient;
    }
    velocity-inlet-6
    {
        type            fixedValue;
        value           uniform (0 3 0);
    }
    velocity-inlet-5
    {
        type            fixedValue;
        value           uniform (1 0 0);
    }
    frontAndBackPlanes
    {
        type            empty;
    }
}


// ************************************************************************* //
