/*--------------------------------*- C++ -*----------------------------------*\
| =========                 |                                                 |
| \\      /  F ield         | OpenFOAM: The Open Source CFD Toolbox           |
|  \\    /   O peration     | Version:  4.0                                   |
|   \\  /    A nd           | Web:      www.OpenFOAM.org                      |
|    \\/     M anipulation  |                                                 |
\*---------------------------------------------------------------------------*/
FoamFile
{
    version     2.0;
    format      ascii;
    class       volVectorField;
    location    "37";
    object      U;
}
// * * * * * * * * * * * * * * * * * * * * * * * * * * * * * * * * * * * * * //

dimensions      [0 1 -1 0 0 0 0];

internalField   nonuniform List<vector> 
2200
(
(0.878826 -0.030416 0)
(1.00577 -0.0512882 0)
(1.00326 -0.0354164 0)
(1.00024 -0.0244828 0)
(0.999861 -0.0167316 0)
(1.00002 -0.0108005 0)
(0.999994 -0.00688918 0)
(1 -0.00422424 0)
(1 -0.00226277 0)
(1.00017 -0.000726729 0)
(1.00004 0.000925948 0)
(0.999972 0.00244045 0)
(0.999967 0.00439198 0)
(1.00004 0.00703245 0)
(1.00006 0.0109196 0)
(0.999819 0.0167199 0)
(1.00017 0.0244663 0)
(1.00344 0.0350761 0)
(1.0059 0.0513566 0)
(0.878957 0.030345 0)
(0.711988 -0.032763 0)
(0.996615 -0.0630215 0)
(1.03327 -0.056163 0)
(1.02483 -0.0463849 0)
(1.01583 -0.0360814 0)
(1.00969 -0.0264056 0)
(1.00597 -0.0181558 0)
(1.00377 -0.0114559 0)
(1.00253 -0.00605018 0)
(1.00199 -0.00158568 0)
(1.00197 0.00258476 0)
(1.00248 0.00702187 0)
(1.00372 0.0122919 0)
(1.0059 0.0188865 0)
(1.0095 0.0269799 0)
(1.01569 0.0367328 0)
(1.02478 0.0471183 0)
(1.03307 0.0574514 0)
(0.996633 0.0631413 0)
(0.711801 0.0329651 0)
(0.535513 -0.0238986 0)
(0.969864 -0.0569614 0)
(1.05645 -0.0547371 0)
(1.05228 -0.0488326 0)
(1.03618 -0.0404647 0)
(1.02437 -0.0322504 0)
(1.01594 -0.0240879 0)
(1.01042 -0.0162901 0)
(1.00723 -0.00906732 0)
(1.00576 -0.00244956 0)
(1.00573 0.00393402 0)
(1.00714 0.010523 0)
(1.01024 0.0176502 0)
(1.01551 0.025252 0)
(1.02403 0.0332464 0)
(1.03597 0.0412736 0)
(1.05202 0.0493608 0)
(1.05636 0.0537601 0)
(0.969239 0.0575565 0)
(0.534474 0.0239248 0)
(0.392105 -0.013674 0)
(0.911581 -0.046442 0)
(1.05741 -0.0470737 0)
(1.06945 -0.0443966 0)
(1.05489 -0.0382886 0)
(1.03926 -0.0315699 0)
(1.02738 -0.0247625 0)
(1.01893 -0.017554 0)
(1.01355 -0.0100968 0)
(1.01085 -0.00256056 0)
(1.01072 0.00489371 0)
(1.01324 0.0122214 0)
(1.01842 0.0193157 0)
(1.0268 0.02623 0)
(1.03857 0.0327898 0)
(1.05417 0.0392703 0)
(1.06861 0.0454065 0)
(1.05584 0.0480354 0)
(0.910198 0.0468649 0)
(0.390276 0.0137455 0)
(0.307495 -0.00450342 0)
(0.846646 -0.0323752 0)
(1.04942 -0.0399043 0)
(1.0795 -0.0381936 0)
(1.06825 -0.0336173 0)
(1.05172 -0.0280846 0)
(1.03825 -0.0227333 0)
(1.02808 -0.0167438 0)
(1.0211 -0.00990723 0)
(1.01737 -0.00239353 0)
(1.01716 0.00534329 0)
(1.02055 0.0126687 0)
(1.02727 0.0192634 0)
(1.0373 0.0250357 0)
(1.05061 0.0300152 0)
(1.06694 0.0353482 0)
(1.07784 0.0397076 0)
(1.04739 0.0413715 0)
(0.843494 0.0328408 0)
(0.30441 0.00468477 0)
(0.263994 9.9172e-05 0)
(0.788581 -0.0201081 0)
(1.03295 -0.031571 0)
(1.08319 -0.0322392 0)
(1.07704 -0.0290334 0)
(1.06065 -0.0242443 0)
(1.04712 -0.0197581 0)
(1.03627 -0.0146212 0)
(1.02843 -0.00858786 0)
(1.02396 -0.00156987 0)
(1.02368 0.00578318 0)
(1.02762 0.0125158 0)
(1.03512 0.0181764 0)
(1.04547 0.0228177 0)
(1.0588 0.0268747 0)
(1.07517 0.0312023 0)
(1.08094 0.0339014 0)
(1.02995 0.0330539 0)
(0.783725 0.0206356 0)
(0.259759 8.2677e-05 0)
(0.239968 0.00104377 0)
(0.73784 -0.0123664 0)
(1.0133 -0.0251474 0)
(1.08373 -0.0269757 0)
(1.08261 -0.0247183 0)
(1.06744 -0.020634 0)
(1.05405 -0.0167536 0)
(1.04327 -0.0123006 0)
(1.03516 -0.0070379 0)
(1.03029 -0.000813684 0)
(1.02985 0.00575896 0)
(1.03397 0.0116707 0)
(1.04143 0.0164735 0)
(1.05198 0.0204297 0)
(1.06512 0.0239639 0)
(1.0798 0.027467 0)
(1.08026 0.0292215 0)
(1.00825 0.0268139 0)
(0.730323 0.0129951 0)
(0.234318 -0.000870923 0)
(0.225508 0.00095727 0)
(0.694777 -0.00805921 0)
(0.992482 -0.0207911 0)
(1.0818 -0.0232475 0)
(1.08649 -0.0213892 0)
(1.07299 -0.0178539 0)
(1.05962 -0.0140885 0)
(1.0491 -0.00990908 0)
(1.0412 -0.00512123 0)
(1.03629 0.000415629 0)
(1.03571 0.00624504 0)
(1.03958 0.0114142 0)
(1.04665 0.0155152 0)
(1.05651 0.0190663 0)
(1.06947 0.0219185 0)
(1.08244 0.0248502 0)
(1.07672 0.0259554 0)
(0.985018 0.0228312 0)
(0.684431 0.00889635 0)
(0.21836 -0.000763272 0)
(0.215915 0.000625799 0)
(0.659295 -0.00567422 0)
(0.971756 -0.0176557 0)
(1.07889 -0.020296 0)
(1.08965 -0.0188219 0)
(1.07764 -0.0157458 0)
(1.06424 -0.0122122 0)
(1.0539 -0.00825034 0)
(1.04622 -0.00373809 0)
(1.04142 0.00131587 0)
(1.04062 0.00662655 0)
(1.04399 0.0111823 0)
(1.05068 0.0149953 0)
(1.06023 0.0180731 0)
(1.0733 0.021122 0)
(1.08441 0.0233878 0)
(1.07221 0.0241037 0)
(0.961432 0.0202795 0)
(0.645115 0.00676401 0)
(0.206688 -0.000395323 0)
(0.208666 0.000284323 0)
(0.630595 -0.00424114 0)
(0.952771 -0.0150855 0)
(1.07556 -0.0181286 0)
(1.09264 -0.0169147 0)
(1.08215 -0.0141427 0)
(1.06856 -0.0106623 0)
(1.05798 -0.00678323 0)
(1.05025 -0.00230867 0)
(1.04556 0.00257625 0)
(1.04455 0.00760017 0)
(1.0474 0.0118261 0)
(1.05367 0.0153145 0)
(1.06329 0.0182545 0)
(1.07609 0.0206106 0)
(1.08538 0.0224702 0)
(1.06569 0.0224974 0)
(0.937888 0.0181581 0)
(0.611799 0.00552193 0)
(0.197021 -1.69089e-05 0)
(0.202813 7.27111e-05 0)
(0.607329 -0.00310189 0)
(0.934672 -0.0125774 0)
(1.07221 -0.0157142 0)
(1.09558 -0.0147852 0)
(1.08654 -0.0122558 0)
(1.07285 -0.00898221 0)
(1.06202 -0.00520414 0)
(1.054 -0.000848448 0)
(1.04893 0.00388905 0)
(1.04747 0.00854826 0)
(1.05012 0.0126408 0)
(1.05642 0.0158067 0)
(1.06595 0.0183151 0)
(1.07887 0.020455 0)
(1.08615 0.0217376 0)
(1.05963 0.0213382 0)
(0.915568 0.0163092 0)
(0.583234 0.00470865 0)
(0.188197 0.000254853 0)
(0.19835 3.69573e-05 0)
(0.589375 -0.00210162 0)
(0.918982 -0.00981712 0)
(1.06875 -0.0130595 0)
(1.09843 -0.0123158 0)
(1.0908 -0.0099991 0)
(1.0771 -0.00681735 0)
(1.06613 -0.00318561 0)
(1.05792 0.00108013 0)
(1.05266 0.0056261 0)
(1.05106 0.00984201 0)
(1.05331 0.0134392 0)
(1.05915 0.0163565 0)
(1.06846 0.0185299 0)
(1.08085 0.0201803 0)
(1.08606 0.0209294 0)
(1.05131 0.0199286 0)
(0.892926 0.0144704 0)
(0.558454 0.00408845 0)
(0.180073 0.000398699 0)
(0.195283 2.94687e-05 0)
(0.57595 -0.00125495 0)
(0.905545 -0.00752858 0)
(1.0658 -0.0104375 0)
(1.10118 -0.00950583 0)
(1.09509 -0.00721808 0)
(1.08151 -0.00431454 0)
(1.07023 -0.000894383 0)
(1.06145 0.00305483 0)
(1.05531 0.00735953 0)
(1.05289 0.011403 0)
(1.05497 0.0146971 0)
(1.06098 0.0169792 0)
(1.07027 0.0185514 0)
(1.08217 0.019606 0)
(1.08551 0.0201194 0)
(1.04392 0.0189107 0)
(0.872354 0.0130371 0)
(0.537081 0.00367454 0)
(0.172575 0.000468292 0)
(0.193383 4.5732e-05 0)
(0.566099 -0.000634857 0)
(0.893542 -0.00536726 0)
(1.06327 -0.00801224 0)
(1.10464 -0.00691108 0)
(1.09963 -0.0043159 0)
(1.08593 -0.00104953 0)
(1.07424 0.00230196 0)
(1.06486 0.00600051 0)
(1.0582 0.00998866 0)
(1.05565 0.0136812 0)
(1.05754 0.0161971 0)
(1.06299 0.0177033 0)
(1.072 0.0187946 0)
(1.08363 0.0196061 0)
(1.08419 0.0200081 0)
(1.0336 0.018188 0)
(0.850539 0.0120149 0)
(0.51724 0.0035292 0)
(0.165274 0.000544203 0)
(0.192951 -4.80092e-05 0)
(0.559695 0.000151775 0)
(0.885801 -0.00289736 0)
(1.0619 -0.00502694 0)
(1.10799 -0.003765 0)
(1.10451 -0.00108727 0)
(1.09087 0.00221976 0)
(1.07886 0.0056463 0)
(1.06904 0.00925774 0)
(1.06157 0.0128416 0)
(1.05785 0.0159067 0)
(1.05907 0.0178624 0)
(1.0647 0.0189602 0)
(1.07373 0.0195087 0)
(1.08396 0.0203558 0)
(1.08251 0.0199033 0)
(1.02527 0.0177639 0)
(0.83181 0.0113154 0)
(0.50005 0.00343461 0)
(0.158277 0.000595189 0)
(0.193831 -3.74257e-05 0)
(0.558532 0.00120347 0)
(0.879222 -0.000621656 0)
(1.06112 -0.00206347 0)
(1.11224 -0.00063712 0)
(1.10971 0.00218085 0)
(1.09581 0.00563489 0)
(1.0835 0.00918678 0)
(1.07342 0.0128494 0)
(1.06573 0.016406 0)
(1.06164 0.0191341 0)
(1.06161 0.0206223 0)
(1.06549 0.0211626 0)
(1.07405 0.0214346 0)
(1.08338 0.0212131 0)
(1.07894 0.0202199 0)
(1.01261 0.0173517 0)
(0.810206 0.0105319 0)
(0.482742 0.00333034 0)
(0.151057 0.000618118 0)
(0.196664 0.000459606 0)
(0.559945 0.00178402 0)
(0.87715 0.00226099 0)
(1.06175 0.00153779 0)
(1.11577 0.00327182 0)
(1.1144 0.00594193 0)
(1.10044 0.00934201 0)
(1.08752 0.0129854 0)
(1.07672 0.0170186 0)
(1.06791 0.0207542 0)
(1.06224 0.0232519 0)
(1.06125 0.0242522 0)
(1.06547 0.024231 0)
(1.07372 0.0235494 0)
(1.08193 0.0224191 0)
(1.0752 0.0207484 0)
(1.00226 0.0172782 0)
(0.792719 0.0101205 0)
(0.468133 0.00333976 0)
(0.144376 0.000624893 0)
(0.201396 0.000694209 0)
(0.564484 0.00282435 0)
(0.879012 0.00476651 0)
(1.06355 0.0051241 0)
(1.12023 0.00751712 0)
(1.11951 0.0105402 0)
(1.10497 0.0140465 0)
(1.09116 0.0181129 0)
(1.07927 0.0220818 0)
(1.06923 0.0257399 0)
(1.06276 0.0278743 0)
(1.06088 0.0285218 0)
(1.06354 0.0276741 0)
(1.07119 0.0263046 0)
(1.07864 0.0245349 0)
(1.06788 0.0222066 0)
(0.986634 0.0175751 0)
(0.770599 0.0100384 0)
(0.451362 0.00354724 0)
(0.136886 0.000665512 0)
(0.209419 0.000859822 0)
(0.575507 0.00430108 0)
(0.885483 0.00790814 0)
(1.06815 0.0100939 0)
(1.12501 0.0128553 0)
(1.12493 0.0160157 0)
(1.11022 0.0202353 0)
(1.09576 0.0244692 0)
(1.0826 0.0287959 0)
(1.07079 0.0325095 0)
(1.06254 0.0341109 0)
(1.05949 0.0335251 0)
(1.06206 0.03178 0)
(1.06904 0.0294478 0)
(1.07474 0.0266746 0)
(1.06109 0.0233429 0)
(0.974168 0.0181471 0)
(0.753802 0.0104865 0)
(0.437198 0.00390914 0)
(0.129736 0.00069281 0)
(0.218774 0.00107635 0)
(0.589782 0.00538111 0)
(0.896268 0.0109904 0)
(1.0752 0.0146205 0)
(1.13146 0.0181934 0)
(1.13191 0.0225682 0)
(1.11677 0.0271226 0)
(1.10165 0.032211 0)
(1.08748 0.0368084 0)
(1.07403 0.0401049 0)
(1.06356 0.0408186 0)
(1.05847 0.0397627 0)
(1.0585 0.0371314 0)
(1.06407 0.0338425 0)
(1.0686 0.0305721 0)
(1.05084 0.026039 0)
(0.955654 0.0197658 0)
(0.730072 0.0115295 0)
(0.418144 0.00448081 0)
(0.120758 0.000743211 0)
(0.232382 0.0014774 0)
(0.611576 0.007154 0)
(0.913824 0.014937 0)
(1.08606 0.0204292 0)
(1.1398 0.0251541 0)
(1.13996 0.0298201 0)
(1.12405 0.0356796 0)
(1.10761 0.0412717 0)
(1.09156 0.0464906 0)
(1.07585 0.0501641 0)
(1.06345 0.0507753 0)
(1.057 0.0482443 0)
(1.05647 0.0441425 0)
(1.06071 0.0394841 0)
(1.06223 0.0348099 0)
(1.04055 0.0291961 0)
(0.940002 0.0221943 0)
(0.711378 0.0134069 0)
(0.400764 0.00527741 0)
(0.111767 0.000807532 0)
(0.248678 0.00203757 0)
(0.637026 0.00877553 0)
(0.935806 0.0187734 0)
(1.10031 0.0263722 0)
(1.15002 0.0323931 0)
(1.14963 0.0395093 0)
(1.13199 0.0461931 0)
(1.11358 0.0528537 0)
(1.09516 0.0585052 0)
(1.07674 0.0616278 0)
(1.06108 0.0608292 0)
(1.05165 0.0569347 0)
(1.04867 0.0520269 0)
(1.0518 0.0464192 0)
(1.05291 0.0413611 0)
(1.02674 0.0346209 0)
(0.917206 0.0260379 0)
(0.681952 0.0158963 0)
(0.37495 0.00618388 0)
(0.0997406 0.000908103 0)
(0.271435 0.00286148 0)
(0.671684 0.0125719 0)
(0.964574 0.0251471 0)
(1.11917 0.0351865 0)
(1.16372 0.0433476 0)
(1.16114 0.0513919 0)
(1.14124 0.0597637 0)
(1.12002 0.0673106 0)
(1.09829 0.0732589 0)
(1.0765 0.0761539 0)
(1.0584 0.0747427 0)
(1.04813 0.0698058 0)
(1.04474 0.062856 0)
(1.04621 0.0553111 0)
(1.04286 0.0484866 0)
(1.01157 0.040163 0)
(0.895383 0.0304942 0)
(0.65625 0.0187439 0)
(0.350466 0.00722745 0)
(0.0876591 0.000973323 0)
(0.302911 0.00375461 0)
(0.717487 0.015468 0)
(1.00268 0.0326941 0)
(1.14389 0.0459349 0)
(1.18097 0.0557967 0)
(1.17557 0.0672974 0)
(1.15198 0.0770337 0)
(1.12743 0.0855117 0)
(1.10225 0.0914225 0)
(1.07681 0.0932658 0)
(1.05449 0.0895728 0)
(1.03952 0.0818584 0)
(1.03275 0.0736315 0)
(1.03285 0.0652597 0)
(1.02999 0.0576453 0)
(0.993075 0.0480138 0)
(0.865209 0.0358793 0)
(0.616414 0.0218385 0)
(0.314691 0.00802536 0)
(0.0719177 0.00098369 0)
(0.3391 0.00723843 0)
(0.774568 0.0246184 0)
(1.04894 0.045151 0)
(1.17417 0.0620092 0)
(1.2029 0.075193 0)
(1.19197 0.0884659 0)
(1.16388 0.0992928 0)
(1.135 0.107998 0)
(1.10532 0.113352 0)
(1.0754 0.114001 0)
(1.04971 0.108898 0)
(1.03412 0.100304 0)
(1.02759 0.090275 0)
(1.02587 0.0793703 0)
(1.01547 0.0688975 0)
(0.969691 0.056473 0)
(0.832347 0.0420603 0)
(0.579161 0.0252109 0)
(0.281693 0.00916645 0)
(0.0572937 0.000898686 0)
(0.420125 0.0109135 0)
(0.859717 0.0354828 0)
(1.11055 0.065422 0)
(1.21169 0.0868634 0)
(1.22814 0.101053 7.4026e-34)
(1.21013 0.117319 -3.2949e-34)
(1.17576 0.128182 0)
(1.14186 0.136154 0)
(1.10746 0.139878 0)
(1.07325 0.138206 0)
(1.04342 0.129857 0)
(1.02267 0.117775 0)
(1.01104 0.104953 0)
(1.00617 0.0928101 0)
(0.996381 0.0813796 0)
(0.942745 0.0670478 0)
(0.78993 0.0487829 0)
(0.524226 0.0289272 0)
(0.232727 0.00923849 0)
(0.0378454 0.00072532 0)
(0.49013 0.0261308 5.71805e-20)
(0.958462 0.0590838 -4.31514e-20)
(1.17645 0.098907 0)
(1.24964 0.123354 3.26435e-20)
(1.25516 0.139587 -2.64582e-20)
(1.2272 0.156217 3.47635e-34)
(1.18653 0.165305 0)
(1.1472 0.171448 1.80591e-20)
(1.10727 0.173113 -5.9032e-20)
(1.06725 0.168957 1.1984e-20)
(1.03275 0.15844 0)
(1.01069 0.144594 -2.98998e-20)
(1.00037 0.131065 -3.56549e-20)
(0.994432 0.116573 6.22961e-20)
(0.969829 0.100133 -4.91649e-20)
(0.897262 0.0801777 0)
(0.727329 0.0574174 -1.77641e-20)
(0.453229 0.0318123 0)
(0.178836 0.0105222 -9.7733e-20)
(0.0199784 0.000924961 1.15328e-19)
(0.524065 0.0538615 -7.40685e-21)
(1.01793 0.102599 1.35173e-19)
(1.22318 0.148726 -9.31024e-21)
(1.28184 0.170634 -8.45735e-20)
(1.27844 0.187864 -5.60718e-20)
(1.24187 0.202409 9.10257e-20)
(1.19538 0.209164 0)
(1.1505 0.213154 0)
(1.10501 0.212453 9.41641e-20)
(1.06011 0.205709 0)
(1.02104 0.191948 1.08669e-19)
(0.992743 0.175723 3.20802e-20)
(0.972256 0.158369 3.58303e-22)
(0.953709 0.140067 -6.81206e-20)
(0.929324 0.122909 0)
(0.853679 0.102289 0)
(0.677005 0.0731645 -2.91039e-19)
(0.409585 0.0423762 7.28902e-19)
(0.161397 0.0139222 -4.32572e-19)
(0.0139187 0.00195695 -5.1038e-19)
(0.530555 0.0764908 -8.71458e-20)
(1.05308 0.159127 3.20856e-20)
(1.25791 0.209781 1.63042e-20)
(1.30725 0.229786 1.48415e-19)
(1.29636 0.244727 1.42118e-20)
(1.25316 0.254693 -2.3836e-19)
(1.20169 0.257813 8.03759e-20)
(1.15147 0.25889 0)
(1.10052 0.255455 -1.99647e-19)
(1.04934 0.245704 1.74975e-19)
(1.00394 0.229757 -2.93225e-19)
(0.971111 0.210865 1.37117e-19)
(0.949506 0.191606 -8.81871e-20)
(0.934364 0.174743 1.98881e-19)
(0.898741 0.154657 0)
(0.815817 0.127963 -7.26326e-20)
(0.645815 0.0937767 0)
(0.39902 0.0532109 4.0238e-19)
(0.162269 0.0219016 -9.55534e-19)
(0.0184414 0.00204055 5.9854e-19)
(0.522364 0.108229 2.72739e-19)
(1.06859 0.215532 -1.16926e-19)
(1.27739 0.274599 -2.37195e-20)
(1.32359 0.293828 0)
(1.30776 0.306306 -1.08326e-19)
(1.25999 0.311166 1.33017e-19)
(1.20427 0.309853 -8.59892e-20)
(1.14932 0.307176 0)
(1.09339 0.299671 1.41977e-19)
(1.03772 0.285885 -1.23142e-19)
(0.988948 0.266252 2.54135e-19)
(0.950875 0.244175 0)
(0.922235 0.224461 -1.87494e-19)
(0.894351 0.203262 1.05849e-19)
(0.862766 0.182025 2.66172e-19)
(0.787635 0.157257 -2.34155e-19)
(0.631253 0.119183 3.74728e-19)
(0.400684 0.07281 -8.29388e-19)
(0.177418 0.0322572 5.23904e-19)
(0.0284071 0.00513882 -6.5556e-19)
(0.509843 0.132438 -1.14002e-19)
(1.07505 0.270182 8.25375e-20)
(1.28734 0.340791 -7.80279e-20)
(1.33184 0.358995 1.46177e-19)
(1.3125 0.369003 -1.32484e-19)
(1.26182 0.369145 4.3e-20)
(1.20302 0.363714 3.65434e-21)
(1.14418 0.357106 -1.64537e-19)
(1.08421 0.345878 -1.49259e-19)
(1.02377 0.328749 -2.64582e-19)
(0.96848 0.305055 -5.46287e-19)
(0.92624 0.28054 -1.67252e-19)
(0.896907 0.257968 2.42572e-21)
(0.875211 0.238312 -3.61052e-19)
(0.835315 0.216695 -6.32072e-21)
(0.758248 0.185912 3.4023e-19)
(0.61178 0.144077 -1.02847e-19)
(0.400305 0.0921344 -5.98816e-20)
(0.190377 0.0443063 0)
(0.0375263 0.00892728 1.39107e-18)
(0.491666 0.152897 0)
(1.06735 0.319393 -1.45595e-20)
(1.28858 0.403908 -1.79725e-20)
(1.33353 0.422881 -1.26178e-20)
(1.31174 0.431405 1.31498e-19)
(1.25919 0.427281 -9.86022e-20)
(1.19818 0.417862 9.45283e-20)
(1.13642 0.407237 2.69316e-19)
(1.07316 0.391754 -8.27335e-20)
(1.00846 0.369291 1.31999e-19)
(0.949791 0.342329 2.93567e-19)
(0.905405 0.315494 3.63979e-19)
(0.871022 0.291763 -2.18228e-19)
(0.836828 0.267034 3.90142e-19)
(0.80457 0.244883 -3.08598e-19)
(0.739 0.217743 0)
(0.605653 0.17183 -7.79567e-19)
(0.407103 0.114612 1.04939e-18)
(0.203671 0.0581762 7.83264e-20)
(0.0456835 0.0133558 -1.46569e-18)
(0.477445 0.173366 -5.14341e-21)
(1.05896 0.367834 7.22372e-20)
(1.28499 0.464754 1.3285e-19)
(1.33018 0.484379 -1.49795e-19)
(1.3065 0.491651 1.04619e-19)
(1.25272 0.483969 -9.74583e-20)
(1.19002 0.471239 1.89513e-19)
(1.12586 0.457039 -8.27469e-20)
(1.05917 0.437719 -3.35411e-19)
(0.990918 0.412769 2.04049e-22)
(0.929164 0.3826 -3.18056e-19)
(0.880713 0.35069 -3.90427e-19)
(0.845086 0.324006 2.39922e-19)
(0.821169 0.301831 -1.40044e-19)
(0.782708 0.279 3.3415e-19)
(0.714391 0.244338 0)
(0.589368 0.197663 -4.82027e-19)
(0.406701 0.135212 7.11865e-19)
(0.211788 0.0713682 1.35037e-18)
(0.0511439 0.0175163 -1.58876e-18)
(0.462837 0.190786 6.257e-20)
(1.04544 0.412075 -3.90809e-20)
(1.27741 0.522168 -1.05682e-19)
(1.32318 0.543268 1.57012e-19)
(1.29795 0.549753 1.16255e-20)
(1.24332 0.538917 -1.94073e-19)
(1.17959 0.523103 -1.08276e-19)
(1.11379 0.505515 -1.02863e-19)
(1.04557 0.482438 -1.87627e-19)
(0.975682 0.452469 3.01963e-19)
(0.910601 0.415112 3.23166e-19)
(0.860278 0.383323 6.20028e-19)
(0.823757 0.35484 0)
(0.78659 0.328816 5.96867e-21)
(0.755299 0.303167 -9.1422e-19)
(0.697651 0.275304 2.12693e-19)
(0.581793 0.22364 1.03819e-18)
(0.406928 0.156781 -3.06082e-19)
(0.21615 0.0836732 6.39587e-19)
(0.0543927 0.0211335 -5.33945e-20)
(0.453743 0.209495 5.90535e-21)
(1.03396 0.455247 -8.93679e-21)
(1.26766 0.576869 -6.25845e-20)
(1.31365 0.59914 2.05994e-19)
(1.28702 0.604816 -2.44957e-19)
(1.23175 0.59129 1.95658e-19)
(1.16706 0.572927 1.12504e-19)
(1.0997 0.552316 3.10321e-19)
(1.02861 0.525994 3.80044e-19)
(0.953405 0.492735 -3.45083e-19)
(0.885631 0.455533 0)
(0.834527 0.417949 -2.32671e-19)
(0.79698 0.386712 2.67128e-19)
(0.772956 0.360635 3.34451e-19)
(0.734446 0.335194 -1.9339e-19)
(0.672685 0.298212 -4.71361e-19)
(0.561947 0.247442 -1.40869e-19)
(0.397674 0.173766 -1.41235e-21)
(0.212105 0.0936513 0)
(0.0543366 0.0231188 0)
(0.445452 0.225146 -1.84503e-20)
(1.02142 0.495392 0)
(1.25634 0.628441 -5.11174e-20)
(1.30216 0.652513 7.99288e-21)
(1.27435 0.657473 2.71483e-19)
(1.21861 0.641385 -7.02895e-20)
(1.15327 0.620685 1.14683e-19)
(1.08473 0.597456 -2.11427e-19)
(1.01248 0.568226 2.89034e-19)
(0.938303 0.53152 -1.10443e-19)
(0.870531 0.488273 1.84337e-19)
(0.81585 0.447694 7.37647e-19)
(0.774742 0.415623 1.37941e-20)
(0.737302 0.384777 -3.49133e-19)
(0.707775 0.356562 6.43983e-19)
(0.655286 0.326054 4.36432e-21)
(0.550743 0.268156 1.5071e-19)
(0.389413 0.190031 -7.19656e-19)
(0.20525 0.100416 7.36309e-19)
(0.0519467 0.0246378 -8.72551e-19)
(0.439266 0.244207 3.49126e-23)
(1.00992 0.533858 0)
(1.24402 0.676913 0)
(1.28944 0.702632 -2.34268e-20)
(1.26064 0.706883 -8.60945e-20)
(1.20452 0.688726 9.58506e-20)
(1.13867 0.66608 -2.19466e-19)
(1.06937 0.640441 0)
(0.995555 0.608442 -4.24702e-19)
(0.916939 0.568961 4.9824e-19)
(0.841942 0.523172 5.21542e-19)
(0.787076 0.479101 -2.70245e-19)
(0.750011 0.441097 -3.24935e-19)
(0.723471 0.413312 7.60861e-19)
(0.687876 0.384972 -2.28669e-19)
(0.630642 0.342641 -2.73058e-19)
(0.529215 0.286303 -1.63653e-19)
(0.375742 0.201328 -7.75413e-19)
(0.19633 0.104666 1.12146e-19)
(0.0481952 0.0252346 9.41336e-19)
(0.435774 0.262611 -1.57935e-20)
(0.999235 0.570314 -1.34699e-20)
(1.23112 0.722733 2.34224e-20)
(1.27585 0.750347 -1.14858e-22)
(1.2462 0.753911 -7.11872e-20)
(1.18984 0.73362 1.68343e-19)
(1.12366 0.709099 0)
(1.05347 0.681423 1.26156e-19)
(0.977969 0.647271 -9.94758e-20)
(0.897938 0.604934 8.3104e-19)
(0.825471 0.554324 -1.19213e-19)
(0.769481 0.507647 1.34441e-19)
(0.725215 0.470101 0)
(0.689348 0.43412 -4.11425e-19)
(0.660284 0.400883 4.96856e-19)
(0.612166 0.366626 0)
(0.514479 0.300362 -3.53336e-19)
(0.360196 0.211161 1.03828e-18)
(0.185146 0.106803 1.22293e-19)
(0.0434753 0.0249247 -1.1583e-18)
(0.433814 0.279422 -4.88603e-20)
(0.989332 0.604835 6.33555e-20)
(1.21802 0.765525 0)
(1.26196 0.794778 -3.35425e-20)
(1.23159 0.797744 0)
(1.175 0.775834 -2.05075e-19)
(1.10838 0.749853 0)
(1.03732 0.720338 0)
(0.960485 0.684062 -1.28086e-19)
(0.878481 0.639405 -7.88867e-19)
(0.801131 0.588071 -9.6185e-19)
(0.73909 0.537914 1.55986e-19)
(0.699581 0.492627 5.60289e-19)
(0.6739 0.458143 4.51925e-19)
(0.639744 0.425621 -1.59422e-18)
(0.586211 0.376596 -6.40615e-19)
(0.489864 0.313235 3.7477e-19)
(0.342027 0.215754 0)
(0.173074 0.107098 1.0526e-18)
(0.0385549 0.0236772 -1.24777e-18)
(0.432526 0.295097 6.5066e-20)
(0.979953 0.637548 -7.92788e-20)
(1.20503 0.805861 0)
(1.24793 0.836976 -1.06673e-20)
(1.21686 0.839441 2.03055e-20)
(1.16001 0.815816 0)
(1.09308 0.788283 6.68975e-20)
(1.02142 0.757205 8.50689e-20)
(0.943635 0.719426 -2.44178e-19)
(0.85969 0.673032 1.0582e-19)
(0.779224 0.617048 0)
(0.718922 0.562116 6.46808e-19)
(0.675063 0.517481 4.67653e-21)
(0.637685 0.475412 2.43695e-19)
(0.611018 0.434872 2.89154e-19)
(0.565756 0.395923 0)
(0.472913 0.320109 -6.14763e-19)
(0.324014 0.219491 1.20684e-18)
(0.160419 0.10564 -1.27756e-18)
(0.0337715 0.022035 2.68757e-18)
(0.431486 0.310181 0)
(0.971153 0.668737 0)
(1.19235 0.843428 -3.34105e-20)
(1.23408 0.876045 0)
(1.20234 0.878084 0)
(1.14532 0.853261 -1.85907e-19)
(1.07817 0.824667 6.88679e-20)
(1.00591 0.792102 1.74555e-20)
(0.926679 0.752887 -5.68819e-20)
(0.840457 0.70468 0)
(0.75845 0.647996 -1.45324e-19)
(0.69335 0.592123 -5.27005e-19)
(0.646669 0.538785 -6.32296e-19)
(0.62129 0.495397 -2.53432e-19)
(0.58944 0.456393 3.13652e-19)
(0.539121 0.398431 -7.39838e-19)
(0.446527 0.327219 1.32298e-18)
(0.303797 0.218063 3.82795e-21)
(0.147863 0.102704 -1.22685e-18)
(0.0295328 0.0201694 -1.81389e-19)
(0.43054 0.324918 0)
(0.962888 0.698489 -6.84672e-20)
(1.18002 0.878916 4.61427e-20)
(1.22042 0.913179 0)
(1.18809 0.914849 0)
(1.13091 0.888699 3.8047e-19)
(1.06357 0.858862 0)
(0.990781 0.825156 0)
(0.910319 0.784658 -5.36292e-19)
(0.821828 0.7354 1.43201e-19)
(0.735099 0.676227 -1.2942e-18)
(0.667195 0.613945 0)
(0.621929 0.561819 -6.83938e-19)
(0.582655 0.511164 1.09586e-20)
(0.556906 0.459161 -1.00641e-18)
(0.516076 0.411771 3.98298e-19)
(0.429274 0.32527 2.36662e-21)
(0.287853 0.216022 -1.39511e-18)
(0.137349 0.098826 6.61591e-19)
(0.0257109 0.018352 1.9415e-19)
(0.429675 0.339281 0)
(0.955221 0.726842 -1.09342e-19)
(1.16814 0.912032 4.86087e-20)
(1.2072 0.947464 2.27552e-20)
(1.1743 0.948752 -3.42626e-20)
(1.11702 0.921738 4.15855e-20)
(1.04955 0.89118 -4.78482e-20)
(0.976143 0.856339 5.39254e-19)
(0.894509 0.815005 5.73682e-19)
(0.804806 0.765021 1.10036e-18)
(0.718238 0.704965 1.07546e-18)
(0.647253 0.643957 1.87628e-19)
(0.591759 0.583555 9.83726e-19)
(0.563053 0.528029 6.04948e-19)
(0.5324 0.477693 7.22447e-19)
(0.487499 0.404224 -4.36444e-19)
(0.402013 0.323122 -5.10522e-19)
(0.26989 0.204664 5.97674e-19)
(0.128703 0.0946457 -3.5435e-19)
(0.0262066 0.0218882 6.28482e-19)
(0.42887 0.353172 1.62315e-19)
(0.947946 0.753668 1.69532e-19)
(1.15661 0.94329 3.03538e-20)
(1.19431 0.980059 1.62944e-20)
(1.16092 0.981023 7.77343e-20)
(1.10356 0.952991 -1.06832e-19)
(1.03597 0.9215 4.74202e-20)
(0.962229 0.885862 -2.08522e-20)
(0.879793 0.843585 -6.68052e-19)
(0.787921 0.792716 -1.19241e-18)
(0.694535 0.731335 7.51303e-20)
(0.61654 0.6662 0)
(0.566353 0.605501 0)
(0.520617 0.544709 -3.15348e-19)
(0.493287 0.473921 -1.17919e-18)
(0.458273 0.409543 9.40229e-19)
(0.387587 0.300997 5.5937e-19)
(0.27336 0.186582 0)
(0.139374 0.0713626 1.13018e-18)
(0.0199412 -0.00226555 -6.72615e-19)
(0.428126 0.366431 -8.56865e-20)
(0.941138 0.779109 7.67493e-20)
(1.14556 0.972478 -7.83692e-20)
(1.18196 1.01007 -4.6755e-20)
(1.14811 1.01063 1.17797e-20)
(1.09072 0.98197 -3.26661e-20)
(1.02316 0.950058 0)
(0.94905 0.913693 -6.78835e-19)
(0.865697 0.87105 8.25047e-20)
(0.77229 0.820211 0)
(0.67981 0.759294 0)
(0.602487 0.69554 1.1831e-19)
(0.534789 0.629072 1.57747e-19)
(0.497561 0.560198 -3.39873e-19)
(0.462575 0.492946 8.46581e-19)
(0.419697 0.389965 -1.0236e-18)
(0.350335 0.282631 -1.1962e-18)
(0.267784 0.16245 1.05808e-18)
(0.184784 0.104034 -4.03655e-19)
(0.114219 0.0830408 2.35305e-19)
(0.427262 0.378898 1.1346e-19)
(0.934475 0.802925 0)
(1.1348 0.999891 0)
(1.16997 1.03856 -9.26406e-21)
(1.13576 1.03882 7.49989e-21)
(1.0784 1.00937 -2.09904e-20)
(1.01085 0.976789 2.0232e-19)
(0.936567 0.939915 7.03725e-19)
(0.852483 0.89666 1.21558e-18)
(0.757515 0.845047 -8.88821e-20)
(0.659384 0.783604 1.82068e-19)
(0.570404 0.717929 -1.06044e-18)
(0.509862 0.652298 -1.04767e-18)
(0.450885 0.581899 -1.81918e-19)
(0.409761 0.486218 0)
(0.374116 0.396704 -9.80215e-21)
(0.318888 0.22065 6.55342e-19)
(0.278495 0.0619085 -1.10973e-18)
(0.238631 -0.069517 8.44819e-19)
(0.0810809 -0.0957015 7.03816e-19)
(0.426355 0.390875 -2.52853e-19)
(0.928159 0.825566 -1.16282e-19)
(1.12449 1.02566 6.82545e-21)
(1.15847 1.06495 3.78277e-20)
(1.12385 1.06485 0)
(1.06651 1.035 -1.55518e-19)
(0.999071 1.00231 -2.84319e-19)
(0.924541 0.965147 3.65833e-21)
(0.839831 0.922022 -6.38451e-19)
(0.743293 0.871283 -8.72156e-20)
(0.644244 0.811842 8.10072e-20)
(0.559256 0.748486 9.30984e-19)
(0.477553 0.680189 1.02285e-18)
(0.424279 0.599622 1.76627e-19)
(0.373387 0.517386 9.00803e-19)
(0.303059 0.372568 0)
(0.18892 0.20798 0)
(0.0178981 0.230671 7.66371e-19)
(-0.075402 0.628997 -3.18016e-20)
(0.00449632 1.52669 -9.32561e-19)
(0.425264 0.402205 1.40774e-19)
(0.921924 0.846804 3.14892e-19)
(1.11437 1.04999 -4.0978e-19)
(1.14719 1.09038 1.81892e-19)
(1.11223 1.09021 7.15397e-21)
(1.05491 1.05993 -1.231e-19)
(0.987467 1.02698 0)
(0.912776 0.989802 -5.9191e-19)
(0.827253 0.946703 0)
(0.729296 0.895758 1.24407e-18)
(0.625882 0.835872 -9.6814e-20)
(0.52705 0.773005 1.08554e-19)
(0.453676 0.709036 1.16507e-18)
(0.371245 0.638503 -3.81142e-19)
(0.281872 0.522154 -4.59034e-19)
(0.205694 0.431539 0)
(0.0968644 0.535522 0)
(0.0294299 1.30136 0)
(0.0742519 2.45067 -4.3612e-19)
(0.102996 2.90467 -2.67123e-19)
(0.424029 0.412971 0)
(0.916054 0.867007 0)
(1.10475 1.073 1.51287e-19)
(1.13645 1.114 -1.44784e-19)
(1.10109 1.11367 3.78561e-20)
(1.04376 1.08332 1.22784e-19)
(0.976417 1.05068 3.5836e-20)
(0.901554 1.01379 -2.79015e-20)
(0.815686 0.971495 8.89781e-20)
(0.716325 0.922517 -1.42796e-18)
(0.610877 0.866506 1.76964e-19)
(0.517847 0.808461 9.25946e-19)
(0.419848 0.746013 -1.16193e-18)
(0.343939 0.660596 -1.26352e-18)
(0.270342 0.585874 4.25667e-19)
(0.199283 0.711792 0)
(0.130415 1.53116 5.95049e-19)
(0.129917 2.68464 6.62633e-19)
(0.137633 3.08495 -7.41317e-19)
(0.128725 3.22078 8.0327e-19)
(0.422601 0.42327 0)
(0.910199 0.88572 2.91361e-19)
(1.09528 1.09452 -3.73708e-20)
(1.12598 1.13668 2.21716e-19)
(1.0903 1.13653 -3.97361e-20)
(1.03301 1.10606 0)
(0.965659 1.07347 0)
(0.890656 1.03694 0)
(0.803996 0.995273 5.16472e-19)
(0.703329 0.946679 6.73043e-20)
(0.595153 0.890342 0)
(0.487336 0.833437 -9.22284e-19)
(0.405308 0.777998 0)
(0.294987 0.713927 9.0536e-19)
(0.21073 0.785885 -6.07472e-19)
(0.162225 1.45578 -4.8926e-19)
(0.16476 2.67329 -1.15631e-18)
(0.185518 3.12647 -6.12741e-19)
(0.176122 3.26891 -8.46765e-19)
(0.161558 3.30944 6.62385e-19)
(0.421157 0.432758 -1.03566e-19)
(0.904752 0.90358 1.54184e-20)
(1.08638 1.11501 -4.24898e-20)
(1.1161 1.15778 -1.67403e-19)
(1.08002 1.15764 0)
(1.02272 1.12736 0)
(0.955462 1.09539 0)
(0.880369 1.05953 4.09952e-20)
(0.79366 1.01914 -6.51474e-19)
(0.692235 0.973448 0)
(0.582145 0.92309 0)
(0.483855 0.873631 0)
(0.369348 0.819793 0)
(0.306701 0.803864 6.61059e-19)
(0.276362 1.17786 1.623e-18)
(0.259181 2.36559 4.82403e-19)
(0.270441 3.0827 9.82433e-19)
(0.264435 3.28636 -7.583e-19)
(0.214857 3.35291 2.8244e-19)
(0.181652 3.36549 0)
(0.41954 0.441889 1.07494e-19)
(0.89905 0.92038 -6.56601e-19)
(1.07734 1.13454 -1.71985e-19)
(1.10622 1.17859 -3.59864e-20)
(1.06988 1.17885 7.98982e-21)
(1.01266 1.14868 4.00858e-20)
(0.945418 1.11694 -1.2282e-20)
(0.870242 1.08167 -4.9072e-19)
(0.782878 1.0423 0)
(0.680551 0.997594 -8.28934e-20)
(0.569645 0.947011 7.54069e-20)
(0.455466 0.897125 0)
(0.372683 0.860234 0)
(0.321633 0.985534 -8.26404e-19)
(0.282544 1.85008 1.04655e-19)
(0.277879 2.93868 -3.65912e-19)
(0.298239 3.29105 7.67729e-19)
(0.271417 3.39069 5.68205e-19)
(0.204697 3.41552 -7.89818e-19)
(0.179447 3.4246 3.93482e-19)
(0.41763 0.451165 2.14223e-19)
(0.893243 0.93802 6.45974e-19)
(1.06813 1.15497 2.04359e-19)
(1.09615 1.19954 0)
(1.05948 1.19979 0)
(1.00233 1.16982 -2.92079e-20)
(0.935288 1.13882 1.3844e-19)
(0.860264 1.10435 4.39292e-19)
(0.773299 1.06642 2.71087e-20)
(0.670979 1.02511 1.08251e-18)
(0.557839 0.981443 -1.24172e-18)
(0.452413 0.939469 0)
(0.372385 0.943629 0)
(0.340933 1.34654 -5.66774e-19)
(0.342988 2.47274 -6.79705e-19)
(0.385718 3.19909 0)
(0.410672 3.37499 -7.95168e-19)
(0.340823 3.43852 3.68568e-20)
(0.269445 3.48281 4.11648e-19)
(0.246161 3.50833 -1.45852e-19)
(0.415226 0.460854 -4.0972e-19)
(0.886364 0.955886 -3.11598e-19)
(1.05774 1.17582 0)
(1.08507 1.22171 0)
(1.04829 1.22236 0)
(0.991396 1.19238 0)
(0.924587 1.1614 -1.56308e-19)
(0.84975 1.12743 4.06903e-19)
(0.76251 1.09052 0)
(0.659862 1.05027 -9.86712e-19)
(0.54932 1.00679 2.23178e-18)
(0.439848 0.971697 9.0232e-20)
(0.385307 1.05578 1.17637e-19)
(0.391248 1.7411 9.28013e-19)
(0.4101 2.89338 -5.0274e-19)
(0.447224 3.32441 0)
(0.429551 3.45056 2.25235e-19)
(0.343014 3.53839 9.40829e-20)
(0.264425 3.60376 1.40206e-19)
(0.189097 3.58337 1.11509e-20)
(0.412386 0.470867 1.96009e-19)
(0.879132 0.97551 -3.24055e-19)
(1.04686 1.19853 0)
(1.0734 1.24457 -5.07061e-20)
(1.03639 1.24494 1.64729e-19)
(0.979734 1.21491 0)
(0.913398 1.18456 0)
(0.839136 1.15122 -7.14853e-19)
(0.752885 1.11564 -6.55385e-20)
(0.651375 1.07885 9.79168e-19)
(0.535458 1.04218 -1.06248e-18)
(0.44852 1.02711 6.11765e-19)
(0.411781 1.24129 0)
(0.433481 2.17673 -4.93602e-19)
(0.475124 3.14493 3.21186e-19)
(0.536524 3.42977 2.07979e-19)
(0.529806 3.52782 0)
(0.465197 3.61278 -2.93436e-20)
(0.392947 3.65545 -4.0008e-19)
(0.311122 3.6264 -9.11986e-20)
(0.408745 0.481219 -3.96287e-19)
(0.870368 0.99507 4.65488e-19)
(1.03445 1.22132 3.12562e-19)
(1.06049 1.26865 -7.62013e-20)
(1.02353 1.26931 -2.52862e-19)
(0.967395 1.23907 0)
(0.901621 1.20842 -4.31743e-20)
(0.8279 1.17539 2.64879e-19)
(0.74187 1.14064 3.92612e-20)
(0.640544 1.10461 -8.45842e-19)
(0.52945 1.06997 -5.76325e-20)
(0.450524 1.08092 -6.90921e-19)
(0.446263 1.4626 7.50177e-19)
(0.501969 2.53678 1.65817e-19)
(0.568924 3.30684 -2.96203e-19)
(0.622824 3.48292 1.65596e-19)
(0.583061 3.53791 0)
(0.523097 3.54342 0)
(0.426407 3.50993 -6.8355e-19)
(0.193182 3.30246 1.25549e-18)
(0.404667 0.491322 1.91123e-19)
(0.861171 1.01687 4.63032e-19)
(1.02156 1.24657 -3.24335e-19)
(1.04697 1.29355 2.76049e-19)
(1.00991 1.29351 2.75021e-19)
(0.954283 1.26286 0)
(0.889363 1.23268 5.73459e-20)
(0.816739 1.19999 2.45731e-19)
(0.732327 1.16624 0)
(0.633573 1.13321 0)
(0.524274 1.1082 0)
(0.462147 1.1639 0)
(0.491831 1.69677 -8.47006e-19)
(0.565999 2.84484 -2.21179e-19)
(0.640287 3.40261 0)
(0.683165 3.49986 -3.46852e-20)
(0.681253 3.50536 0)
(0.757148 3.34901 1.40417e-19)
(0.853102 2.98265 -1.80727e-18)
(0.452741 2.6083 1.89335e-18)
(0.399058 0.501462 -3.93487e-19)
(0.849849 1.03808 -2.98398e-19)
(1.00663 1.27137 -2.18326e-19)
(1.0319 1.31962 -2.58181e-19)
(0.99513 1.31973 -1.36395e-19)
(0.940419 1.28866 0)
(0.876483 1.25777 1.77564e-20)
(0.804826 1.22518 -5.29462e-20)
(0.721227 1.192 -2.9224e-19)
(0.622943 1.15947 0)
(0.522708 1.13954 5.61612e-20)
(0.479902 1.25131 -6.38704e-20)
(0.540664 1.94382 0)
(0.638114 3.07071 2.88645e-19)
(0.729185 3.44303 0)
(0.763779 3.48207 -9.57476e-20)
(0.768283 3.3972 2.67146e-19)
(0.761103 3.01953 -1.38538e-19)
(0.515944 2.01419 2.79016e-19)
(-0.347569 0.510397 -6.84439e-19)
(0.392614 0.511899 -1.33791e-20)
(0.837783 1.06201 -1.54834e-19)
(0.990981 1.29961 2.99946e-19)
(1.01587 1.34718 -1.92682e-20)
(0.979189 1.34621 -4.73254e-20)
(0.925288 1.31447 0)
(0.862625 1.28405 1.45773e-20)
(0.792616 1.25163 -1.49142e-19)
(0.711414 1.2194 5.28617e-19)
(0.614346 1.18935 -5.99293e-19)
(0.524499 1.18378 -6.82167e-19)
(0.503821 1.36998 0)
(0.596431 2.23319 4.4406e-19)
(0.707169 3.21514 -6.33393e-20)
(0.782181 3.42929 2.28243e-20)
(0.788577 3.42499 0)
(0.717571 3.19155 -1.42246e-19)
(0.548357 2.41958 1.54042e-19)
(0.111741 0.6679 -1.82926e-19)
(-0.253979 -0.40998 -1.71004e-19)
(0.384054 0.521205 3.70784e-19)
(0.822894 1.08456 -1.52815e-19)
(0.972562 1.32658 2.16206e-19)
(0.997844 1.37583 1.65538e-19)
(0.961718 1.37516 9.68211e-20)
(0.90923 1.34305 1.60591e-19)
(0.848024 1.31173 -5.08842e-20)
(0.779524 1.27944 8.95791e-20)
(0.699683 1.24779 -4.12043e-19)
(0.603911 1.2197 2.77789e-20)
(0.529273 1.22503 1.01267e-19)
(0.53751 1.50637 -4.46425e-19)
(0.654563 2.50254 1.26768e-19)
(0.767564 3.28967 -2.40418e-19)
(0.829514 3.40006 4.8255e-20)
(0.809669 3.32224 7.6406e-20)
(0.686127 2.88975 -2.02881e-19)
(0.425459 1.68111 1.32871e-19)
(0.0648095 0.060022 0)
(-0.0795616 -0.169504 -2.91549e-19)
(0.374433 0.530512 0)
(0.806735 1.10961 -5.80988e-19)
(0.953284 1.35778 2.38186e-20)
(0.978661 1.40628 -2.66829e-19)
(0.942883 1.40422 0)
(0.891624 1.37123 -1.21115e-19)
(0.83225 1.34047 7.00938e-20)
(0.766034 1.30831 -8.37993e-20)
(0.689723 1.27762 3.17091e-19)
(0.597956 1.25327 4.3971e-19)
(0.535277 1.28035 5.35069e-19)
(0.568629 1.66345 4.69493e-20)
(0.708515 2.738 -3.30983e-19)
(0.821397 3.32288 7.35971e-21)
(0.860945 3.36022 1.73706e-20)
(0.786771 3.16164 6.91185e-20)
(0.54606 2.364 8.59298e-20)
(0.121669 0.469599 -1.01841e-19)
(-0.13432 -0.245433 0)
(-0.114625 -0.208131 0)
(0.361975 0.537529 -3.61957e-19)
(0.786881 1.132 5.80931e-19)
(0.930544 1.38618 0)
(0.957052 1.43715 0)
(0.9221 1.43559 0)
(0.87304 1.40232 0)
(0.815733 1.37052 -4.70545e-20)
(0.751855 1.33841 -1.56431e-20)
(0.67764 1.30828 -2.79425e-20)
(0.591994 1.28668 4.67903e-20)
(0.542404 1.33887 -4.67963e-19)
(0.611378 1.83237 3.26645e-19)
(0.76966 2.93373 0)
(0.865254 3.3262 3.67817e-20)
(0.881914 3.30015 4.48916e-20)
(0.743703 2.88967 -1.64651e-20)
(0.414298 1.73525 1.03655e-19)
(0.0141215 -0.0234191 5.68151e-20)
(-0.162845 -0.20545 -2.39604e-19)
(-0.0601017 -0.139126 -2.80205e-19)
(0.347115 0.543404 1.84928e-19)
(0.764299 1.15512 2.71557e-19)
(0.906983 1.41931 -9.21901e-21)
(0.933948 1.47004 1.45611e-19)
(0.899696 1.46671 0)
(0.852531 1.43239 2.48539e-19)
(0.797743 1.40108 -4.42211e-20)
(0.736811 1.36906 1.04132e-20)
(0.666123 1.33955 -3.50147e-20)
(0.587872 1.32358 3.58009e-20)
(0.554443 1.40761 3.13889e-19)
(0.649307 2.02877 -1.63343e-19)
(0.814542 3.05676 -1.34881e-19)
(0.897506 3.31268 -4.31914e-21)
(0.8874 3.19854 -2.13308e-20)
(0.663236 2.56517 1.35106e-19)
(0.214003 0.836877 -7.6836e-20)
(-0.0775651 -0.275749 1.1611e-19)
(-0.140213 -0.229772 -3.52692e-19)
(-0.0617824 -0.136042 2.4478e-19)
(0.32846 0.545588 -1.72981e-19)
(0.737599 1.17425 0)
(0.879319 1.44756 -1.9845e-19)
(0.907787 1.50223 -2.82015e-19)
(0.874686 1.4997 0)
(0.830949 1.46521 -1.96075e-19)
(0.778831 1.43277 0)
(0.721251 1.40039 -7.25538e-20)
(0.652028 1.37163 -5.34682e-20)
(0.584743 1.36002 1.35371e-19)
(0.567875 1.48431 -1.78685e-19)
(0.698879 2.22559 8.82951e-20)
(0.865568 3.13478 2.2397e-19)
(0.935127 3.29286 1.05706e-21)
(0.874516 3.07084 -2.18709e-20)
(0.555085 2.13242 -4.5451e-20)
(0.0926069 0.165285 1.14049e-19)
(-0.168049 -0.288492 -1.2876e-19)
(-0.108008 -0.216822 4.19583e-22)
(-0.0409694 -0.0767118 -2.54825e-20)
(0.307042 0.544925 3.46248e-19)
(0.708277 1.19325 -2.63038e-19)
(0.850533 1.48001 2.14478e-19)
(0.879408 1.53642 1.36367e-19)
(0.847977 1.5319 2.75185e-20)
(0.807056 1.49616 1.30508e-19)
(0.758101 1.46399 0)
(0.704321 1.43164 -3.6513e-20)
(0.639576 1.40369 0)
(0.581268 1.4002 -1.2661e-19)
(0.584234 1.56504 1.74326e-19)
(0.737695 2.39637 -1.06272e-20)
(0.899413 3.17733 -1.00743e-19)
(0.949066 3.25169 3.12476e-20)
(0.839787 2.87713 -7.03944e-21)
(0.429936 1.64245 5.53255e-20)
(-0.0475694 -0.109134 -1.74679e-19)
(-0.22671 -0.267648 -1.02138e-19)
(-0.123999 -0.24049 -4.17172e-20)
(-0.0577009 -0.0715558 1.91548e-19)
(0.281769 0.537848 4.27663e-21)
(0.674388 1.20613 1.36268e-19)
(0.816276 1.50466 0)
(0.847194 1.56786 2.56459e-19)
(0.818014 1.56521 -3.59623e-19)
(0.781821 1.5294 1.33372e-19)
(0.736101 1.49611 -8.60468e-20)
(0.686909 1.46262 5.88106e-20)
(0.625235 1.43594 -4.54049e-20)
(0.577943 1.43834 -9.32774e-21)
(0.601165 1.64842 7.38069e-20)
(0.786721 2.55208 9.67007e-20)
(0.937637 3.1942 3.7288e-20)
(0.971825 3.20755 -4.00862e-20)
(0.796813 2.68353 -5.81336e-20)
(0.303413 1.13123 1.13119e-19)
(-0.0859487 -0.235494 -1.17473e-19)
(-0.251003 -0.308145 7.61795e-20)
(-0.135903 -0.289158 7.08713e-22)
(-0.0755272 -0.0978175 -1.73994e-19)
(0.25322 0.52396 6.48142e-19)
(0.636159 1.21454 -1.36639e-19)
(0.780214 1.53247 -3.66023e-19)
(0.812344 1.60042 2.97132e-19)
(0.786817 1.59684 -1.55674e-19)
(0.753776 1.55953 2.58267e-19)
(0.71182 1.52625 1.29136e-19)
(0.667846 1.4928 0)
(0.612885 1.46673 5.1405e-20)
(0.573054 1.47932 -6.93054e-21)
(0.61857 1.72835 -2.70611e-20)
(0.82158 2.66453 -4.92751e-20)
(0.958734 3.19633 2.18396e-20)
(0.964635 3.14761 8.93051e-21)
(0.728273 2.45023 -9.20936e-20)
(0.214239 0.642547 -4.73953e-20)
(-0.0806994 -0.271709 1.31978e-19)
(-0.193399 -0.348974 5.32511e-20)
(-0.127319 -0.312144 1.71836e-20)
(-0.06961 -0.119157 1.50421e-19)
(0.22038 0.499175 0)
(0.592314 1.21337 1.27211e-19)
(0.737232 1.54887 -1.65492e-19)
(0.773338 1.62759 2.8919e-19)
(0.751819 1.62819 -3.46314e-19)
(0.723609 1.59131 1.44306e-19)
(0.685945 1.55687 0)
(0.64731 1.52146 0)
(0.599527 1.49546 0)
(0.566628 1.51572 6.70031e-21)
(0.633712 1.79681 -6.28044e-21)
(0.86181 2.75637 6.68554e-21)
(0.981933 3.20201 4.70836e-20)
(0.977945 3.08849 4.28857e-20)
(0.699807 2.28876 -6.94071e-20)
(0.20664 0.388657 7.07688e-20)
(-0.0606299 -0.239857 5.21605e-21)
(-0.131578 -0.349596 -1.10948e-19)
(-0.104167 -0.304433 1.36924e-20)
(-0.0240518 -0.110283 0)
(0.183971 0.461663 5.97211e-19)
(0.542431 1.20008 -1.18958e-19)
(0.692309 1.56619 4.61899e-21)
(0.731917 1.65506 0)
(0.715422 1.65594 -1.66335e-19)
(0.690329 1.61836 1.81233e-20)
(0.657215 1.58366 0)
(0.625369 1.54825 3.72998e-20)
(0.585678 1.52181 -2.94318e-20)
(0.559733 1.55053 0)
(0.647096 1.85282 0)
(0.885754 2.80448 -1.79524e-20)
(0.996454 3.20464 -8.10798e-20)
(0.948618 3.03802 -3.37059e-20)
(0.606987 2.06576 -1.7481e-20)
(0.0126834 0.209181 1.71538e-20)
(-0.194035 -0.151226 0)
(-0.179458 -0.303679 -5.25606e-20)
(-0.118096 -0.275173 -1.12251e-19)
(0.0362039 0.0273337 2.51732e-19)
(0.143969 0.407376 4.93568e-19)
(0.486603 1.17167 -1.14295e-19)
(0.639177 1.56577 1.5873e-19)
(0.685438 1.6735 -3.9511e-19)
(0.673949 1.68125 0)
(0.65455 1.64641 0)
(0.626782 1.61019 0)
(0.600971 1.57246 3.99326e-20)
(0.570247 1.54356 -3.1499e-20)
(0.550136 1.57533 0)
(0.65476 1.88721 0)
(0.920486 2.84168 9.06799e-20)
(1.0143 3.22081 -5.97653e-20)
(0.924724 3.04904 6.44501e-20)
(0.532368 1.98732 1.59384e-19)
(-0.143146 0.358095 0)
(-0.396312 -0.191801 -6.85481e-20)
(-0.429755 -0.486938 -2.59192e-20)
(-0.342745 -0.50042 3.75357e-19)
(-0.0375988 -0.0347306 -4.35219e-19)
(0.102122 0.334159 -4.58762e-19)
(0.423059 1.11811 1.21838e-19)
(0.584035 1.56176 3.39154e-19)
(0.636594 1.6902 2.24459e-19)
(0.630108 1.70033 -1.81803e-19)
(0.61587 1.66773 -1.15652e-19)
(0.592567 1.63073 7.5908e-20)
(0.574339 1.59297 0)
(0.55328 1.56137 0)
(0.537349 1.5913 0)
(0.655197 1.89565 -4.74275e-20)
(0.942564 2.82202 -9.83834e-20)
(1.05921 3.21978 8.23238e-20)
(0.972315 3.08196 -3.27261e-20)
(0.580685 2.00576 8.50407e-20)
(-0.0776038 0.507336 0)
(-0.443195 -0.22843 2.02689e-19)
(-0.525319 -0.872169 -8.51217e-19)
(-0.547664 -1.04305 1.91954e-18)
(-0.269623 -0.77464 -1.05744e-18)
(0.0571195 0.240032 4.85389e-19)
(0.352325 1.04033 -3.98785e-19)
(0.517746 1.52761 0)
(0.580942 1.69146 1.12194e-19)
(0.58161 1.71529 7.92299e-20)
(0.573955 1.68875 1.6262e-19)
(0.556274 1.65016 -7.09572e-20)
(0.543869 1.6091 0)
(0.532653 1.57343 0)
(0.524481 1.59713 -9.58403e-20)
(0.645081 1.87568 -7.15994e-22)
(0.970072 2.79013 5.51062e-20)
(1.14451 3.20517 1.72019e-20)
(1.16376 3.13369 3.33541e-19)
(0.911277 2.3372 -8.1669e-19)
(0.401059 0.882203 1.18363e-18)
(-0.105835 -0.128427 -8.52098e-19)
(-0.405789 -1.00686 0)
(-0.513883 -1.36048 -3.72196e-20)
(-0.346297 -1.2932 1.69156e-18)
(0.0195219 0.152702 4.96804e-19)
(0.269571 0.918493 0)
(0.450101 1.48156 0)
(0.522606 1.68637 0)
(0.530515 1.72126 6.42221e-20)
(0.528347 1.70037 -1.62259e-19)
(0.514874 1.66111 -6.75099e-20)
(0.508865 1.62016 0)
(0.507203 1.57795 0)
(0.507092 1.59018 6.07551e-20)
(0.62171 1.82139 1.93323e-20)
(0.970591 2.65685 -2.48301e-20)
(1.25003 3.10873 1.77285e-20)
(1.33636 2.99265 8.42311e-20)
(1.2612 2.54009 -2.60229e-19)
(0.969866 1.57405 2.19498e-19)
(0.527925 0.535672 -3.02372e-19)
(0.0946732 -0.35865 0)
(-0.167446 -1.36573 3.57081e-20)
(-0.317646 -1.50622 3.66994e-19)
(-0.00079866 0.0836889 -4.62931e-19)
(0.180574 0.757498 1.59518e-19)
(0.369272 1.37935 2.4261e-19)
(0.457713 1.65396 -1.74657e-20)
(0.475685 1.72001 -1.43966e-19)
(0.478941 1.71041 -8.62413e-20)
(0.470394 1.67162 1.88797e-19)
(0.467292 1.62536 -6.97666e-21)
(0.472972 1.57444 0)
(0.481149 1.57053 1.65096e-20)
(0.572894 1.72887 2.21845e-21)
(0.886402 2.47637 7.58885e-21)
(1.20293 2.94633 0)
(1.27713 2.87664 -1.5569e-20)
(1.21757 2.55751 0)
(1.07538 1.89554 -1.75596e-20)
(0.711087 0.931388 5.86078e-20)
(0.406976 0.0529752 0)
(0.103478 -0.711691 0)
(-0.0506743 -0.94635 -5.44008e-19)
(-0.0033114 0.0258013 3.67922e-19)
(0.0935419 0.49991 -1.37843e-19)
(0.299441 1.25036 1.07807e-19)
(0.391611 1.60239 -1.68121e-19)
(0.416909 1.70497 6.51678e-20)
(0.424043 1.70547 -2.06889e-20)
(0.41959 1.67397 1.14549e-20)
(0.417571 1.62665 -2.62106e-20)
(0.424737 1.56547 -1.48192e-20)
(0.440748 1.53836 -3.39157e-21)
(0.488168 1.62421 6.54054e-21)
(0.692561 2.17431 0)
(1.01795 2.7846 2.40284e-20)
(1.07185 2.75843 0)
(1.06124 2.57789 0)
(0.976014 2.18394 0)
(0.737262 1.50674 6.60042e-19)
(0.468178 0.797669 -1.63297e-18)
(0.214161 0.171025 1.08277e-20)
(0.0172913 -0.262739 1.16678e-18)
(0.00472161 -0.0303649 6.42491e-20)
(0.0287495 0.213082 6.02752e-20)
(0.207812 1.0005 -4.91085e-20)
(0.321348 1.50149 -3.60632e-20)
(0.355652 1.67868 2.91562e-20)
(0.365147 1.69847 1.93176e-20)
(0.363402 1.67702 1.26718e-20)
(0.357336 1.62323 0)
(0.360183 1.55379 -5.51909e-21)
(0.37031 1.50431 -1.7442e-21)
(0.381154 1.54071 -3.16168e-21)
(0.449145 1.90157 0)
(0.741655 2.60788 1.48954e-20)
(0.759117 2.69942 -4.284e-20)
(0.735142 2.63664 0)
(0.68555 2.42742 0)
(0.557025 2.00479 -4.0677e-20)
(0.360341 1.40114 0)
(0.187619 0.855148 -3.15743e-20)
(0.0521625 0.390631 0)
(0.0080214 -0.0739907 0)
(0.00834922 0.0460371 0)
(0.104542 0.667229 0)
(0.234943 1.33076 0)
(0.282943 1.61722 -7.04612e-34)
(0.297553 1.67841 4.99338e-34)
(0.299155 1.67003 0)
(0.295351 1.62117 0)
(0.290021 1.54652 0)
(0.293882 1.48469 0)
(0.298388 1.50285 0)
(0.28605 1.77071 0)
(0.517453 2.46298 0)
(0.543643 2.70973 0)
(0.50632 2.71619 0)
(0.470421 2.63007 0)
(0.40194 2.38006 0)
(0.264154 1.91359 0)
(0.127334 1.44 0)
(0.0268324 0.87761 0)
(0.00205152 -0.0986562 0)
(0.0119633 -0.04945 0)
(0.043731 0.370055 0)
(0.163532 1.14033 0)
(0.2099 1.54099 0)
(0.226197 1.65555 0)
(0.231552 1.65749 0)
(0.231966 1.62041 0)
(0.224899 1.54515 0)
(0.228577 1.48064 0)
(0.241909 1.49441 0)
(0.188446 1.71761 0)
(0.361957 2.38471 0)
(0.399017 2.73096 0)
(0.355805 2.79321 0)
(0.326881 2.76166 0)
(0.277908 2.59954 0)
(0.183059 2.2232 0)
(0.0802811 1.76874 0)
(0.0131489 1.12039 0)
(0.00209627 -0.133429 0)
(0.0245403 -0.110736 0)
(0.0185451 0.22202 0)
(0.0914944 1.0015 0)
(0.131767 1.46746 0)
(0.152001 1.62698 0)
(0.162547 1.64338 0)
(0.16874 1.61709 0)
(0.169098 1.54609 0)
(0.170158 1.48612 0)
(0.193995 1.50068 0)
(0.122279 1.69144 0)
(0.242687 2.33348 0)
(0.283573 2.75173 0)
(0.244299 2.86282 0)
(0.212449 2.8621 0)
(0.17996 2.75542 0)
(0.115693 2.4479 0)
(0.0428393 2.02659 0)
(0.00110665 1.29372 0)
(0.0033743 -0.181009 0)
(0.0210351 -0.147434 0)
(0.00134266 0.222153 0)
(0.0216278 0.928821 0)
(0.0540431 1.42053 0)
(0.0778591 1.59934 0)
(0.0961971 1.62747 0)
(0.109329 1.60864 0)
(0.118783 1.54428 0)
(0.116855 1.49194 0)
(0.148116 1.51011 0)
(0.0789398 1.67664 0)
(0.157667 2.30007 0)
(0.192176 2.76903 0)
(0.159624 2.9158 0)
(0.131779 2.93663 0)
(0.107358 2.86434 0)
(0.0612939 2.59817 0)
(0.0103814 2.16578 0)
(-0.00942818 1.32151 0)
(0.00304226 -0.204472 0)
(0.00138593 -0.137699 0)
(-0.0235378 0.261424 0)
(-0.0342749 0.915243 0)
(-0.0159358 1.38418 0)
(0.00691124 1.56986 0)
(0.0328715 1.60654 0)
(0.0557879 1.59398 0)
(0.0715747 1.53907 0)
(0.0715434 1.49418 0)
(0.106998 1.51643 0)
(0.0489398 1.66703 0)
(0.100219 2.2714 0)
(0.125058 2.7776 0)
(0.0956571 2.95282 0)
(0.0723901 2.99213 0)
(0.0555695 2.93721 0)
(0.024669 2.70055 0)
(-0.00456731 2.26862 0)
(-0.0148534 1.30318 0)
(-0.00157582 -0.190542 0)
(-0.0179394 -0.0758406 0)
(-0.0547771 0.341333 0)
(-0.0752686 0.94063 0)
(-0.0664882 1.35281 0)
(-0.043707 1.52971 0)
(-0.0153892 1.57603 0)
(0.0109928 1.57431 0)
(0.0341534 1.52801 0)
(0.036146 1.4876 0)
(0.0710842 1.52067 0)
(0.0244653 1.66407 0)
(0.0602848 2.25506 0)
(0.0725422 2.78511 0)
(0.0471825 2.98231 0)
(0.0288936 3.03594 0)
(0.0158577 2.9913 0)
(-0.00566679 2.75834 0)
(-0.0273296 2.29691 0)
(-0.0166398 1.24863 0)
(-0.00607506 -0.137816 0)
(-0.0301943 0.019731 0)
(-0.0705163 0.431445 0)
(-0.0954811 0.972636 0)
(-0.0925732 1.32094 0)
(-0.0726224 1.48148 0)
(-0.0460378 1.53577 0)
(-0.019885 1.54633 0)
(0.00900314 1.50975 0)
(0.0093348 1.47654 0)
(0.0426089 1.52081 0)
(0.00782431 1.66238 0)
(0.0317836 2.23855 0)
(0.0366727 2.78951 0)
(0.0143536 3.00224 0)
(-0.000384119 3.0647 0)
(-0.0125454 3.02348 0)
(-0.0272335 2.78997 0)
(-0.0350692 2.28884 0)
(-0.0201513 1.14651 0)
(-0.00721408 -0.0667931 0)
(-0.0338479 0.128328 0)
(-0.0748579 0.520193 0)
(-0.0987005 1.00132 0)
(-0.0978569 1.29629 0)
(-0.0811522 1.44035 0)
(-0.0607765 1.49693 0)
(-0.0382608 1.51301 0)
(-0.0101495 1.48849 0)
(-0.0120483 1.46443 0)
(0.0213054 1.51874 0)
(-0.00462448 1.66464 0)
(0.00988276 2.23541 0)
(0.00980344 2.79455 0)
(-0.0082386 3.01879 0)
(-0.0203853 3.08642 0)
(-0.0309559 3.04641 0)
(-0.0419078 2.80466 0)
(-0.0414463 2.26195 0)
(-0.0218865 1.02798 0)
(-0.00698677 0.00681751 0)
(-0.0313132 0.235419 0)
(-0.0689365 0.603384 0)
(-0.0912297 1.02615 0)
(-0.0917093 1.27935 0)
(-0.0789611 1.408 0)
(-0.0646127 1.46383 0)
(-0.0473071 1.48335 0)
(-0.024263 1.47001 0)
(-0.0252761 1.45271 0)
(0.00542872 1.5144 0)
(-0.0134892 1.66211 0)
(-0.00531256 2.23479 0)
(-0.0105844 2.80267 0)
(-0.0241906 3.03555 0)
(-0.0349617 3.10554 0)
(-0.042424 3.05925 0)
(-0.0492415 2.80093 0)
(-0.043617 2.20923 0)
(-0.0182583 0.906851 0)
(-0.00527293 0.0707098 0)
(-0.0249164 0.329071 0)
(-0.0563399 0.673721 0)
(-0.0755746 1.04995 0)
(-0.0778032 1.275 0)
(-0.0684609 1.39219 0)
(-0.0595791 1.44527 0)
(-0.0476718 1.46445 0)
(-0.0298581 1.45735 0)
(-0.0301918 1.44193 0)
(-0.00770022 1.51241 0)
(-0.0221447 1.66695 0)
(-0.019094 2.24011 0)
(-0.0273933 2.81477 0)
(-0.0360007 3.0489 0)
(-0.0431146 3.11632 0)
(-0.0479816 3.06802 0)
(-0.0495875 2.79145 0)
(-0.0407618 2.14789 0)
(-0.0124972 0.800593 0)
(-0.00343865 0.119292 0)
(-0.0180267 0.406327 0)
(-0.0430794 0.735904 0)
(-0.0594205 1.07505 0)
(-0.0636923 1.27647 0)
(-0.0584893 1.38293 0)
(-0.052593 1.43344 0)
(-0.0432829 1.45352 0)
(-0.0288122 1.44932 0)
(-0.0298208 1.43491 0)
(-0.0136969 1.50881 0)
(-0.0289784 1.67044 0)
(-0.0301873 2.24836 0)
(-0.0375598 2.82568 0)
(-0.0458202 3.05973 0)
(-0.0499549 3.126 0)
(-0.0510212 3.06772 0)
(-0.0508799 2.7714 0)
(-0.0369702 2.07611 0)
(-0.00856775 0.711776 0)
(-0.00200348 0.152115 0)
(-0.0119807 0.463171 0)
(-0.0310844 0.782817 0)
(-0.0433999 1.0972 0)
(-0.0493961 1.28304 0)
(-0.0466902 1.38089 0)
(-0.0444487 1.42743 0)
(-0.0377927 1.44559 0)
(-0.026203 1.4431 0)
(-0.0290855 1.43141 0)
(-0.0156109 1.5079 0)
(-0.0323175 1.67766 0)
(-0.037101 2.25575 0)
(-0.0422722 2.83639 0)
(-0.0503081 3.06866 0)
(-0.051483 3.13204 0)
(-0.050656 3.06543 0)
(-0.0478172 2.75129 0)
(-0.0333747 2.00699 0)
(-0.0048054 0.638223 0)
(-0.00117384 0.17387 0)
(-0.00792186 0.506348 0)
(-0.0228429 0.82163 0)
(-0.0322948 1.11801 0)
(-0.0380092 1.29102 0)
(-0.0378475 1.37999 0)
(-0.0384638 1.42148 0)
(-0.0338023 1.43842 0)
(-0.0241188 1.43762 0)
(-0.0293723 1.42964 0)
(-0.0173552 1.50953 0)
(-0.0310465 1.687 0)
(-0.0399033 2.26762 0)
(-0.0442067 2.84491 0)
(-0.0504338 3.07253 0)
(-0.050977 3.13184 0)
(-0.0507936 3.05956 0)
(-0.0435359 2.72103 0)
(-0.0286018 1.93665 0)
(-0.00112314 0.57986 0)
(-0.000688771 0.187433 0)
(-0.0050239 0.536182 0)
(-0.0166715 0.849053 0)
(-0.0228371 1.13091 0)
(-0.0271309 1.29917 0)
(-0.027994 1.38337 0)
(-0.0301129 1.42094 0)
(-0.0282342 1.43402 0)
(-0.0213639 1.43486 0)
(-0.0287614 1.42935 0)
(-0.0175884 1.50936 0)
(-0.0272875 1.69437 0)
(-0.0357179 2.27484 0)
(-0.0413954 2.85015 0)
(-0.0490275 3.07518 0)
(-0.0501068 3.1305 0)
(-0.0489993 3.04727 0)
(-0.0437192 2.68267 0)
(-0.0240909 1.85502 0)
(0.000209982 0.534359 0)
(-0.000505103 0.196896 0)
(-0.00345667 0.559784 0)
(-0.0127701 0.873737 0)
(-0.0187276 1.14076 0)
(-0.0197701 1.30533 0)
(-0.0216071 1.38663 0)
(-0.0240643 1.42083 0)
(-0.0238473 1.43198 0)
(-0.020112 1.43452 0)
(-0.0276765 1.4295 0)
(-0.0193765 1.50933 0)
(-0.0251491 1.7056 0)
(-0.0379919 2.28691 0)
(-0.0413522 2.86071 0)
(-0.0501027 3.08043 0)
(-0.0506645 3.13042 0)
(-0.0486913 3.03736 0)
(-0.0428123 2.65479 0)
(-0.0212898 1.77938 0)
(0.00159668 0.499426 0)
(-0.000390504 0.202859 0)
(-0.00236532 0.575423 0)
(-0.00938617 0.891402 0)
(-0.0141421 1.14546 0)
(-0.0145095 1.30898 0)
(-0.0161348 1.39083 0)
(-0.0177812 1.42411 0)
(-0.0208218 1.43339 0)
(-0.018545 1.43524 0)
(-0.0259943 1.4306 0)
(-0.0202407 1.50659 0)
(-0.0229535 1.7113 0)
(-0.0378106 2.29575 0)
(-0.0454802 2.87023 0)
(-0.0542005 3.08654 0)
(-0.0540364 3.13088 0)
(-0.0533071 3.02607 0)
(-0.041135 2.60623 0)
(-0.0200321 1.69849 0)
(0.00347136 0.470251 0)
(-0.00044896 0.208276 0)
(-0.00212958 0.589506 0)
(-0.00764706 0.909064 0)
(-0.0137941 1.15228 0)
(-0.013447 1.31135 0)
(-0.0143245 1.39295 0)
(-0.0153479 1.42584 0)
(-0.0193287 1.43513 0)
(-0.0182901 1.43667 0)
(-0.0252814 1.43315 0)
(-0.0245453 1.50452 0)
(-0.0211928 1.72172 0)
(-0.041396 2.31065 0)
(-0.0464342 2.88091 0)
(-0.0574674 3.08958 0)
(-0.0561691 3.12799 0)
(-0.054138 3.01174 0)
(-0.0444332 2.56184 0)
(-0.0167833 1.61424 0)
(0.0032798 0.448094 0)
(-0.000514546 0.212384 0)
(-0.00204945 0.598722 0)
(-0.00605337 0.921816 0)
(-0.0112319 1.15835 0)
(-0.0123277 1.31273 0)
(-0.012254 1.39435 0)
(-0.0120988 1.42984 0)
(-0.0188985 1.44033 0)
(-0.0176488 1.43786 0)
(-0.0272237 1.43849 0)
(-0.030293 1.50149 0)
(-0.0202548 1.72946 0)
(-0.0451932 2.33067 0)
(-0.0490487 2.89208 0)
(-0.0619438 3.09269 0)
(-0.0612943 3.12542 0)
(-0.056021 2.98997 0)
(-0.0504183 2.50553 0)
(-0.0143063 1.51805 0)
(0.00167546 0.427013 0)
(-0.000652239 0.217984 0)
(-0.00226604 0.609036 0)
(-0.00553282 0.934961 0)
(-0.0110819 1.16723 0)
(-0.0121313 1.31383 0)
(-0.0119671 1.394 0)
(-0.0110226 1.43162 0)
(-0.0172073 1.44344 0)
(-0.0178401 1.4401 0)
(-0.0296187 1.44299 0)
(-0.036397 1.49624 0)
(-0.0237063 1.73246 0)
(-0.0462355 2.34731 0)
(-0.0630379 2.90641 0)
(-0.073787 3.0992 0)
(-0.0734106 3.122 0)
(-0.0692665 2.9679 0)
(-0.0497211 2.44593 0)
(-0.0176847 1.43874 0)
(0.00306602 0.407118 0)
(-0.000791419 0.222633 0)
(-0.00235793 0.615171 0)
(-0.00467192 0.943225 0)
(-0.00806212 1.1741 0)
(-0.0100022 1.31488 0)
(-0.00942088 1.39429 0)
(-0.00728205 1.43397 0)
(-0.011797 1.45259 0)
(-0.0188462 1.44952 0)
(-0.0327603 1.456 0)
(-0.0407956 1.49646 0)
(-0.0368251 1.74142 0)
(-0.0553805 2.38459 0)
(-0.0742678 2.92746 0)
(-0.0820665 3.10201 0)
(-0.0746115 3.11827 0)
(-0.0701277 2.93991 0)
(-0.0477067 2.36493 0)
(-0.0181589 1.34144 0)
(0.0056856 0.386223 0)
(-0.00090197 0.229538 0)
(-0.00264698 0.623513 0)
(-0.00490849 0.951178 0)
(-0.00693871 1.1801 0)
(-0.00881656 1.31515 0)
(-0.00758117 1.39096 0)
(-0.00597205 1.43269 0)
(-0.00450021 1.45278 0)
(-0.0131309 1.45451 0)
(-0.0274402 1.4617 0)
(-0.036326 1.49653 0)
(-0.0454825 1.74487 0)
(-0.0586769 2.40501 0)
(-0.0790793 2.93658 0)
(-0.0828817 3.09907 0)
(-0.0742916 3.10925 0)
(-0.0625317 2.91189 0)
(-0.0468904 2.31089 0)
(-0.00874435 1.25647 0)
(0.00716759 0.381037 0)
(-0.00102536 0.235141 0)
(-0.00270262 0.627973 0)
(-0.00423605 0.955048 0)
(-0.00430341 1.18243 0)
(-0.0060309 1.31586 0)
(-0.00196174 1.38899 0)
(-0.00140762 1.43108 0)
(0.00725877 1.45965 0)
(-0.000328304 1.47316 0)
(-0.0141614 1.47653 0)
(-0.0373259 1.51248 0)
(-0.0600049 1.75671 0)
(-0.0692483 2.43119 0)
(-0.0887775 2.94418 0)
(-0.0915646 3.09295 0)
(-0.0889555 3.0897 0)
(-0.0747482 2.85555 0)
(-0.0576784 2.19635 0)
(-0.00588502 1.13074 0)
(0.00321519 0.377762 0)
(-0.00125873 0.243327 0)
(-0.00317058 0.634866 0)
(-0.00492748 0.957083 0)
(-0.00379001 1.18185 0)
(-0.00175266 1.31198 0)
(0.0107046 1.38188 0)
(0.0156961 1.42484 0)
(0.032981 1.45422 0)
(0.0306184 1.47259 0)
(0.0313038 1.49146 0)
(-0.0111494 1.52364 0)
(-0.0563903 1.76656 0)
(-0.0717173 2.44944 0)
(-0.0961294 2.95539 0)
(-0.0955909 3.0942 0)
(-0.0939079 3.07604 0)
(-0.0960406 2.80635 0)
(-0.0556884 2.10628 0)
(-0.0137053 1.04853 0)
(-0.00457306 0.358901 0)
(-0.00103704 0.25161 0)
(-0.00409859 0.640645 0)
(-0.00539808 0.958448 0)
(-0.00522944 1.17712 0)
(-0.00392153 1.29728 0)
(0.00890274 1.35869 0)
(0.0222995 1.39658 0)
(0.0521693 1.432 0)
(0.0665947 1.46611 0)
(0.0835301 1.50894 0)
(0.00537627 1.58962 0)
(-0.064256 1.80214 0)
(-0.0722125 2.47492 0)
(-0.091365 2.97034 0)
(-0.0902564 3.09707 0)
(-0.0871571 3.07595 0)
(-0.0738628 2.7683 0)
(-0.054022 2.01626 0)
(-0.00510794 0.963924 0)
(-0.00904443 0.321046 0)
(-0.000864235 0.258065 0)
(-0.00438037 0.646851 0)
(-0.00665839 0.957023 0)
(0.00133277 1.16838 0)
(0.0164221 1.28266 0)
(0.0416008 1.33994 0)
(0.0724537 1.37534 0)
(0.11874 1.41702 0)
(0.157533 1.45753 0)
(0.18012 1.53739 0)
(0.0867817 1.62458 0)
(-0.030457 1.82239 0)
(-0.0526395 2.48176 0)
(-0.0676393 2.97278 0)
(-0.0700564 3.09622 0)
(-0.0673944 3.06632 0)
(-0.0476591 2.73858 0)
(-0.0245874 1.96992 0)
(0.0153808 0.946294 0)
(-0.00550587 0.319235 0)
(-0.000735443 0.271889 0)
(-0.0029147 0.662461 0)
(-0.00525056 0.948301 0)
(0.00306558 1.12378 0)
(0.0211376 1.21306 0)
(0.0536026 1.25099 0)
(0.0923249 1.27214 0)
(0.15386 1.30977 0)
(0.213918 1.37476 0)
(0.260931 1.57757 0)
(0.170712 1.78404 0)
(0.0205073 1.95364 0)
(-0.0423939 2.52433 0)
(-0.0556521 3.00153 0)
(-0.0675541 3.09733 0)
(-0.0682968 3.03062 0)
(-0.0553261 2.63805 0)
(-0.0186021 1.78816 0)
(0.0105343 0.903802 0)
(-0.00278001 0.328884 0)
(-0.244578 1.59301 1.23453e-22)
(0.400542 3.24377 3.79516e-20)
(0.0932682 3.47226 4.71749e-20)
(0.201389 3.43933 0)
(0.162444 3.39183 0)
(0.156946 3.34392 -4.09747e-19)
(0.159344 3.31777 4.33023e-19)
(0.131806 3.27237 -4.4679e-19)
(0.115949 3.17638 8.16978e-21)
(0.101505 2.56693 6.05452e-19)
(-0.104827 2.34041 6.31762e-24)
(0.134598 3.29847 1.68954e-19)
(0.0118377 3.44176 0)
(0.0993977 3.39369 0)
(0.0755884 3.34698 1.21843e-20)
(0.0810209 3.30872 8.48015e-19)
(0.0767063 3.27589 -4.71569e-19)
(0.0524603 3.2398 -7.8946e-21)
(0.0517138 3.0813 7.53408e-21)
(0.000927213 2.08458 0)
(-0.0274274 2.08202 2.02067e-19)
(0.0876687 3.14608 -2.12616e-19)
(0.0269146 3.34866 0)
(0.0742644 3.32658 3.90906e-19)
(0.0539919 3.30374 -1.40164e-21)
(0.0551119 3.28165 -4.40015e-19)
(0.0470242 3.26669 -5.42428e-19)
(0.0317531 3.24525 -2.20582e-22)
(0.0414631 3.11833 7.78731e-21)
(-0.0165785 2.21058 0)
(-0.0401635 2.02489 -5.59503e-20)
(0.0288043 3.12183 0)
(-0.012611 3.31102 -2.05653e-19)
(0.0226272 3.30838 -1.7118e-19)
(0.0173547 3.28489 1.5257e-20)
(0.0237533 3.26181 -2.82631e-19)
(0.0281934 3.24587 2.53026e-19)
(0.0221227 3.23333 -9.01035e-21)
(0.0424438 3.12484 1.19491e-20)
(0.00740809 2.24979 3.09115e-19)
(-0.0523166 2.02665 -1.6136e-19)
(0.0145433 3.09186 0)
(-0.00679845 3.26791 4.42781e-19)
(0.0127454 3.26261 -2.44176e-19)
(0.0147202 3.24862 -7.1094e-22)
(0.0178146 3.23755 -1.08029e-21)
(0.0215749 3.23343 -1.54841e-20)
(0.0223214 3.22391 -3.19197e-19)
(0.0432382 3.12724 8.78306e-21)
(-0.00310697 2.31184 -6.46444e-19)
(-0.0501322 2.08745 0)
(-0.00968121 3.08704 -2.4176e-19)
(-0.0280967 3.24366 1.88093e-20)
(-0.0142908 3.24741 -1.67893e-20)
(-0.00496831 3.23261 1.72244e-20)
(0.00363973 3.21998 2.85993e-19)
(0.016268 3.21096 2.9884e-19)
(0.0212099 3.20542 6.27016e-19)
(0.0427719 3.12394 3.46833e-19)
(0.0106731 2.35406 -1.65975e-20)
(-0.0505421 2.14125 0)
(-0.0194441 3.08263 2.50437e-19)
(-0.0186746 3.21425 -2.62282e-19)
(-0.0112859 3.21293 -1.80895e-20)
(-5.02701e-05 3.20255 3.73909e-20)
(0.0078548 3.19587 3.70381e-22)
(0.0164777 3.19561 -2.00892e-20)
(0.0219756 3.19089 -3.27346e-19)
(0.0424436 3.12136 -3.37843e-19)
(0.00383709 2.41966 -1.72263e-20)
(-0.0485434 2.2293 2.86693e-19)
(-0.0285629 3.08562 -1.33346e-20)
(-0.0317681 3.19424 9.19274e-21)
(-0.0234722 3.19566 0)
(-0.0131775 3.18572 0)
(-0.00128657 3.17801 0)
(0.0135476 3.17163 0)
(0.0207124 3.16939 3.63195e-19)
(0.0411315 3.11258 -3.74665e-19)
(0.0154236 2.46387 3.70291e-19)
(-0.0455703 2.30686 2.67155e-20)
(-0.0327677 3.08548 3.06677e-19)
(-0.0208129 3.16973 0)
(-0.0146767 3.16544 -2.04887e-20)
(-0.00404233 3.15767 2.09548e-20)
(0.00534608 3.15319 0)
(0.0146915 3.15428 -1.13454e-20)
(0.0207567 3.15268 -3.52512e-19)
(0.0402055 3.10928 3.75583e-19)
(0.0103887 2.53302 0)
(-0.0444026 2.40335 1.58786e-20)
(-0.0363592 3.08601 -4.69928e-19)
(-0.0302042 3.1498 0)
(-0.0225791 3.14697 0)
(-0.0136465 3.13923 2.24144e-20)
(-0.00217908 3.13369 -1.88913e-19)
(0.0117873 3.12888 -2.3643e-20)
(0.0191853 3.12937 2.01199e-19)
(0.0385036 3.09615 0)
(0.0192842 2.58106 0)
(-0.0391416 2.4913 -4.9149e-19)
(-0.0381339 3.08277 1.66641e-19)
(-0.0203809 3.12432 0)
(-0.0130727 3.11618 0)
(-0.00355378 3.10948 0)
(0.00553908 3.10652 3.88647e-19)
(0.0141807 3.10889 0)
(0.0201693 3.11054 -2.1464e-19)
(0.0378978 3.0905 1.32502e-20)
(0.0149146 2.6538 2.24131e-19)
(-0.0383697 2.58849 1.75033e-19)
(-0.0405072 3.07481 -1.6993e-20)
(-0.0299145 3.10107 2.03377e-19)
(-0.0212936 3.09497 1.97596e-19)
(-0.0124589 3.08845 0)
(-0.000816362 3.08425 -1.99506e-19)
(0.0126877 3.08117 0)
(0.0210428 3.08454 0)
(0.0384518 3.07217 0)
(0.0223405 2.70643 -2.25171e-19)
(-0.0344683 2.67923 -1.8446e-19)
(-0.0427301 3.06301 1.90461e-19)
(-0.0231504 3.07205 -1.9171e-19)
(-0.0130998 3.06204 -3.01926e-19)
(-0.00287262 3.0569 0)
(0.0071594 3.05543 2.6983e-20)
(0.0166062 3.05888 -1.37761e-20)
(0.0248125 3.06304 1.02553e-19)
(0.041731 3.06163 1.27345e-19)
(0.0207973 2.78042 -1.31049e-19)
(-0.0350647 2.77151 1.89272e-19)
(-0.0469472 3.04389 -1.82999e-19)
(-0.0329827 3.04552 1.30205e-20)
(-0.0208883 3.0403 7.67791e-20)
(-0.0110722 3.03631 -1.10025e-19)
(0.000327326 3.03386 0)
(0.0140415 3.03186 1.18239e-19)
(0.0256613 3.03563 4.95048e-21)
(0.0445987 3.03661 -2.46338e-19)
(0.0287061 2.83263 -6.55166e-21)
(-0.0291385 2.85607 -5.37955e-20)
(-0.0435924 3.02265 1.31733e-20)
(-0.0228392 3.01803 -6.83453e-20)
(-0.0109852 3.01456 2.79198e-20)
(-0.00216888 3.01413 1.34092e-19)
(0.00628661 3.01346 -5.69338e-20)
(0.0142467 3.01441 -5.67649e-20)
(0.0233581 3.01695 -5.90215e-20)
(0.0418473 3.02183 1.26431e-19)
(0.0247851 2.9003 6.1919e-20)
(-0.0178031 2.93935 4.32497e-20)
(-0.0262611 2.99962 1.91146e-20)
(-0.0162793 3.00055 3.76683e-20)
(-0.00945059 3.00173 -7.70994e-20)
(-0.00414588 3.00265 2.6089e-20)
(0.000651295 3.00217 5.30475e-20)
(0.00560038 3.00062 -5.53255e-20)
(0.0107174 2.99898 -5.78343e-20)
(0.021804 2.99715 7.81544e-21)
(0.0165408 2.94915 5.54547e-20)
)
;

boundaryField
{
    wall-4
    {
        type            noSlip;
    }
    pressure-outlet-7
    {
        type            zeroGradient;
    }
    velocity-inlet-6
    {
        type            fixedValue;
        value           uniform (0 3 0);
    }
    velocity-inlet-5
    {
        type            fixedValue;
        value           uniform (1 0 0);
    }
    frontAndBackPlanes
    {
        type            empty;
    }
}


// ************************************************************************* //
