/*--------------------------------*- C++ -*----------------------------------*\
| =========                 |                                                 |
| \\      /  F ield         | OpenFOAM: The Open Source CFD Toolbox           |
|  \\    /   O peration     | Version:  4.0                                   |
|   \\  /    A nd           | Web:      www.OpenFOAM.org                      |
|    \\/     M anipulation  |                                                 |
\*---------------------------------------------------------------------------*/
FoamFile
{
    version     2.0;
    format      ascii;
    class       volVectorField;
    location    "39";
    object      U;
}
// * * * * * * * * * * * * * * * * * * * * * * * * * * * * * * * * * * * * * //

dimensions      [0 1 -1 0 0 0 0];

internalField   nonuniform List<vector> 
2200
(
(0.878843 -0.0304162 0)
(1.00579 -0.0512883 0)
(1.0033 -0.0354066 0)
(1.00029 -0.0244742 0)
(0.999873 -0.0167061 0)
(1 -0.0107559 0)
(1.00001 -0.00688827 0)
(1.00002 -0.00425008 0)
(1.00003 -0.00229326 0)
(1.00017 -0.000713022 0)
(1.00005 0.000907254 0)
(1.00004 0.00250453 0)
(1.00001 0.00445721 0)
(0.99998 0.00705501 0)
(1.00002 0.0109005 0)
(0.99985 0.0167219 0)
(1.00021 0.0244613 0)
(1.00347 0.0350463 0)
(1.00592 0.0513631 0)
(0.878975 0.0303381 0)
(0.711958 -0.0327659 0)
(0.996609 -0.0630291 0)
(1.03323 -0.0561972 0)
(1.02481 -0.04644 0)
(1.01588 -0.0361598 0)
(1.00968 -0.026462 0)
(1.00588 -0.0181634 0)
(1.00372 -0.0114218 0)
(1.00251 -0.00603268 0)
(1.00197 -0.0015817 0)
(1.00195 0.00260073 0)
(1.00243 0.00694577 0)
(1.00361 0.0121436 0)
(1.00586 0.0187949 0)
(1.00953 0.0270562 0)
(1.01568 0.0367779 0)
(1.02472 0.0471923 0)
(1.03304 0.0575325 0)
(0.996634 0.0631448 0)
(0.711777 0.032976 0)
(0.535527 -0.0238943 0)
(0.969856 -0.0569427 0)
(1.05642 -0.0547098 0)
(1.05225 -0.0487696 0)
(1.03618 -0.040438 0)
(1.02446 -0.0323145 0)
(1.016 -0.0240999 0)
(1.01046 -0.0162678 0)
(1.00725 -0.009021 0)
(1.00579 -0.00244208 0)
(1.00573 0.00395699 0)
(1.00711 0.0105189 0)
(1.01027 0.0177077 0)
(1.01571 0.025383 0)
(1.02416 0.0332837 0)
(1.036 0.0412695 0)
(1.05203 0.0493195 0)
(1.05635 0.0537092 0)
(0.969231 0.0575486 0)
(0.534474 0.0239266 0)
(0.392137 -0.0136713 0)
(0.911612 -0.0464526 0)
(1.05739 -0.0470464 0)
(1.0694 -0.0444272 0)
(1.05474 -0.0382747 0)
(1.0392 -0.0315712 0)
(1.02749 -0.024798 0)
(1.01899 -0.0175889 0)
(1.01358 -0.0101113 0)
(1.01088 -0.00253848 0)
(1.01077 0.00501835 0)
(1.0133 0.0124262 0)
(1.01855 0.0196008 0)
(1.02676 0.0264327 0)
(1.0384 0.0328969 0)
(1.05403 0.0393688 0)
(1.06852 0.0454638 0)
(1.05579 0.0480707 0)
(0.910134 0.046903 0)
(0.390226 0.0137486 0)
(0.307458 -0.00451851 0)
(0.846542 -0.0324041 0)
(1.04935 -0.0399705 0)
(1.07949 -0.0382134 0)
(1.06822 -0.0335853 0)
(1.05164 -0.0279444 0)
(1.03821 -0.0226301 0)
(1.02803 -0.0166888 0)
(1.02104 -0.00987499 0)
(1.01728 -0.00238065 0)
(1.01706 0.00534108 0)
(1.02049 0.0126237 0)
(1.02715 0.0191159 0)
(1.03726 0.0248131 0)
(1.05052 0.029878 0)
(1.06686 0.035288 0)
(1.07782 0.0397354 0)
(1.04735 0.0414001 0)
(0.843397 0.0328631 0)
(0.304308 0.00469264 0)
(0.263986 0.000105458 0)
(0.788676 -0.0200837 0)
(1.03314 -0.0315071 0)
(1.0834 -0.0321497 0)
(1.07726 -0.0289373 0)
(1.0608 -0.0240964 0)
(1.0471 -0.0195824 0)
(1.03625 -0.0145111 0)
(1.02845 -0.00849831 0)
(1.02404 -0.0015091 0)
(1.02374 0.00582889 0)
(1.02762 0.0125323 0)
(1.03504 0.0181324 0)
(1.04541 0.0228039 0)
(1.05888 0.0267185 0)
(1.07527 0.0311623 0)
(1.08097 0.0338924 0)
(1.02992 0.0330541 0)
(0.783661 0.0206394 0)
(0.259634 8.32541e-05 0)
(0.239967 0.00105126 0)
(0.737831 -0.0123527 0)
(1.01325 -0.0251527 0)
(1.0837 -0.0269952 0)
(1.08269 -0.0247999 0)
(1.06755 -0.0207663 0)
(1.05403 -0.0168397 0)
(1.04323 -0.0123225 0)
(1.03514 -0.00700493 0)
(1.0303 -0.000743012 0)
(1.02985 0.00587334 0)
(1.03389 0.0117901 0)
(1.04142 0.0166908 0)
(1.05183 0.0206376 0)
(1.06521 0.0243099 0)
(1.07992 0.0277093 0)
(1.08033 0.0293782 0)
(1.00819 0.0269296 0)
(0.730116 0.013029 0)
(0.234142 -0.000863257 0)
(0.225489 0.000941743 0)
(0.694725 -0.00810782 0)
(0.992518 -0.0208876 0)
(1.0818 -0.0233534 0)
(1.08646 -0.0215446 0)
(1.073 -0.018095 0)
(1.05966 -0.0143581 0)
(1.0491 -0.0100831 0)
(1.04114 -0.00515811 0)
(1.03623 0.000484583 0)
(1.03565 0.00631065 0)
(1.03952 0.0115527 0)
(1.04656 0.0157852 0)
(1.05659 0.0194186 0)
(1.06944 0.0222874 0)
(1.08228 0.025078 0)
(1.07643 0.0261067 0)
(0.984699 0.0229552 0)
(0.683987 0.00894305 0)
(0.218094 -0.000747131 0)
(0.21582 0.000620468 0)
(0.65915 -0.00568904 0)
(0.971718 -0.0177 0)
(1.07886 -0.0203714 0)
(1.0896 -0.0188586 0)
(1.07765 -0.0157818 0)
(1.0644 -0.0122712 0)
(1.0541 -0.00823777 0)
(1.04637 -0.00364706 0)
(1.0414 0.00150431 0)
(1.04053 0.00674092 0)
(1.04404 0.0114696 0)
(1.05076 0.0152789 0)
(1.06022 0.0184251 0)
(1.0731 0.0212505 0)
(1.08417 0.0235225 0)
(1.07203 0.0242164 0)
(0.961168 0.020383 0)
(0.644597 0.00680932 0)
(0.206344 -0.000387059 0)
(0.208589 0.000298197 0)
(0.630459 -0.00423015 0)
(0.95261 -0.0150346 0)
(1.07555 -0.0180164 0)
(1.09263 -0.0167708 0)
(1.08212 -0.0139482 0)
(1.06869 -0.0104569 0)
(1.0583 -0.0065978 0)
(1.05062 -0.00215803 0)
(1.04585 0.00271644 0)
(1.0449 0.00768977 0)
(1.04782 0.0118594 0)
(1.05397 0.0153685 0)
(1.0633 0.0182427 0)
(1.07598 0.0207169 0)
(1.08518 0.0225567 0)
(1.06542 0.0226783 0)
(0.937309 0.0182864 0)
(0.611017 0.0055796 0)
(0.196567 -1.67185e-05 0)
(0.20272 6.99828e-05 0)
(0.607137 -0.00316497 0)
(0.934792 -0.0127027 0)
(1.07233 -0.015874 0)
(1.09567 -0.0148028 0)
(1.08664 -0.0121418 0)
(1.07301 -0.00879125 0)
(1.06223 -0.00505 0)
(1.05421 -0.000783131 0)
(1.04905 0.0039335 0)
(1.04748 0.00878385 0)
(1.05013 0.012819 0)
(1.05641 0.0158849 0)
(1.06594 0.0183549 0)
(1.07866 0.0205179 0)
(1.0861 0.0219854 0)
(1.05946 0.0216159 0)
(0.914925 0.0165354 0)
(0.582209 0.00480585 0)
(0.187647 0.000259822 0)
(0.198043 1.23668e-05 0)
(0.588658 -0.00223535 0)
(0.918461 -0.0101544 0)
(1.06893 -0.0134371 0)
(1.09893 -0.0126489 0)
(1.09122 -0.010158 0)
(1.07733 -0.00676657 0)
(1.06623 -0.00308709 0)
(1.05796 0.00116931 0)
(1.05275 0.00577957 0)
(1.05117 0.0102544 0)
(1.05337 0.0138839 0)
(1.05911 0.0166751 0)
(1.06847 0.0188653 0)
(1.08118 0.0206843 0)
(1.08614 0.0215371 0)
(1.05085 0.0204978 0)
(0.891723 0.0149049 0)
(0.556707 0.00427696 0)
(0.179218 0.000426877 0)
(0.194783 2.59067e-05 0)
(0.574914 -0.00134849 0)
(0.905195 -0.00767536 0)
(1.06597 -0.0106909 0)
(1.10167 -0.00987428 0)
(1.09569 -0.00759562 0)
(1.08196 -0.00455724 0)
(1.07055 -0.00101868 0)
(1.06185 0.00314709 0)
(1.05587 0.00759803 0)
(1.05335 0.011725 0)
(1.0552 0.0151438 0)
(1.06125 0.0176532 0)
(1.07066 0.0193066 0)
(1.08255 0.0205935 0)
(1.08556 0.0208977 0)
(1.04346 0.0195422 0)
(0.870807 0.0135022 0)
(0.534767 0.00385787 0)
(0.171414 0.000489046 0)
(0.192811 5.66409e-05 0)
(0.564859 -0.000655755 0)
(0.892702 -0.00560899 0)
(1.06303 -0.00831021 0)
(1.10494 -0.00730022 0)
(1.10023 -0.0047928 0)
(1.08648 -0.0015936 0)
(1.07476 0.00192025 0)
(1.06547 0.00585719 0)
(1.05892 0.0101135 0)
(1.05632 0.0139415 0)
(1.05794 0.0168108 0)
(1.06307 0.0186029 0)
(1.07216 0.0198774 0)
(1.08354 0.0204332 0)
(1.08393 0.0207531 0)
(1.03241 0.0188381 0)
(0.848039 0.0124148 0)
(0.514066 0.00365654 0)
(0.163811 0.000533808 0)
(0.192218 1.84737e-05 0)
(0.557836 -2.05741e-05 0)
(0.88429 -0.00321653 0)
(1.06154 -0.00543901 0)
(1.10807 -0.00413823 0)
(1.10478 -0.00152382 0)
(1.09127 0.00185009 0)
(1.0793 0.0054147 0)
(1.06943 0.00932072 0)
(1.06186 0.013206 0)
(1.05812 0.0164384 0)
(1.05939 0.0185612 0)
(1.06507 0.0198023 0)
(1.07385 0.0204872 0)
(1.08402 0.021181 0)
(1.08211 0.0209205 0)
(1.02374 0.0185684 0)
(0.828578 0.0118648 0)
(0.496049 0.00363107 0)
(0.156611 0.000586251 0)
(0.19295 -6.87745e-05 0)
(0.555688 0.00105697 0)
(0.877733 -0.00107688 0)
(1.06069 -0.00261753 0)
(1.11239 -0.00103681 0)
(1.11014 0.00198224 0)
(1.09642 0.00552029 0)
(1.08416 0.00930476 0)
(1.07396 0.0130363 0)
(1.06599 0.0166369 0)
(1.06178 0.0194403 0)
(1.0619 0.0211486 0)
(1.06583 0.0218407 0)
(1.07426 0.0221622 0)
(1.08356 0.0223067 0)
(1.07833 0.0214695 0)
(1.01057 0.0184513 0)
(0.805804 0.0113789 0)
(0.477383 0.00363185 0)
(0.148946 0.000636641 0)
(0.195377 0.000375303 0)
(0.55673 0.00166738 0)
(0.874756 0.00176544 0)
(1.06156 0.000968929 0)
(1.11659 0.00282841 0)
(1.11536 0.00571966 0)
(1.10153 0.00951338 0)
(1.08872 0.013259 0)
(1.07785 0.0173893 0)
(1.06896 0.0212345 0)
(1.06342 0.023912 0)
(1.06245 0.0248716 0)
(1.06653 0.0249342 0)
(1.07458 0.0245992 0)
(1.0824 0.0237254 0)
(1.07486 0.0220588 0)
(1 0.0185911 0)
(0.787146 0.0110953 0)
(0.461399 0.00366039 0)
(0.141744 0.000655404 0)
(0.199791 0.000689046 0)
(0.560589 0.0026105 0)
(0.876088 0.00424595 0)
(1.06325 0.00433792 0)
(1.12132 0.00682847 0)
(1.12103 0.0102324 0)
(1.10657 0.0139892 0)
(1.09278 0.0182355 0)
(1.08091 0.0224178 0)
(1.07084 0.0261419 0)
(1.06399 0.0284439 0)
(1.06188 0.0292497 0)
(1.06452 0.0286729 0)
(1.0723 0.027456 0)
(1.0794 0.0260798 0)
(1.06789 0.0237423 0)
(0.983614 0.0191486 0)
(0.763347 0.0110489 0)
(0.442982 0.00383667 0)
(0.13364 0.000695149 0)
(0.207293 0.000853747 0)
(0.57001 0.00405128 0)
(0.881395 0.00719424 0)
(1.0678 0.00919219 0)
(1.12671 0.0121876 0)
(1.1269 0.0155428 0)
(1.11193 0.020058 0)
(1.09711 0.0244728 0)
(1.08373 0.0289875 0)
(1.07187 0.033003 0)
(1.06388 0.0350609 0)
(1.06106 0.0347393 0)
(1.06375 0.0330866 0)
(1.07082 0.030917 0)
(1.07591 0.0283456 0)
(1.06095 0.0251773 0)
(0.970208 0.0197936 0)
(0.744588 0.0114364 0)
(0.427275 0.00416573 0)
(0.125961 0.00072921 0)
(0.21641 0.0010499 0)
(0.583598 0.00531496 0)
(0.891589 0.0106233 0)
(1.07465 0.0140888 0)
(1.13318 0.0176956 0)
(1.13405 0.0222599 0)
(1.11849 0.0270423 0)
(1.10293 0.0322677 0)
(1.08844 0.037071 0)
(1.07484 0.0406296 0)
(1.06416 0.0415082 0)
(1.05894 0.0405208 0)
(1.05927 0.0382916 0)
(1.06545 0.0353273 0)
(1.06997 0.0322691 0)
(1.05058 0.0278996 0)
(0.950608 0.0212681 0)
(0.71905 0.0123177 0)
(0.406963 0.00466627 0)
(0.116542 0.000769376 0)
(0.229905 0.00145606 0)
(0.605067 0.00718172 0)
(0.908732 0.014908 0)
(1.08538 0.0202646 0)
(1.14168 0.0250133 0)
(1.14235 0.0297012 0)
(1.12615 0.0355742 0)
(1.10939 0.0413861 0)
(1.09314 0.0467602 0)
(1.07734 0.0506948 0)
(1.06496 0.05154 0)
(1.05901 0.0497717 0)
(1.05866 0.0458691 0)
(1.0629 0.0413126 0)
(1.06369 0.0366835 0)
(1.03972 0.0309721 0)
(0.93346 0.0235454 0)
(0.698357 0.0139717 0)
(0.388473 0.00540737 0)
(0.107225 0.000817687 0)
(0.24622 0.00202275 0)
(0.630655 0.00878824 0)
(0.930738 0.0188669 0)
(1.09952 0.0263486 0)
(1.15192 0.0323124 0)
(1.15223 0.0392558 0)
(1.13442 0.0461027 0)
(1.11588 0.0528966 0)
(1.09741 0.0587955 0)
(1.07894 0.0623249 0)
(1.06326 0.0617837 0)
(1.05347 0.0580279 0)
(1.05035 0.0533315 0)
(1.05369 0.0480491 0)
(1.05464 0.0430598 0)
(1.02555 0.0361593 0)
(0.909432 0.0270545 0)
(0.667814 0.0163025 0)
(0.362163 0.00624333 0)
(0.095112 0.000882503 0)
(0.268937 0.00285941 0)
(0.665369 0.0126049 0)
(0.959689 0.0253174 0)
(1.11828 0.0353952 0)
(1.16527 0.0434233 0)
(1.16367 0.0514373 0)
(1.14374 0.0597875 0)
(1.12242 0.0674825 0)
(1.10061 0.073676 0)
(1.07865 0.0768013 0)
(1.06056 0.0756841 0)
(1.05065 0.0712654 0)
(1.04764 0.064827 0)
(1.04901 0.0574271 0)
(1.04411 0.0503791 0)
(1.009 0.0418127 0)
(0.885903 0.0315467 0)
(0.640323 0.0191951 0)
(0.336685 0.00728263 0)
(0.0828978 0.000947109 0)
(0.300636 0.00375622 0)
(0.711645 0.0156107 0)
(0.99821 0.0331091 0)
(1.14304 0.0464327 0)
(1.18218 0.0563357 0)
(1.17793 0.0675868 0)
(1.15435 0.0775062 0)
(1.12971 0.0860181 0)
(1.10441 0.0920197 0)
(1.07893 0.0939394 0)
(1.05692 0.0904211 0)
(1.04209 0.0829503 0)
(1.03494 0.074559 0)
(1.03471 0.0664076 0)
(1.03119 0.0589244 0)
(0.990275 0.0492499 0)
(0.854711 0.0367484 0)
(0.599686 0.0222744 0)
(0.300687 0.00805758 0)
(0.0672648 0.00094434 0)
(0.337097 0.00724025 0)
(0.769575 0.0247401 0)
(1.04539 0.0457894 0)
(1.17357 0.0629567 0)
(1.20395 0.0760348 0)
(1.19435 0.0894405 0)
(1.16632 0.100334 0)
(1.13735 0.108974 0)
(1.10754 0.114282 0)
(1.07736 0.1147 0)
(1.05168 0.109513 0)
(1.03626 0.100604 0)
(1.03032 0.0909903 0)
(1.02882 0.0804793 0)
(1.01644 0.0700266 0)
(0.966074 0.0576133 0)
(0.82076 0.042969 0)
(0.560666 0.025568 0)
(0.266678 0.00905624 0)
(0.0525976 0.000839937 0)
(0.418157 0.0108822 0)
(0.855494 0.0356846 0)
(1.1082 0.0659857 0)
(1.21177 0.0878682 0)
(1.22944 0.102447 7.07582e-34)
(1.21265 0.118853 -3.15865e-34)
(1.17815 0.12974 0)
(1.1441 0.137462 0)
(1.10954 0.140887 0)
(1.07537 0.138806 0)
(1.04592 0.130153 0)
(1.02581 0.118095 0)
(1.01428 0.105199 0)
(1.00879 0.0929415 0)
(0.997869 0.0820608 0)
(0.939416 0.0680625 0)
(0.777004 0.0496343 0)
(0.50459 0.0290333 0)
(0.217922 0.00907723 0)
(0.0337196 0.000715987 0)
(0.488673 0.0261294 5.40534e-20)
(0.955269 0.0592345 -4.08289e-20)
(1.1753 0.0996878 0)
(1.25064 0.124676 3.1071e-20)
(1.25706 0.140955 -2.51858e-20)
(1.22997 0.158069 3.33261e-34)
(1.18881 0.167147 0)
(1.14919 0.173037 1.742e-20)
(1.10904 0.174349 -5.70183e-20)
(1.06888 0.169663 1.15899e-20)
(1.03435 0.158591 0)
(1.01245 0.144186 -2.90579e-20)
(1.00299 0.130436 -3.46939e-20)
(0.998453 0.116982 6.06333e-20)
(0.972247 0.101368 -4.7872e-20)
(0.893467 0.0814167 0)
(0.712628 0.0580345 -1.73085e-20)
(0.432199 0.0315191 0)
(0.164173 0.0100116 -9.52643e-20)
(0.0158981 0.000868496 1.12359e-19)
(0.523097 0.0538609 -7.03294e-21)
(1.01606 0.102641 1.26478e-19)
(1.22324 0.149622 -8.29841e-21)
(1.28363 0.17213 -7.95356e-20)
(1.28096 0.189586 -5.33639e-20)
(1.24476 0.204593 8.66798e-20)
(1.19738 0.211178 0)
(1.15201 0.214776 0)
(1.10614 0.213478 9.09275e-20)
(1.0611 0.206102 0)
(1.02253 0.192133 1.05485e-19)
(0.995354 0.175758 3.1177e-20)
(0.977018 0.159683 3.58823e-22)
(0.9594 0.141566 -6.6307e-20)
(0.933061 0.12448 0)
(0.84926 0.103142 0)
(0.659808 0.0727096 -2.83544e-19)
(0.38637 0.0406966 7.10414e-19)
(0.145222 0.0128026 -4.21565e-19)
(0.0092508 0.00147718 -4.97113e-19)
(0.529854 0.0764181 -7.90399e-20)
(1.05166 0.159288 2.93772e-20)
(1.25862 0.210323 1.51948e-20)
(1.30972 0.231043 1.39384e-19)
(1.29946 0.246363 1.42576e-20)
(1.25603 0.256859 -2.2675e-19)
(1.20328 0.259739 7.66763e-20)
(1.1524 0.260423 0)
(1.10105 0.25651 -1.92709e-19)
(1.05002 0.246705 1.69528e-19)
(1.0049 0.230076 -2.84697e-19)
(0.973453 0.211705 1.33238e-19)
(0.95356 0.192616 -8.59525e-20)
(0.939607 0.175668 1.9371e-19)
(0.901898 0.155611 0)
(0.810911 0.127525 -7.0853e-20)
(0.628452 0.0915592 0)
(0.376204 0.0502886 3.92202e-19)
(0.145935 0.0196155 -9.31013e-19)
(0.012937 0.00132976 5.83175e-19)
(0.522343 0.10819 2.40632e-19)
(1.06844 0.215814 -1.03692e-19)
(1.27903 0.275339 -2.1291e-20)
(1.32671 0.295337 0)
(1.31138 0.308099 -1.02099e-19)
(1.26299 0.313289 1.25521e-19)
(1.2059 0.311612 -8.20273e-20)
(1.15029 0.308555 0)
(1.09419 0.300784 1.37024e-19)
(1.03836 0.286347 -1.19259e-19)
(0.989866 0.267026 2.46774e-19)
(0.953751 0.246106 0)
(0.926706 0.22616 -1.82714e-19)
(0.899796 0.204919 1.0308e-19)
(0.866592 0.183484 2.59692e-19)
(0.783028 0.156556 -2.28466e-19)
(0.6138 0.116106 3.6539e-19)
(0.377983 0.0686212 -8.08699e-19)
(0.160519 0.029026 5.10783e-19)
(0.0222872 0.00396135 -6.39084e-19)
(0.509808 0.13242 -9.66161e-20)
(1.07468 0.270173 6.97871e-20)
(1.28908 0.341299 -7.02241e-20)
(1.33539 0.36041 1.33573e-19)
(1.31665 0.370754 -1.22334e-19)
(1.265 0.371125 4.03235e-20)
(1.20449 0.365222 3.6599e-21)
(1.14483 0.358286 -1.57799e-19)
(1.08407 0.346643 -1.43939e-19)
(1.02354 0.329745 -2.562e-19)
(0.969922 0.30707 -5.30529e-19)
(0.928677 0.281946 -1.62792e-19)
(0.900463 0.259713 2.40622e-21)
(0.88049 0.24032 -3.52161e-19)
(0.838384 0.217732 -6.30164e-21)
(0.753025 0.184165 3.32126e-19)
(0.59546 0.139564 -1.00413e-19)
(0.378735 0.0867876 -5.84091e-20)
(0.173619 0.0400463 0)
(0.0311162 0.00734695 1.35712e-18)
(0.492011 0.152933 0)
(1.0676 0.319676 -1.1091e-20)
(1.29079 0.404596 -1.51421e-20)
(1.33738 0.424385 -1.26867e-20)
(1.31614 0.433145 1.20596e-19)
(1.26246 0.429057 -9.28875e-20)
(1.19973 0.419111 8.99867e-20)
(1.13721 0.408189 2.58494e-19)
(1.07391 0.392527 -7.98545e-20)
(1.01027 0.370495 1.27447e-19)
(0.952141 0.342039 2.85134e-19)
(0.908258 0.316601 3.54473e-19)
(0.87586 0.292973 -2.12844e-19)
(0.841802 0.268654 3.80745e-19)
(0.80671 0.244848 -3.01338e-19)
(0.733432 0.215392 0)
(0.589711 0.16643 -7.6145e-19)
(0.386276 0.108202 1.02495e-18)
(0.187469 0.0531225 7.6501e-20)
(0.0394904 0.0114857 -1.43106e-18)
(0.477499 0.17323 -5.13367e-21)
(1.0588 0.367728 4.98461e-20)
(1.28721 0.465142 1.11565e-19)
(1.33438 0.485749 -1.30131e-19)
(1.31125 0.49333 9.69135e-20)
(1.2562 0.485556 -9.12931e-20)
(1.19168 0.472198 1.79781e-19)
(1.12667 0.457593 -7.8894e-20)
(1.05948 0.438248 -3.23295e-19)
(0.990084 0.412769 1.83872e-22)
(0.92856 0.384258 -3.09095e-19)
(0.882425 0.352889 -3.80346e-19)
(0.848311 0.326641 2.34224e-19)
(0.82521 0.302823 -1.36757e-19)
(0.783954 0.279044 3.26507e-19)
(0.708786 0.241476 0)
(0.57417 0.191707 -4.71108e-19)
(0.386726 0.127999 6.95739e-19)
(0.196018 0.0657382 1.31932e-18)
(0.0451703 0.0154325 -1.55218e-18)
(0.462911 0.190665 2.34681e-20)
(1.04561 0.412211 -1.89299e-20)
(1.27982 0.522839 -8.60365e-20)
(1.32749 0.54492 1.35934e-19)
(1.30281 0.551594 1.17182e-20)
(1.24687 0.540378 -1.80929e-19)
(1.18119 0.523912 -1.03094e-19)
(1.11447 0.50602 -9.87482e-20)
(1.0457 0.483042 -1.81094e-19)
(0.976748 0.453752 2.91846e-19)
(0.913717 0.418071 3.13553e-19)
(0.86369 0.384833 6.03806e-19)
(0.826018 0.356867 0)
(0.789251 0.3297 5.99654e-21)
(0.756326 0.303269 -8.93874e-19)
(0.691969 0.272035 2.08051e-19)
(0.567312 0.217073 1.01517e-18)
(0.388406 0.148929 -2.99372e-19)
(0.201724 0.0777053 6.2508e-19)
(0.0489317 0.0190197 -5.21665e-20)
(0.4535 0.209221 5.87645e-21)
(1.03358 0.455027 8.42285e-21)
(1.26987 0.577356 -4.85172e-20)
(1.31795 0.600699 1.71982e-19)
(1.29198 0.606615 -2.1794e-19)
(1.23546 0.592715 1.81568e-19)
(1.16893 0.573674 1.06941e-19)
(1.10091 0.552676 2.9713e-19)
(1.02985 0.526294 3.66143e-19)
(0.955491 0.493495 -3.34329e-19)
(0.886338 0.454969 0)
(0.835863 0.418566 -2.27015e-19)
(0.801419 0.386278 2.60636e-19)
(0.775491 0.361397 3.27037e-19)
(0.734939 0.334275 -1.8908e-19)
(0.667199 0.294342 -4.61183e-19)
(0.548483 0.240252 -1.37837e-19)
(0.380452 0.165456 -1.44881e-21)
(0.199264 0.0873698 0)
(0.049531 0.0210832 0)
(0.445192 0.224753 -3.53901e-20)
(1.02106 0.495251 0)
(1.25847 0.629117 -3.60049e-20)
(1.30637 0.654246 1.7907e-21)
(1.27928 0.659373 2.42732e-19)
(1.22234 0.64272 -6.26029e-20)
(1.15521 0.621199 1.08803e-19)
(1.08593 0.597617 -2.02008e-19)
(1.01303 0.568451 2.78043e-19)
(0.937638 0.531903 -1.07671e-19)
(0.870914 0.488871 1.78989e-19)
(0.818065 0.449282 7.19541e-19)
(0.776422 0.417716 1.38779e-20)
(0.74061 0.38531 -3.41194e-19)
(0.707653 0.355419 6.30213e-19)
(0.649431 0.322146 4.30809e-21)
(0.537291 0.260851 1.47466e-19)
(0.372826 0.181368 -7.04074e-19)
(0.193146 0.0943291 7.21125e-19)
(0.0477799 0.022559 -8.53716e-19)
(0.438795 0.243673 2.97698e-23)
(1.00922 0.533489 0)
(1.24601 0.677523 0)
(1.29356 0.704376 -1.68762e-20)
(1.26555 0.708754 -7.57901e-20)
(1.2083 0.69 8.77786e-20)
(1.14065 0.666614 -2.06758e-19)
(1.07041 0.640589 0)
(0.996269 0.60872 -4.09038e-19)
(0.918899 0.569256 4.82917e-19)
(0.846407 0.524591 5.07319e-19)
(0.789626 0.480834 -2.63825e-19)
(0.752514 0.442327 -3.176e-19)
(0.725176 0.413246 7.43932e-19)
(0.687535 0.383779 -2.23769e-19)
(0.625064 0.338447 -2.67278e-19)
(0.516718 0.278755 -1.6018e-19)
(0.360459 0.192752 -7.58716e-19)
(0.185289 0.0986033 1.09855e-19)
(0.0445736 0.0232756 9.21192e-19)
(0.435186 0.262079 -2.21705e-20)
(0.998485 0.569941 -2.42044e-20)
(1.23293 0.723344 2.34808e-20)
(1.27977 0.752171 -1.27891e-22)
(1.25099 0.75591 -6.58822e-20)
(1.19352 0.734977 1.50939e-19)
(1.1256 0.709589 0)
(1.05479 0.681541 1.20814e-19)
(0.979307 0.647374 -9.52635e-20)
(0.899114 0.605362 8.04965e-19)
(0.823913 0.555279 -1.15817e-19)
(0.769675 0.507002 1.31025e-19)
(0.727838 0.469711 0)
(0.690894 0.434044 -4.02403e-19)
(0.660371 0.399204 4.8631e-19)
(0.606432 0.362376 0)
(0.502218 0.292727 -3.45765e-19)
(0.34565 0.202415 1.01611e-18)
(0.17483 0.100767 1.19705e-19)
(0.0402737 0.023067 -1.13356e-18)
(0.433148 0.278904 -6.23303e-20)
(0.988477 0.604383 8.05588e-20)
(1.21969 0.766162 0)
(1.2657 0.796642 -1.85428e-20)
(1.23623 0.799743 0)
(1.17863 0.777186 -1.86601e-19)
(1.11052 0.750384 0)
(1.03887 0.720446 0)
(0.961757 0.684402 -1.23644e-19)
(0.879959 0.639978 -7.64446e-19)
(0.804759 0.588008 -9.36129e-19)
(0.744912 0.538607 1.52327e-19)
(0.701643 0.493442 5.47814e-19)
(0.675959 0.457855 4.42235e-19)
(0.639402 0.424424 -1.56032e-18)
(0.581223 0.372242 -6.27106e-19)
(0.478385 0.305374 3.669e-19)
(0.328468 0.207027 0)
(0.163547 0.1011 1.02995e-18)
(0.0357275 0.0219438 -1.22112e-18)
(0.431825 0.294546 7.92818e-20)
(0.978951 0.636956 -9.76608e-20)
(1.20644 0.806387 0)
(1.25139 0.838791 -1.07629e-20)
(1.22132 0.841481 1.38931e-20)
(1.16361 0.81724 0)
(1.09525 0.788844 6.30378e-20)
(1.02297 0.757335 8.20903e-20)
(0.944585 0.719408 -2.34704e-19)
(0.860308 0.672856 1.02136e-19)
(0.779321 0.617566 0)
(0.717202 0.56225 6.31316e-19)
(0.677428 0.51754 4.68144e-21)
(0.639712 0.475678 2.385e-19)
(0.610565 0.433387 2.83098e-19)
(0.56034 0.391302 0)
(0.461601 0.312326 -6.01588e-19)
(0.311004 0.210621 1.18107e-18)
(0.151614 0.0997341 -1.24988e-18)
(0.0312633 0.0204301 2.63002e-18)
(0.430776 0.309583 0)
(0.970148 0.668164 0)
(1.19367 0.844081 -4.40875e-20)
(1.23738 0.877969 0)
(1.20667 0.880151 0)
(1.14883 0.85468 -1.64794e-19)
(1.0803 0.825215 6.47609e-20)
(1.00741 0.792322 1.74951e-20)
(0.928036 0.753248 -5.43418e-20)
(0.842365 0.705593 0)
(0.76165 0.648352 -1.41648e-19)
(0.698358 0.592421 -5.14609e-19)
(0.64905 0.539669 -6.17985e-19)
(0.622858 0.494765 -2.47909e-19)
(0.589041 0.454669 3.0705e-19)
(0.534501 0.393726 -7.24247e-19)
(0.436055 0.318875 1.29462e-18)
(0.291841 0.209186 3.52325e-21)
(0.139765 0.0969388 -1.20018e-18)
(0.027334 0.0186893 -1.77481e-19)
(0.429813 0.324292 0)
(0.961719 0.697713 -8.24423e-20)
(1.1811 0.879341 5.75681e-20)
(1.22346 0.914949 0)
(1.19221 0.916905 0)
(1.13428 0.890195 3.3536e-19)
(1.06564 0.859493 0)
(0.99232 0.825339 0)
(0.911738 0.784787 -5.14665e-19)
(0.82334 0.735076 1.39041e-19)
(0.736124 0.675336 -1.25956e-18)
(0.666546 0.615046 0)
(0.624186 0.561102 -6.68868e-19)
(0.584778 0.510836 1.08666e-20)
(0.557061 0.456717 -9.85417e-19)
(0.511274 0.406671 3.89901e-19)
(0.419223 0.317054 2.20977e-21)
(0.276486 0.207006 -1.36481e-18)
(0.130007 0.0932098 6.47405e-19)
(0.0237138 0.0169287 1.89934e-19)
(0.428959 0.338639 0)
(0.954147 0.726211 -1.24239e-19)
(1.16917 0.912661 6.07964e-20)
(1.21007 0.949391 5.19305e-20)
(1.17824 0.950865 -2.66799e-20)
(1.12025 0.923239 3.56734e-20)
(1.05163 0.891825 -4.3085e-20)
(0.977859 0.856687 5.09772e-19)
(0.896149 0.815355 5.50548e-19)
(0.80594 0.765512 1.06513e-18)
(0.719321 0.706094 1.0467e-18)
(0.650803 0.64348 1.82957e-19)
(0.593955 0.583309 9.62182e-19)
(0.564975 0.526548 5.92439e-19)
(0.532532 0.475071 7.07433e-19)
(0.48378 0.398836 -4.27287e-19)
(0.393097 0.314127 -4.99276e-19)
(0.260181 0.195618 5.84571e-19)
(0.122577 0.0899405 -3.46818e-19)
(0.02473 0.0209057 6.14828e-19)
(0.428146 0.352541 1.80741e-19)
(0.946716 0.752817 1.93419e-19)
(1.15742 0.943653 3.68432e-20)
(1.19694 0.981776 1.62621e-20)
(1.16467 0.983086 5.31419e-20)
(1.1067 0.95456 -9.39005e-20)
(1.03804 0.922224 4.23342e-20)
(0.963788 0.886148 -2.06736e-20)
(0.880872 0.843752 -6.40723e-19)
(0.789141 0.792419 -1.15474e-18)
(0.697333 0.730627 7.29228e-20)
(0.618427 0.665674 0)
(0.568568 0.604782 0)
(0.523009 0.543384 -3.08733e-19)
(0.494038 0.470552 -1.1554e-18)
(0.454833 0.403239 9.20368e-19)
(0.37968 0.292242 5.47063e-19)
(0.264598 0.177835 0)
(0.133913 0.0661495 1.10591e-18)
(0.0183816 -0.00362532 -6.57833e-19)
(0.427444 0.365807 -9.55883e-20)
(0.940036 0.778458 8.5225e-20)
(1.14635 0.973093 -9.22517e-20)
(1.18445 1.01199 -6.35338e-20)
(1.1517 1.01279 2.98522e-21)
(1.09373 0.983557 -2.91414e-20)
(1.02514 0.950803 0)
(0.950649 0.914109 -6.41151e-19)
(0.867165 0.871377 7.91051e-20)
(0.773748 0.820635 0)
(0.680023 0.760315 0)
(0.60322 0.695009 1.15703e-19)
(0.536898 0.627847 1.5469e-19)
(0.499518 0.55774 -3.32893e-19)
(0.463121 0.488934 8.29546e-19)
(0.417153 0.382734 -1.00234e-18)
(0.34389 0.272944 -1.1699e-18)
(0.261104 0.154185 1.03506e-18)
(0.181332 0.100584 -3.94802e-19)
(0.11378 0.0822175 2.3003e-19)
(0.426592 0.378301 1.24057e-19)
(0.933247 0.802054 0)
(1.13541 1.00023 0)
(1.17227 1.04026 -1.51389e-20)
(1.1392 1.04092 1.22559e-20)
(1.08131 1.01102 -2.09595e-20)
(1.01279 0.977596 1.82353e-19)
(0.938025 0.940317 6.61576e-19)
(0.853555 0.896945 1.16397e-18)
(0.758488 0.845004 -8.62573e-20)
(0.661111 0.782637 1.77171e-19)
(0.573982 0.716643 -1.03576e-18)
(0.512342 0.651141 -1.02598e-18)
(0.453126 0.579528 -1.78271e-19)
(0.410824 0.481138 0)
(0.372625 0.388789 -9.37228e-21)
(0.313748 0.209944 6.41796e-19)
(0.275347 0.053391 -1.08506e-18)
(0.235768 -0.0738915 8.25602e-19)
(0.0816248 -0.0961387 6.86854e-19)
(0.425754 0.390292 -2.75614e-19)
(0.927069 0.824909 -1.25858e-19)
(1.1251 1.02626 6.86459e-21)
(1.16063 1.06688 4.41016e-20)
(1.12715 1.06708 0)
(1.06928 1.03669 -1.25255e-19)
(1.00091 1.00317 -2.58024e-19)
(0.926077 0.965673 1.45797e-21)
(0.841191 0.922391 -6.10742e-19)
(0.744645 0.871614 -8.46061e-20)
(0.645081 0.812342 7.85835e-20)
(0.558936 0.748416 9.09471e-19)
(0.478209 0.678099 1.00161e-18)
(0.425838 0.596235 1.73144e-19)
(0.373897 0.511378 8.84431e-19)
(0.301193 0.36246 0)
(0.186164 0.196871 0)
(0.0149049 0.225182 7.49679e-19)
(-0.0760313 0.629093 -3.14541e-20)
(0.00500172 1.52894 -9.14883e-19)
(0.424675 0.40166 1.5301e-19)
(0.920742 0.845952 3.455e-19)
(1.11484 1.05031 -4.59305e-19)
(1.14921 1.09205 2.14824e-19)
(1.11539 1.09236 2.08051e-21)
(1.05761 1.06169 -8.73809e-20)
(0.989308 1.02792 0)
(0.914189 0.990372 -5.54543e-19)
(0.828331 0.947071 0)
(0.730179 0.895773 1.20136e-18)
(0.627398 0.834797 -9.44224e-20)
(0.530091 0.771004 1.05873e-19)
(0.456755 0.707334 1.14152e-18)
(0.372617 0.634788 -3.74214e-19)
(0.28227 0.51449 -4.50729e-19)
(0.204293 0.420994 0)
(0.0952763 0.529349 0)
(0.0286463 1.3073 0)
(0.0738593 2.45319 -4.26396e-19)
(0.102351 2.90591 -2.61462e-19)
(0.423523 0.412448 0)
(0.915003 0.866367 0)
(1.10521 1.07358 1.68782e-19)
(1.13834 1.11591 -1.72546e-19)
(1.10411 1.11597 5.94669e-20)
(1.04631 1.08514 8.96457e-20)
(0.978135 1.0517 3.27024e-20)
(0.902986 1.01442 -2.54616e-20)
(0.816853 0.97188 8.53782e-20)
(0.717391 0.922633 -1.37882e-18)
(0.611725 0.866408 1.72057e-19)
(0.516877 0.80856 9.04864e-19)
(0.418959 0.743517 -1.13809e-18)
(0.344549 0.655843 -1.24066e-18)
(0.269864 0.57782 4.18065e-19)
(0.197667 0.705218 0)
(0.128844 1.53635 5.83784e-19)
(0.12854 2.68644 6.48083e-19)
(0.136406 3.08558 -7.24964e-19)
(0.127564 3.22108 7.84084e-19)
(0.422107 0.422778 0)
(0.909085 0.884925 3.14342e-19)
(1.09564 1.09485 -4.19717e-20)
(1.12776 1.13833 2.54627e-19)
(1.09321 1.13872 -6.24201e-20)
(1.03551 1.10793 0)
(0.967381 1.07455 0)
(0.891977 1.03768 0)
(0.805033 0.995728 4.90387e-19)
(0.70432 0.946827 6.44971e-20)
(0.59684 0.889918 0)
(0.490226 0.831738 -9.00879e-19)
(0.407997 0.775781 0)
(0.295365 0.708282 8.88849e-19)
(0.209527 0.77964 -5.96532e-19)
(0.160953 1.45729 -4.80619e-19)
(0.163131 2.67495 -1.13442e-18)
(0.18411 3.12659 -6.00242e-19)
(0.174751 3.26861 -8.25317e-19)
(0.160297 3.30907 6.41454e-19)
(0.420735 0.43231 -1.11042e-19)
(0.903751 0.902977 1.54028e-20)
(1.08674 1.11558 -4.73304e-20)
(1.11776 1.15969 -1.9421e-19)
(1.0828 1.16 0)
(1.02507 1.12929 0)
(0.957045 1.09655 0)
(0.881684 1.0603 3.84637e-20)
(0.794682 1.01959 -6.19015e-19)
(0.692967 0.973422 0)
(0.581956 0.922077 0)
(0.482163 0.872525 0)
(0.367281 0.81656 0)
(0.306469 0.798851 6.48277e-19)
(0.275541 1.17592 1.59293e-18)
(0.256975 2.36966 4.73456e-19)
(0.268663 3.08294 9.61346e-19)
(0.262819 3.28575 -7.39892e-19)
(0.213407 3.35209 2.75184e-19)
(0.180356 3.36468 0)
(0.419132 0.441504 1.14887e-19)
(0.898012 0.919658 -7.0472e-19)
(1.07761 1.13488 -1.86441e-19)
(1.10779 1.18022 -3.98034e-20)
(1.07255 1.18107 1.37852e-20)
(1.01496 1.15063 -4.64251e-21)
(0.947006 1.11816 -8.84416e-21)
(0.871477 1.0826 -4.49919e-19)
(0.783822 1.04293 0)
(0.681307 0.997948 -8.01453e-20)
(0.571128 0.947469 7.29072e-20)
(0.458284 0.897073 0)
(0.375126 0.857614 0)
(0.321008 0.981846 -8.104e-19)
(0.280475 1.85179 1.01089e-19)
(0.276116 2.9399 -3.57313e-19)
(0.296879 3.29037 7.48004e-19)
(0.269939 3.38969 5.4997e-19)
(0.203443 3.41441 -7.57824e-19)
(0.178302 3.42359 3.77183e-19)
(0.417295 0.450839 2.27921e-19)
(0.892309 0.937479 6.9108e-19)
(1.0684 1.15556 2.22468e-19)
(1.0976 1.20146 0)
(1.06204 1.20222 0)
(1.00447 1.17187 4.96686e-21)
(0.936728 1.14012 1.12385e-19)
(0.861431 1.10527 4.02271e-19)
(0.774134 1.06702 2.52357e-20)
(0.671391 1.0251 1.03905e-18)
(0.557388 0.980207 -1.20329e-18)
(0.45028 0.935993 0)
(0.369229 0.938122 0)
(0.339177 1.34449 -5.53953e-19)
(0.341563 2.47656 -6.65268e-19)
(0.383993 3.19902 0)
(0.408815 3.37386 -7.6625e-19)
(0.338997 3.43718 4.23858e-20)
(0.268065 3.48155 3.81926e-19)
(0.24496 3.507 -1.3172e-19)
(0.414923 0.460607 -4.35163e-19)
(0.885423 0.955265 -3.32837e-19)
(1.05794 1.17617 0)
(1.08644 1.2233 0)
(1.05072 1.22462 0)
(0.99349 1.19442 0)
(0.926027 1.16278 -1.28134e-19)
(0.850855 1.12853 3.66386e-19)
(0.76324 1.09132 0)
(0.66039 1.05095 -9.46792e-19)
(0.550246 1.00775 2.16117e-18)
(0.442167 0.97301 8.76558e-20)
(0.38785 1.05842 1.14813e-19)
(0.390628 1.74406 9.05553e-19)
(0.407788 2.89526 -4.888e-19)
(0.445068 3.32361 0)
(0.427758 3.44907 2.15695e-19)
(0.341503 3.53696 9.35218e-20)
(0.263612 3.60185 1.45518e-19)
(0.188296 3.58141 6.83567e-22)
(0.41217 0.470705 2.07814e-19)
(0.878276 0.975034 -3.4403e-19)
(1.04705 1.19914 0)
(1.07464 1.24653 -5.70945e-20)
(1.03873 1.24746 1.90133e-19)
(0.981657 1.2171 0)
(0.914679 1.18601 0)
(0.84009 1.15233 -6.41212e-19)
(0.753462 1.1164 -6.21217e-20)
(0.651358 1.07892 9.35144e-19)
(0.534463 1.04045 -1.02803e-18)
(0.445618 1.02315 5.944e-19)
(0.407035 1.23585 0)
(0.430525 2.17879 -4.80978e-19)
(0.472811 3.14544 3.14072e-19)
(0.53472 3.42856 2.00121e-19)
(0.527712 3.52611 0)
(0.46357 3.61013 -3.38778e-20)
(0.391794 3.65242 -4.0839e-19)
(0.310242 3.62347 -9.40243e-20)
(0.40859 0.48117 -4.18192e-19)
(0.86957 0.994618 4.93675e-19)
(1.03458 1.22172 3.35406e-19)
(1.06166 1.27022 -8.23489e-20)
(1.0257 1.27162 -2.91479e-19)
(0.96927 1.24122 0)
(0.902885 1.21 -2.28183e-20)
(0.82886 1.17668 2.35948e-19)
(0.742366 1.14163 3.58299e-20)
(0.640956 1.10557 -8.07862e-19)
(0.529791 1.07138 -5.53262e-20)
(0.452826 1.08328 -6.71178e-19)
(0.448349 1.46714 7.2817e-19)
(0.501362 2.5423 1.59949e-19)
(0.566657 3.30717 -2.83274e-19)
(0.620108 3.48113 1.51313e-19)
(0.580577 3.5353 0)
(0.521081 3.54029 0)
(0.425128 3.50636 -6.86171e-19)
(0.192988 3.2985 1.26397e-18)
(0.40459 0.491412 2.01291e-19)
(0.860408 1.01646 4.89603e-19)
(1.02167 1.24719 -3.45987e-19)
(1.04801 1.29554 2.99364e-19)
(1.01203 1.29613 3.12048e-19)
(0.955991 1.26522 0)
(0.890479 1.23429 3.47845e-20)
(0.817469 1.20135 2.10796e-19)
(0.732685 1.16726 0)
(0.633066 1.13357 0)
(0.523129 1.10635 0)
(0.459202 1.16088 0)
(0.487762 1.69498 -8.21866e-19)
(0.561482 2.84652 -2.1273e-19)
(0.637009 3.40093 0)
(0.680521 3.49742 -2.81371e-20)
(0.678419 3.50274 0)
(0.754871 3.34551 1.43562e-19)
(0.850694 2.97856 -1.81208e-18)
(0.451773 2.60284 1.89665e-18)
(0.399093 0.501717 -4.12758e-19)
(0.84925 1.03789 -3.14974e-19)
(1.00674 1.27188 -2.31858e-19)
(1.03286 1.3212 -2.79988e-19)
(0.997022 1.32212 -1.53712e-19)
(0.942054 1.29096 0)
(0.877553 1.2596 1.25404e-20)
(0.805635 1.22668 -4.88896e-20)
(0.721528 1.1932 -2.67313e-19)
(0.623412 1.16054 0)
(0.522675 1.14141 5.40542e-20)
(0.48163 1.25384 -6.148e-20)
(0.541125 1.95101 0)
(0.637123 3.0759 2.77889e-19)
(0.727009 3.44266 0)
(0.759872 3.47981 -1.00933e-19)
(0.764956 3.3939 2.79122e-19)
(0.757433 3.01551 -1.41671e-19)
(0.512668 2.00859 2.8144e-19)
(-0.346674 0.507291 -6.88886e-19)
(0.392808 0.512161 -1.34011e-20)
(0.837125 1.06168 -1.6261e-19)
(0.99105 1.30022 3.1893e-19)
(1.01673 1.34923 -1.9335e-20)
(0.981107 1.34896 -5.14338e-20)
(0.926787 1.31703 0)
(0.863582 1.28585 3.44677e-20)
(0.793145 1.25331 -1.2231e-19)
(0.71154 1.22069 4.81998e-19)
(0.613035 1.18994 -5.61697e-19)
(0.523493 1.18214 -6.5009e-19)
(0.500977 1.36897 0)
(0.592105 2.23654 4.24715e-19)
(0.701427 3.21354 -5.88233e-20)
(0.776587 3.42479 2.74109e-20)
(0.785204 3.42174 0)
(0.713513 3.18849 -1.4754e-19)
(0.544676 2.41512 1.59338e-19)
(0.109353 0.658848 -1.89178e-19)
(-0.253105 -0.406997 -1.75872e-19)
(0.384372 0.521691 3.88562e-19)
(0.82255 1.08477 -1.60106e-19)
(0.972682 1.32727 2.28115e-19)
(0.998615 1.37745 1.75239e-19)
(0.963325 1.37766 1.04532e-19)
(0.910605 1.34552 1.84576e-19)
(0.848896 1.31386 -8.82065e-20)
(0.780129 1.28121 6.06546e-20)
(0.699746 1.24925 -3.68119e-19)
(0.604058 1.22076 2.98601e-20)
(0.528888 1.22735 9.93507e-20)
(0.537522 1.51089 -4.25679e-19)
(0.653102 2.51106 1.18225e-19)
(0.765857 3.29267 -2.26478e-19)
(0.827434 3.40039 3.89944e-20)
(0.805004 3.32057 8.05762e-20)
(0.681315 2.88362 -2.12479e-19)
(0.420631 1.66929 1.38386e-19)
(0.0636297 0.0574701 0)
(-0.0795575 -0.167397 -3.00714e-19)
(0.374765 0.53107 0)
(0.806223 1.1094 -6.08426e-19)
(0.953337 1.35837 2.38244e-20)
(0.97937 1.4084 -2.84816e-19)
(0.94461 1.40713 0)
(0.892941 1.37403 -1.37993e-19)
(0.83306 1.3425 1.00771e-19)
(0.766438 1.31036 -5.67411e-20)
(0.689662 1.27934 2.75732e-19)
(0.596779 1.25432 4.08785e-19)
(0.53269 1.28031 5.07155e-19)
(0.566189 1.66587 4.71671e-20)
(0.704127 2.74249 -3.14521e-19)
(0.81495 3.31961 1.12235e-20)
(0.853217 3.35552 8.97822e-21)
(0.781163 3.15503 7.79079e-20)
(0.540824 2.35406 9.03871e-20)
(0.120596 0.463085 -1.07124e-19)
(-0.135074 -0.24553 0)
(-0.114673 -0.207828 0)
(0.362538 0.538435 -3.77652e-19)
(0.786887 1.1328 6.0666e-19)
(0.930704 1.38713 0)
(0.957634 1.43883 0)
(0.923453 1.43824 0)
(0.874147 1.40504 0)
(0.816421 1.373 -5.9454e-20)
(0.75214 1.3405 -1.57425e-20)
(0.677404 1.31009 -3.06088e-20)
(0.591757 1.28809 4.32106e-20)
(0.541745 1.34144 -4.3482e-19)
(0.609812 1.83936 3.08103e-19)
(0.766017 2.94112 0)
(0.861878 3.32783 3.6678e-20)
(0.879601 3.29982 5.69777e-20)
(0.738483 2.88608 -2.14199e-20)
(0.40931 1.72211 1.07127e-19)
(0.0136992 -0.0273948 5.97927e-20)
(-0.161626 -0.204562 -2.50844e-19)
(-0.0594036 -0.138654 -2.93748e-19)
(0.347728 0.544305 1.92332e-19)
(0.764105 1.15525 2.83676e-19)
(0.90701 1.41995 -9.21524e-21)
(0.934565 1.47228 1.53592e-19)
(0.901242 1.46982 0)
(0.853698 1.43544 2.7357e-19)
(0.798387 1.40344 -5.2038e-20)
(0.737156 1.37152 1.34811e-20)
(0.665784 1.34184 -3.52099e-20)
(0.586818 1.3253 3.24322e-20)
(0.552195 1.41022 2.92283e-19)
(0.647131 2.03716 -1.49763e-19)
(0.809976 3.05887 -1.24279e-19)
(0.891232 3.30914 -6.28591e-22)
(0.877738 3.19215 -2.91515e-20)
(0.653865 2.55198 1.46862e-19)
(0.205791 0.808903 -8.31947e-20)
(-0.0799622 -0.27609 1.23183e-19)
(-0.137568 -0.22837 -3.73512e-19)
(-0.0613939 -0.133628 2.60263e-19)
(0.329346 0.546904 -1.79906e-19)
(0.737929 1.17566 0)
(0.879519 1.44884 -2.07689e-19)
(0.908225 1.50399 -2.9701e-19)
(0.875876 1.50252 0)
(0.831817 1.46826 -2.1486e-19)
(0.779399 1.43565 0)
(0.721179 1.40297 -9.00243e-20)
(0.651444 1.3738 -4.06349e-20)
(0.583945 1.36224 1.09248e-19)
(0.566864 1.48751 -1.57988e-19)
(0.695669 2.23519 8.17731e-20)
(0.859771 3.13903 2.01305e-19)
(0.929561 3.29354 7.9133e-21)
(0.870033 3.06762 -2.96275e-20)
(0.549282 2.12296 -4.94065e-20)
(0.0885684 0.153436 1.24493e-19)
(-0.172303 -0.284415 -1.40508e-19)
(-0.106899 -0.215415 5.05784e-22)
(-0.0415377 -0.0760158 -2.71765e-20)
(0.307824 0.546107 3.59334e-19)
(0.708251 1.19359 -2.73749e-19)
(0.850583 1.48082 2.23212e-19)
(0.880047 1.53887 1.43411e-19)
(0.849348 1.53525 2.76706e-20)
(0.808123 1.4995 1.3954e-19)
(0.758591 1.46682 0)
(0.704596 1.43461 -3.69486e-20)
(0.638896 1.40657 0)
(0.580184 1.40255 -1.02178e-19)
(0.582519 1.57086 1.5501e-19)
(0.734908 2.40652 -8.06722e-21)
(0.894988 3.17841 -8.29863e-20)
(0.943078 3.2476 3.73994e-20)
(0.829384 2.86634 -1.06188e-20)
(0.418317 1.61182 6.02666e-20)
(-0.0489269 -0.116002 -1.89003e-19)
(-0.227058 -0.267861 -1.09591e-19)
(-0.124116 -0.241422 -4.43206e-20)
(-0.0585895 -0.0726705 2.04972e-19)
(0.282797 0.53959 4.28766e-21)
(0.674994 1.20816 1.41311e-19)
(0.816628 1.50625 0)
(0.847625 1.5697 2.69781e-19)
(0.819166 1.5682 -3.80906e-19)
(0.782593 1.53285 1.41933e-19)
(0.736658 1.49946 -9.29556e-20)
(0.686654 1.46592 7.41484e-20)
(0.624378 1.43886 -6.15281e-20)
(0.576777 1.4416 -6.45914e-21)
(0.599632 1.65533 5.54776e-20)
(0.782501 2.56442 7.75135e-20)
(0.929762 3.19488 3.7219e-20)
(0.963116 3.20632 -5.2276e-20)
(0.787303 2.67007 -6.35139e-20)
(0.300911 1.11498 1.22707e-19)
(-0.0804393 -0.236908 -1.23529e-19)
(-0.245973 -0.304896 8.0131e-20)
(-0.134498 -0.28663 9.58164e-22)
(-0.074521 -0.0979487 -1.84995e-19)
(0.254064 0.525409 6.71304e-19)
(0.636388 1.21515 -1.41415e-19)
(0.780473 1.53352 -3.81561e-19)
(0.813104 1.60322 3.09751e-19)
(0.788081 1.60052 -1.65625e-19)
(0.754841 1.56329 2.74598e-19)
(0.712275 1.52967 1.41795e-19)
(0.66793 1.49646 0)
(0.611737 1.47049 7.02471e-20)
(0.57134 1.48297 -9.84971e-21)
(0.616191 1.73751 -2.13722e-20)
(0.817103 2.67552 -3.17625e-20)
(0.953477 3.19562 2.16947e-20)
(0.959561 3.139 9.89935e-21)
(0.718798 2.43656 -1.00064e-19)
(0.19481 0.582881 -4.81131e-20)
(-0.0775151 -0.270584 1.36216e-19)
(-0.18099 -0.342432 5.67834e-20)
(-0.128742 -0.306198 1.81988e-20)
(-0.0675091 -0.118714 1.59584e-19)
(0.221415 0.501125 0)
(0.593297 1.21598 1.31696e-19)
(0.737907 1.55071 -1.72835e-19)
(0.773952 1.62941 3.01116e-19)
(0.753146 1.63136 -3.65501e-19)
(0.724573 1.59519 1.52252e-19)
(0.686642 1.56096 0)
(0.64728 1.52566 0)
(0.598434 1.49992 0)
(0.565336 1.52071 1.21424e-20)
(0.631068 1.80946 -1.13812e-20)
(0.855242 2.77059 1.24254e-20)
(0.97185 3.1978 4.84218e-20)
(0.965666 3.08177 4.71997e-20)
(0.675791 2.26381 -7.71109e-20)
(0.177728 0.331321 7.84284e-20)
(-0.0706189 -0.251401 2.28656e-21)
(-0.122958 -0.34545 -1.2288e-19)
(-0.0980882 -0.287844 1.44209e-20)
(-0.029554 -0.107684 0)
(0.184752 0.462999 6.1769e-19)
(0.542971 1.20074 -1.23151e-19)
(0.692978 1.5674 4.67702e-21)
(0.732988 1.65829 0)
(0.716828 1.66002 -1.75534e-19)
(0.691628 1.62276 1.82085e-20)
(0.657972 1.58778 0)
(0.625346 1.55297 4.19659e-20)
(0.584306 1.52673 -3.31141e-20)
(0.557961 1.55641 0)
(0.643159 1.86718 0)
(0.877194 2.81921 -2.51669e-20)
(0.985297 3.20096 -7.67117e-20)
(0.946859 3.02073 -2.26721e-20)
(0.628767 2.06985 -1.31753e-20)
(0.045758 0.144696 2.23414e-20)
(-0.140036 -0.202156 0)
(-0.133733 -0.323561 -6.39762e-20)
(-0.0936578 -0.257666 -1.12872e-19)
(0.0209165 -0.00867566 2.56404e-19)
(0.144699 0.408647 5.10375e-19)
(0.488026 1.17447 -1.18261e-19)
(0.640372 1.56764 1.65372e-19)
(0.686579 1.67517 -4.11188e-19)
(0.675866 1.68451 0)
(0.656153 1.65071 0)
(0.627979 1.61532 0)
(0.601458 1.57785 4.45386e-20)
(0.56896 1.54993 -3.51349e-20)
(0.548251 1.58337 0)
(0.65138 1.90747 0)
(0.905391 2.86288 1.00302e-19)
(0.993426 3.21616 -5.11586e-20)
(0.901807 3.01221 6.68388e-20)
(0.503724 1.90226 1.00379e-19)
(-0.115275 0.238669 0)
(-0.356974 -0.182918 -4.57003e-20)
(-0.354143 -0.363135 -2.1431e-20)
(-0.232185 -0.306074 2.61754e-19)
(-0.0235338 0.0143755 -3.05911e-19)
(0.102514 0.33399 -4.74601e-19)
(0.423806 1.11772 1.25438e-19)
(0.585416 1.56279 3.51353e-19)
(0.638499 1.69363 2.34695e-19)
(0.632127 1.70483 -1.90107e-19)
(0.617954 1.67294 -1.22696e-19)
(0.594172 1.63567 8.17022e-20)
(0.575099 1.59915 0)
(0.552138 1.56899 0)
(0.536483 1.60153 0)
(0.651077 1.91881 -5.68945e-20)
(0.927197 2.85182 -1.08011e-19)
(1.02553 3.22539 6.71975e-20)
(0.915955 3.05066 -2.38153e-20)
(0.503216 1.92004 9.12836e-20)
(-0.160016 0.496983 0)
(-0.444761 -0.232055 1.65309e-19)
(-0.517587 -0.759874 -5.97289e-19)
(-0.490431 -0.888816 1.36375e-18)
(-0.211719 -0.611014 -7.47295e-19)
(0.0567033 0.2382 5.02376e-19)
(0.354023 1.04227 -4.12736e-19)
(0.519644 1.52864 0)
(0.583196 1.69269 1.16998e-19)
(0.584927 1.71878 8.33136e-20)
(0.576837 1.69351 1.72612e-19)
(0.558855 1.6565 -7.63731e-20)
(0.545542 1.6162 0)
(0.532556 1.58186 0)
(0.521707 1.61 -1.13969e-19)
(0.645996 1.90318 -3.00715e-21)
(0.94878 2.8274 6.84799e-20)
(1.09698 3.22258 2.87189e-20)
(1.07653 3.13439 3.39914e-19)
(0.75954 2.18851 -7.85798e-19)
(0.198786 0.641897 1.19308e-18)
(-0.233331 -0.271425 -8.48848e-19)
(-0.51453 -0.975641 0)
(-0.493866 -1.37432 -4.15948e-20)
(-0.345302 -1.15084 1.65714e-18)
(0.0187501 0.150071 5.1466e-19)
(0.269536 0.913866 0)
(0.452561 1.48115 0)
(0.526002 1.6893 0)
(0.53413 1.72584 6.83051e-20)
(0.532328 1.70625 -1.71807e-19)
(0.518405 1.66747 -7.31676e-20)
(0.51223 1.62802 0)
(0.507954 1.58895 0)
(0.50659 1.60527 7.21217e-20)
(0.622215 1.85445 2.37433e-20)
(0.972506 2.71646 -3.18619e-20)
(1.2258 3.14883 3.45434e-20)
(1.30435 3.0296 1.22409e-19)
(1.23837 2.51825 -3.39913e-19)
(0.88927 1.49521 3.29575e-19)
(0.414378 0.433417 -4.09036e-19)
(0.0483665 -0.494175 0)
(-0.3026 -1.52941 3.98069e-20)
(-0.313749 -1.50534 5.93362e-19)
(-0.00111867 0.0818968 -4.80184e-19)
(0.181485 0.755382 1.65466e-19)
(0.371657 1.37673 2.53019e-19)
(0.462113 1.65356 -1.69353e-20)
(0.481523 1.72342 -1.5114e-19)
(0.48444 1.71574 -9.26935e-20)
(0.475962 1.67897 2.04792e-19)
(0.471787 1.6344 -6.67662e-21)
(0.476769 1.58617 0)
(0.482199 1.58802 1.92118e-20)
(0.57938 1.76469 -3.00299e-21)
(0.898814 2.53472 1.73966e-20)
(1.21348 2.98829 0)
(1.27635 2.9077 -3.51394e-20)
(1.2176 2.55287 0)
(1.05433 1.81729 -4.03916e-20)
(0.681527 0.845153 4.70121e-20)
(0.385126 -0.0813616 0)
(0.101821 -0.736941 0)
(-0.0858529 -1.0736 -3.74092e-19)
(-0.00304415 0.0227526 3.83074e-19)
(0.0916642 0.48062 -1.43544e-19)
(0.303633 1.24448 1.12734e-19)
(0.397417 1.60249 -1.76394e-19)
(0.423421 1.70882 6.86236e-20)
(0.431293 1.71137 -2.2279e-20)
(0.426691 1.68231 1.28429e-20)
(0.42476 1.63638 -2.81016e-20)
(0.432581 1.57757 -1.65761e-20)
(0.446042 1.55829 -7.15487e-21)
(0.501961 1.65735 6.38551e-21)
(0.72344 2.25428 0)
(1.04228 2.81682 2.06612e-20)
(1.1019 2.78551 0)
(1.08617 2.57749 0)
(0.991858 2.13746 0)
(0.730012 1.41071 6.09566e-19)
(0.446427 0.657214 -1.48954e-18)
(0.190733 -0.00900776 1.10471e-20)
(0.0128974 -0.388824 1.06722e-18)
(0.00533952 -0.0339928 6.7332e-20)
(0.0272165 0.198997 6.31635e-20)
(0.208239 0.98162 -5.14626e-20)
(0.328453 1.49502 -3.81474e-20)
(0.365702 1.68076 3.08402e-20)
(0.375508 1.7043 2.07998e-20)
(0.373594 1.68529 1.39441e-20)
(0.367848 1.63388 0)
(0.369995 1.56696 -6.38933e-21)
(0.382411 1.52255 -2.5188e-21)
(0.397584 1.56625 2.81826e-22)
(0.484693 1.95302 0)
(0.769802 2.65062 1.56046e-20)
(0.794254 2.71347 -4.0058e-20)
(0.773779 2.63299 0)
(0.718117 2.39413 0)
(0.576706 1.92888 -3.84576e-20)
(0.372073 1.31136 0)
(0.190951 0.726765 -2.98417e-20)
(0.0514126 0.276038 0)
(0.00684218 -0.0749791 0)
(0.00657075 0.0373346 0)
(0.102705 0.640215 0)
(0.240899 1.31631 0)
(0.293364 1.61596 -7.51751e-34)
(0.309306 1.68486 5.41469e-34)
(0.311138 1.67792 0)
(0.306483 1.63273 0)
(0.303802 1.5589 0)
(0.309559 1.49858 0)
(0.311847 1.52034 0)
(0.315193 1.80527 0)
(0.548934 2.49982 0)
(0.56442 2.71958 0)
(0.54054 2.71349 0)
(0.499604 2.60818 0)
(0.423407 2.32889 0)
(0.278063 1.83206 0)
(0.136058 1.33772 0)
(0.0297902 0.793563 0)
(-0.00024484 -0.0891659 0)
(0.00945523 -0.0519359 0)
(0.041208 0.320139 0)
(0.172283 1.11451 0)
(0.223367 1.535 0)
(0.241319 1.6598 0)
(0.245818 1.66559 0)
(0.244577 1.63144 0)
(0.238954 1.55429 0)
(0.241582 1.49104 0)
(0.249558 1.50732 0)
(0.207344 1.74597 0)
(0.391633 2.41925 0)
(0.417384 2.74036 0)
(0.380207 2.78896 0)
(0.348532 2.74644 0)
(0.297437 2.56251 0)
(0.196589 2.15668 0)
(0.0876127 1.67898 0)
(0.0148652 1.05285 0)
(0.00116759 -0.117895 0)
(0.0268623 -0.116488 0)
(0.0226499 0.155854 0)
(0.102044 0.944857 0)
(0.149021 1.45231 0)
(0.168243 1.63134 0)
(0.176634 1.65287 0)
(0.18226 1.62746 0)
(0.177933 1.55557 0)
(0.180704 1.49664 0)
(0.199833 1.51047 0)
(0.135034 1.71355 0)
(0.266749 2.36195 0)
(0.301676 2.75739 0)
(0.263572 2.85472 0)
(0.231922 2.84534 0)
(0.19776 2.72269 0)
(0.129272 2.39398 0)
(0.0515171 1.95428 0)
(0.00392578 1.23998 0)
(0.0033976 -0.175933 0)
(0.027039 -0.168402 0)
(0.0105611 0.14401 0)
(0.0334176 0.86567 0)
(0.0712286 1.40025 0)
(0.0938378 1.60258 0)
(0.109381 1.63756 0)
(0.12147 1.62118 0)
(0.125931 1.55674 0)
(0.128092 1.50217 0)
(0.156361 1.51908 0)
(0.0870016 1.69668 0)
(0.17524 2.32887 0)
(0.207538 2.77586 0)
(0.174692 2.90898 0)
(0.14474 2.92214 0)
(0.119332 2.83843 0)
(0.0706986 2.55285 0)
(0.0169086 2.11508 0)
(-0.00747406 1.30231 0)
(0.00355679 -0.212011 0)
(0.0119013 -0.186861 0)
(-0.00915665 0.179893 0)
(-0.0241153 0.84307 0)
(-0.00216467 1.36229 0)
(0.0187255 1.57508 0)
(0.044832 1.61807 0)
(0.0653616 1.60865 0)
(0.0820982 1.55096 0)
(0.0820543 1.50457 0)
(0.116039 1.52635 0)
(0.0555014 1.6845 0)
(0.113087 2.29887 0)
(0.136129 2.78932 0)
(0.106122 2.95201 0)
(0.0809802 2.98343 0)
(0.0646892 2.91633 0)
(0.0306672 2.65832 0)
(-0.000643067 2.21803 0)
(-0.0134611 1.29102 0)
(0.00107707 -0.219131 0)
(-0.0108308 -0.138238 0)
(-0.0456511 0.263746 0)
(-0.0707126 0.87642 0)
(-0.0608633 1.33734 0)
(-0.0403372 1.53932 0)
(-0.0107466 1.59051 0)
(0.01621 1.58816 0)
(0.0412605 1.5391 0)
(0.0413872 1.50126 0)
(0.0787541 1.53066 0)
(0.0312502 1.68087 0)
(0.0688002 2.28161 0)
(0.0823318 2.79742 0)
(0.0561593 2.98145 0)
(0.0383508 3.02499 0)
(0.0270417 2.97229 0)
(0.00344583 2.72747 0)
(-0.0205218 2.27177 0)
(-0.0164215 1.24917 0)
(-0.00484657 -0.177309 0)
(-0.0281608 -0.0493563 0)
(-0.0693144 0.358909 0)
(-0.0983879 0.918053 0)
(-0.095543 1.30989 0)
(-0.0765207 1.49208 0)
(-0.0476969 1.5506 0)
(-0.0207329 1.56105 0)
(0.00759528 1.52197 0)
(0.0106066 1.49031 0)
(0.0476715 1.52939 0)
(0.0112438 1.67741 0)
(0.037712 2.26866 0)
(0.0429075 2.80173 0)
(0.0211653 3.00193 0)
(0.00557875 3.05592 0)
(-0.0050877 3.00536 0)
(-0.0204678 2.761 0)
(-0.0328232 2.26887 0)
(-0.018379 1.1599 0)
(-0.00740935 -0.10831 0)
(-0.0345496 0.06067 0)
(-0.077164 0.454238 0)
(-0.106057 0.956151 0)
(-0.106428 1.28554 0)
(-0.0897631 1.4479 0)
(-0.0649166 1.51041 0)
(-0.0423715 1.52964 0)
(-0.012672 1.50039 0)
(-0.0108286 1.47497 0)
(0.0239301 1.52752 0)
(-0.00563843 1.67954 0)
(0.0135243 2.26154 0)
(0.0128982 2.80614 0)
(-0.00288976 3.01806 0)
(-0.0149001 3.07844 0)
(-0.024276 3.03092 0)
(-0.0351605 2.78249 0)
(-0.0388504 2.24978 0)
(-0.0208996 1.04953 0)
(-0.00761854 -0.0306292 0)
(-0.0339638 0.175529 0)
(-0.0745828 0.547272 0)
(-0.101787 0.99078 0)
(-0.103442 1.26708 0)
(-0.0903002 1.4101 0)
(-0.0704881 1.47309 0)
(-0.0520309 1.49732 0)
(-0.0234077 1.47836 0)
(-0.0251343 1.46156 0)
(0.00817004 1.52376 0)
(-0.0171415 1.67913 0)
(-0.00586564 2.26142 0)
(-0.00907507 2.81187 0)
(-0.020922 3.02984 0)
(-0.0296754 3.09221 0)
(-0.0377341 3.04366 0)
(-0.0452688 2.78417 0)
(-0.0417649 2.20887 0)
(-0.0188288 0.932531 0)
(-0.00627593 0.0404215 0)
(-0.0285249 0.278002 0)
(-0.0633368 0.625677 0)
(-0.0867307 1.02048 0)
(-0.0896169 1.26076 0)
(-0.0806737 1.38799 0)
(-0.067914 1.44736 0)
(-0.0539061 1.47139 0)
(-0.0299741 1.46121 0)
(-0.033671 1.45079 0)
(-0.00334558 1.52164 0)
(-0.0239893 1.68118 0)
(-0.0169392 2.25962 0)
(-0.0216289 2.81726 0)
(-0.0313726 3.04135 0)
(-0.0385139 3.10653 0)
(-0.0429796 3.05311 0)
(-0.048113 2.7776 0)
(-0.0401679 2.1497 0)
(-0.0135652 0.825061 0)
(-0.0042757 0.097307 0)
(-0.0212931 0.365762 0)
(-0.0495762 0.69647 0)
(-0.0692123 1.05026 0)
(-0.072987 1.26339 0)
(-0.0686939 1.37748 0)
(-0.0615963 1.43247 0)
(-0.0518846 1.45545 0)
(-0.0335882 1.4504 0)
(-0.0371156 1.44161 0)
(-0.0117531 1.51843 0)
(-0.0280505 1.6868 0)
(-0.0250637 2.2662 0)
(-0.0304516 2.82873 0)
(-0.0382576 3.0532 0)
(-0.0425888 3.11564 0)
(-0.0472106 3.05866 0)
(-0.0463431 2.76656 0)
(-0.0359692 2.09081 0)
(-0.00854633 0.737182 0)
(-0.00252878 0.136581 0)
(-0.0142933 0.430817 0)
(-0.0358219 0.750074 0)
(-0.0511168 1.07407 0)
(-0.0559463 1.27011 0)
(-0.0541171 1.37583 0)
(-0.0508355 1.42724 0)
(-0.0453544 1.44751 0)
(-0.0326504 1.44435 0)
(-0.0362486 1.43516 0)
(-0.0159188 1.51329 0)
(-0.0310166 1.68859 0)
(-0.0272881 2.27065 0)
(-0.035772 2.83655 0)
(-0.0423285 3.06295 0)
(-0.0465786 3.12428 0)
(-0.048502 3.05767 0)
(-0.0468539 2.74186 0)
(-0.0322872 2.0174 0)
(-0.00544167 0.663823 0)
(-0.00141379 0.162556 0)
(-0.00934383 0.480317 0)
(-0.0256581 0.7955 0)
(-0.0381423 1.09784 0)
(-0.0435561 1.27849 0)
(-0.0435588 1.37538 0)
(-0.0427798 1.42263 0)
(-0.0389872 1.44177 0)
(-0.0299788 1.43975 0)
(-0.0339011 1.43117 0)
(-0.0180479 1.51153 0)
(-0.0330028 1.69372 0)
(-0.0321387 2.28022 0)
(-0.0391207 2.84707 0)
(-0.0453621 3.0719 0)
(-0.0489703 3.12977 0)
(-0.0480144 3.05464 0)
(-0.0455225 2.72053 0)
(-0.0285953 1.94801 0)
(-0.00277817 0.604776 0)
(-0.000763012 0.178337 0)
(-0.00588293 0.513708 0)
(-0.0181638 0.826726 0)
(-0.0268572 1.11547 0)
(-0.0333195 1.28703 0)
(-0.0341866 1.37743 0)
(-0.0350256 1.4209 0)
(-0.0331713 1.43786 0)
(-0.0254626 1.43587 0)
(-0.031433 1.42945 0)
(-0.0185998 1.51191 0)
(-0.0331477 1.69743 0)
(-0.0351991 2.28748 0)
(-0.042012 2.8562 0)
(-0.0477946 3.07716 0)
(-0.0492473 3.12958 0)
(-0.0463983 3.04727 0)
(-0.0411387 2.68707 0)
(-0.0238306 1.87632 0)
(-0.000343221 0.556826 0)
(-0.000498291 0.189104 0)
(-0.00396681 0.540097 0)
(-0.0137631 0.854146 0)
(-0.0207413 1.13219 0)
(-0.0256641 1.29672 0)
(-0.0274444 1.38057 0)
(-0.0298014 1.41931 0)
(-0.0277889 1.4343 0)
(-0.0219629 1.43392 0)
(-0.0294551 1.4292 0)
(-0.0190669 1.51368 0)
(-0.0331251 1.70543 0)
(-0.0379898 2.29426 0)
(-0.0457752 2.861 0)
(-0.0495011 3.07856 0)
(-0.0494137 3.12794 0)
(-0.0485452 3.03688 0)
(-0.0384884 2.65291 0)
(-0.0196476 1.80734 0)
(0.000896599 0.521467 0)
(-0.000315376 0.195516 0)
(-0.00251581 0.55713 0)
(-0.0100378 0.872446 0)
(-0.0144903 1.14081 0)
(-0.0177577 1.30418 0)
(-0.0201549 1.38546 0)
(-0.0229544 1.42136 0)
(-0.0233269 1.43332 0)
(-0.0190881 1.43352 0)
(-0.0280681 1.43012 0)
(-0.0192668 1.51496 0)
(-0.0306756 1.71522 0)
(-0.0411794 2.30535 0)
(-0.045287 2.86728 0)
(-0.0499974 3.07887 0)
(-0.0483643 3.12369 0)
(-0.0436344 3.0177 0)
(-0.0376709 2.60732 0)
(-0.0169308 1.7317 0)
(0.00137095 0.492597 0)
(-0.000270266 0.200638 0)
(-0.00182114 0.572044 0)
(-0.00790975 0.89021 0)
(-0.0125245 1.14831 0)
(-0.0132374 1.31013 0)
(-0.015724 1.38998 0)
(-0.0185835 1.42284 0)
(-0.0193254 1.43299 0)
(-0.0172978 1.43495 0)
(-0.0258607 1.4313 0)
(-0.0193703 1.51523 0)
(-0.0284743 1.72217 0)
(-0.0387732 2.31193 0)
(-0.0449783 2.87188 0)
(-0.0497647 3.07985 0)
(-0.0492349 3.12038 0)
(-0.0445402 3.0071 0)
(-0.0358892 2.58049 0)
(-0.0161412 1.67145 0)
(0.00300146 0.471676 0)
(-0.000279145 0.203704 0)
(-0.00151272 0.581224 0)
(-0.00609294 0.902321 0)
(-0.0100718 1.15184 0)
(-0.0103777 1.31332 0)
(-0.0121467 1.3941 0)
(-0.0139609 1.42622 0)
(-0.0172085 1.43531 0)
(-0.0160904 1.43645 0)
(-0.0241829 1.43435 0)
(-0.0200291 1.51593 0)
(-0.0272697 1.73445 0)
(-0.0405719 2.32426 0)
(-0.0470835 2.88115 0)
(-0.0514042 3.08169 0)
(-0.05228 3.11683 0)
(-0.0504396 2.98606 0)
(-0.0389686 2.52374 0)
(-0.0157737 1.58685 0)
(0.00284471 0.449459 0)
(-0.000353819 0.207681 0)
(-0.00160525 0.591519 0)
(-0.00548603 0.915614 0)
(-0.0103341 1.15762 0)
(-0.0103143 1.31534 0)
(-0.0111122 1.39622 0)
(-0.0123591 1.42839 0)
(-0.0163122 1.43719 0)
(-0.0146232 1.43824 0)
(-0.0228882 1.43682 0)
(-0.0209948 1.51512 0)
(-0.0222943 1.7421 0)
(-0.040292 2.33364 0)
(-0.0484468 2.89069 0)
(-0.0555893 3.0851 0)
(-0.0544158 3.11366 0)
(-0.052531 2.97375 0)
(-0.0419831 2.48939 0)
(-0.014394 1.5189 0)
(0.00193814 0.433243 0)
(-0.000461495 0.210766 0)
(-0.0018059 0.597963 0)
(-0.00465849 0.925179 0)
(-0.00907069 1.16319 0)
(-0.0100278 1.31658 0)
(-0.00995596 1.39733 0)
(-0.0101008 1.43159 0)
(-0.0167927 1.44169 0)
(-0.0157189 1.44005 0)
(-0.0244947 1.44143 0)
(-0.0262134 1.51387 0)
(-0.0203199 1.75386 0)
(-0.0451055 2.3531 0)
(-0.0473724 2.90128 0)
(-0.0588168 3.08772 0)
(-0.0585958 3.11078 0)
(-0.0519085 2.94978 0)
(-0.0474156 2.42472 0)
(-0.0138419 1.42485 0)
(0.00172195 0.411476 0)
(-0.000534011 0.215667 0)
(-0.00203541 0.606583 0)
(-0.00474187 0.934976 0)
(-0.00865902 1.16973 0)
(-0.00968964 1.31689 0)
(-0.00962656 1.3974 0)
(-0.0083457 1.43441 0)
(-0.013889 1.44497 0)
(-0.0144857 1.44243 0)
(-0.0251016 1.44586 0)
(-0.0304123 1.51013 0)
(-0.0186488 1.76143 0)
(-0.0446962 2.36767 0)
(-0.0573569 2.91252 0)
(-0.0673541 3.09318 0)
(-0.0690882 3.11016 0)
(-0.0646548 2.93388 0)
(-0.0440282 2.37831 0)
(-0.0168552 1.3579 0)
(0.00400149 0.395781 0)
(-0.000712596 0.219979 0)
(-0.00235495 0.612687 0)
(-0.00450532 0.942746 0)
(-0.00779393 1.17614 0)
(-0.00936196 1.31789 0)
(-0.00938127 1.3965 0)
(-0.00745754 1.43556 0)
(-0.0120792 1.44924 0)
(-0.015679 1.44719 0)
(-0.0279957 1.45551 0)
(-0.0323735 1.50869 0)
(-0.0250205 1.76922 0)
(-0.0493271 2.40071 0)
(-0.0649667 2.93524 0)
(-0.0765111 3.1006 0)
(-0.0714018 3.10597 0)
(-0.0677702 2.90171 0)
(-0.0495294 2.29044 0)
(-0.0144354 1.25162 0)
(0.00398886 0.37697 0)
(-0.000841542 0.226037 0)
(-0.0026424 0.62006 0)
(-0.00487066 0.948552 0)
(-0.0060556 1.18057 0)
(-0.00719674 1.31821 0)
(-0.00501821 1.3961 0)
(-0.0031746 1.4367 0)
(-0.00315313 1.459 0)
(-0.0124001 1.46001 0)
(-0.0247244 1.46067 0)
(-0.0303875 1.50814 0)
(-0.0310501 1.77353 0)
(-0.0521426 2.42004 0)
(-0.0716613 2.94412 0)
(-0.0800797 3.09954 0)
(-0.0758556 3.10181 0)
(-0.0638323 2.87649 0)
(-0.0502714 2.23717 0)
(-0.00794359 1.1742 0)
(0.00248221 0.368452 0)
(-0.000779086 0.2324 0)
(-0.00287767 0.627398 0)
(-0.00514559 0.953088 0)
(-0.00594204 1.18216 0)
(-0.00701713 1.31691 0)
(-0.00339533 1.39053 0)
(-0.00122543 1.43202 0)
(0.00436765 1.45562 0)
(-0.00139625 1.46071 0)
(-0.0153081 1.47006 0)
(-0.031719 1.51496 0)
(-0.0421351 1.78439 0)
(-0.0596664 2.4563 0)
(-0.0841808 2.95991 0)
(-0.0892141 3.09849 0)
(-0.0862042 3.08623 0)
(-0.0801493 2.82071 0)
(-0.0543564 2.11638 0)
(-0.00939423 1.05809 0)
(-0.00224773 0.348559 0)
(-0.000792312 0.238046 0)
(-0.00428733 0.633761 0)
(-0.00628767 0.957913 0)
(-0.00495737 1.18257 0)
(-0.00387087 1.31566 0)
(0.00462222 1.38808 0)
(0.00914521 1.43154 0)
(0.0226445 1.46305 0)
(0.0202091 1.48284 0)
(0.0036923 1.48106 0)
(-0.0237916 1.52284 0)
(-0.0535584 1.79661 0)
(-0.0719899 2.4787 0)
(-0.094835 2.97425 0)
(-0.093671 3.10069 0)
(-0.0908345 3.07648 0)
(-0.0820762 2.78958 0)
(-0.0493539 2.05742 0)
(-0.00782845 1.01509 0)
(-0.00712709 0.328731 0)
(-0.000501496 0.249232 0)
(-0.00236628 0.646906 0)
(-0.0041044 0.955973 0)
(-0.000588264 1.17051 0)
(0.00498162 1.29289 0)
(0.0199809 1.35679 0)
(0.0339362 1.39599 0)
(0.0616689 1.43062 0)
(0.0784489 1.46363 0)
(0.0911861 1.51499 0)
(0.0233648 1.58503 0)
(-0.0428583 1.83469 0)
(-0.0636986 2.51804 0)
(-0.086713 2.98673 0)
(-0.0874296 3.09886 0)
(-0.0815923 3.05654 0)
(-0.0687256 2.71346 0)
(-0.0397672 1.92274 0)
(-0.00652697 0.929236 0)
(-0.00601303 0.294649 0)
(-0.24285 1.58786 1.25015e-22)
(0.399335 3.24171 2.99188e-20)
(0.0927789 3.47074 5.45297e-20)
(0.2006 3.43828 0)
(0.161288 3.39123 0)
(0.155796 3.34353 -3.99223e-19)
(0.158154 3.31735 4.21352e-19)
(0.13068 3.27246 -4.36369e-19)
(0.11534 3.1771 8.00132e-21)
(0.100389 2.56722 5.93657e-19)
(-0.104933 2.33666 8.0533e-24)
(0.133772 3.29653 1.68421e-19)
(0.0114577 3.44091 0)
(0.0987725 3.39311 0)
(0.0748669 3.34655 1.18675e-20)
(0.0803 3.3085 8.27194e-19)
(0.0760574 3.27605 -4.60634e-19)
(0.0519328 3.24012 -7.72768e-21)
(0.0513928 3.08186 7.37439e-21)
(0.000857859 2.08512 0)
(-0.0274529 2.08005 1.93922e-19)
(0.0871865 3.14493 -2.04313e-19)
(0.0262437 3.34799 0)
(0.0736808 3.32622 3.8108e-19)
(0.0533959 3.30362 -1.39333e-21)
(0.0545505 3.28164 -4.29673e-19)
(0.0467231 3.26666 -5.31167e-19)
(0.0314353 3.2454 -2.18907e-22)
(0.0413059 3.11858 7.6189e-21)
(-0.0166225 2.21086 0)
(-0.0402335 2.02335 -5.19652e-20)
(0.0285785 3.12095 0)
(-0.0129046 3.31059 -2.00736e-19)
(0.0221953 3.30817 -1.66312e-19)
(0.0170212 3.2847 1.49317e-20)
(0.023413 3.26177 -2.76839e-19)
(0.0279217 3.24599 2.47464e-19)
(0.0219475 3.23341 -8.8352e-21)
(0.0423266 3.12501 1.17057e-20)
(0.00736027 2.24998 3.03337e-19)
(-0.0525405 2.02624 -1.56663e-19)
(0.0142262 3.0914 0)
(-0.00703223 3.26767 4.32704e-19)
(0.0123395 3.26252 -2.3881e-19)
(0.0145198 3.24858 -7.08914e-22)
(0.0175891 3.2376 -1.42063e-21)
(0.0214985 3.23342 -1.54978e-20)
(0.0222197 3.224 -3.1332e-19)
(0.0431687 3.12736 8.61753e-21)
(-0.00311148 2.31194 -6.34677e-19)
(-0.0498849 2.08677 0)
(-0.00989338 3.0868 -2.36994e-19)
(-0.0282468 3.24349 1.89043e-20)
(-0.0145065 3.24732 -1.6469e-20)
(-0.00515232 3.23255 1.68917e-20)
(0.00353283 3.21994 2.8051e-19)
(0.0161254 3.21103 2.93239e-19)
(0.0211404 3.20543 6.15784e-19)
(0.0427517 3.12396 3.40841e-19)
(0.0106478 2.35411 -1.66149e-20)
(-0.0511154 2.14102 0)
(-0.0196206 3.08235 2.45214e-19)
(-0.018794 3.21416 -2.57198e-19)
(-0.0113779 3.21289 -1.77643e-20)
(-0.000152657 3.20253 3.67252e-20)
(0.0077614 3.19589 3.69397e-22)
(0.0164809 3.19557 -1.97401e-20)
(0.0219423 3.19093 -3.21636e-19)
(0.0424154 3.12141 -3.31927e-19)
(0.00384087 2.41969 -1.72371e-20)
(-0.0478392 2.22948 2.81719e-19)
(-0.0285441 3.0858 -1.30876e-20)
(-0.031906 3.19414 9.03254e-21)
(-0.0235438 3.19558 0)
(-0.0132442 3.18567 0)
(-0.00130894 3.17797 0)
(0.0134737 3.17167 0)
(0.0206884 3.16937 3.57485e-19)
(0.0411378 3.11258 -3.6874e-19)
(0.0154052 2.46388 3.64352e-19)
(-0.0461109 2.30608 2.6625e-20)
(-0.0329869 3.08485 2.99223e-19)
(-0.0210082 3.16963 0)
(-0.0146831 3.16542 -2.01614e-20)
(-0.0040264 3.15768 2.06198e-20)
(0.00533287 3.15321 0)
(0.014727 3.15423 -1.11703e-20)
(0.0207489 3.15271 -3.46966e-19)
(0.040194 3.10929 3.69706e-19)
(0.0103962 2.53302 0)
(-0.0439004 2.40405 1.59181e-20)
(-0.0359617 3.08625 -4.58642e-19)
(-0.0300267 3.14984 0)
(-0.022544 3.14696 0)
(-0.0136565 3.1392 2.20791e-20)
(-0.0021765 3.13365 -1.86169e-19)
(0.0117397 3.12891 -2.32925e-20)
(0.0191762 3.12935 1.98331e-19)
(0.0385164 3.09614 0)
(0.0192712 2.58106 0)
(-0.0395665 2.49032 -4.84167e-19)
(-0.0384935 3.08226 1.64139e-19)
(-0.0205601 3.12421 0)
(-0.0131334 3.11618 0)
(-0.00355003 3.1095 0)
(0.00554447 3.10655 3.83156e-19)
(0.0142268 3.10885 0)
(0.0201664 3.11056 -2.11586e-19)
(0.0378887 3.09049 1.30662e-20)
(0.0149237 2.65379 2.21124e-19)
(-0.0380621 2.58941 1.72527e-19)
(-0.0402254 3.07537 -1.67582e-20)
(-0.029703 3.10117 2.00663e-19)
(-0.0211783 3.095 1.94984e-19)
(-0.0124319 3.08844 0)
(-0.00081365 3.08421 -1.9676e-19)
(0.0126398 3.0812 0)
(0.0210315 3.08452 0)
(0.0384683 3.07217 0)
(0.0223311 2.70642 -2.2215e-19)
(-0.034673 2.6783 -1.82105e-19)
(-0.0429095 3.06237 1.88043e-19)
(-0.0233344 3.07193 -1.89153e-19)
(-0.0132168 3.06205 -2.97999e-19)
(-0.00290835 3.0569 0)
(0.00715 3.05545 2.66394e-20)
(0.0166497 3.05885 -1.36001e-20)
(0.0248209 3.06306 1.01293e-19)
(0.0417329 3.06163 1.25777e-19)
(0.0208081 2.78042 -1.29436e-19)
(-0.0349179 2.7723 1.86854e-19)
(-0.0468126 3.04452 -1.80669e-19)
(-0.032816 3.04566 1.28609e-20)
(-0.020781 3.04035 7.58238e-20)
(-0.0110241 3.03632 -1.08718e-19)
(0.000352048 3.03383 0)
(0.0140151 3.03189 1.16826e-19)
(0.0256541 3.03561 4.95043e-21)
(0.0446012 3.0366 -2.43364e-19)
(0.0287007 2.83262 -6.55147e-21)
(-0.0292336 2.85539 -5.3192e-20)
(-0.0436472 3.02206 1.30187e-20)
(-0.0229859 3.01791 -6.75536e-20)
(-0.011064 3.01451 2.7625e-20)
(-0.00220015 3.0141 1.32529e-19)
(0.00626874 3.01344 -5.6285e-20)
(0.0142711 3.01438 -5.60747e-20)
(0.0233585 3.01696 -5.82932e-20)
(0.0418412 3.02183 1.24938e-19)
(0.0247946 2.9003 6.11528e-20)
(-0.0177615 2.9399 4.2763e-20)
(-0.0262797 3.00012 1.89014e-20)
(-0.0162319 3.00069 3.72298e-20)
(-0.00942864 3.00169 -7.62568e-20)
(-0.00414111 3.00264 2.57928e-20)
(0.000660542 3.00217 5.24341e-20)
(0.0055827 3.00062 -5.46907e-20)
(0.0107206 2.99898 -5.71658e-20)
(0.0218062 2.99715 7.72985e-21)
(0.0165363 2.94915 5.4841e-20)
)
;

boundaryField
{
    wall-4
    {
        type            noSlip;
    }
    pressure-outlet-7
    {
        type            zeroGradient;
    }
    velocity-inlet-6
    {
        type            fixedValue;
        value           uniform (0 3 0);
    }
    velocity-inlet-5
    {
        type            fixedValue;
        value           uniform (1 0 0);
    }
    frontAndBackPlanes
    {
        type            empty;
    }
}


// ************************************************************************* //
