/*--------------------------------*- C++ -*----------------------------------*\
| =========                 |                                                 |
| \\      /  F ield         | OpenFOAM: The Open Source CFD Toolbox           |
|  \\    /   O peration     | Version:  4.0                                   |
|   \\  /    A nd           | Web:      www.OpenFOAM.org                      |
|    \\/     M anipulation  |                                                 |
\*---------------------------------------------------------------------------*/
FoamFile
{
    version     2.0;
    format      ascii;
    class       volScalarField;
    location    "10";
    object      p;
}
// * * * * * * * * * * * * * * * * * * * * * * * * * * * * * * * * * * * * * //

dimensions      [0 2 -2 0 0 0 0];

internalField   nonuniform List<scalar> 
8800
(
0.432112
0.384405
0.345865
0.317024
0.296343
0.281714
0.271352
0.264095
0.259423
0.257361
0.258337
0.262108
0.268295
0.277177
0.289598
0.307045
0.331589
0.365347
0.407698
0.46639
0.263133
0.270822
0.278668
0.28207
0.280732
0.275901
0.269713
0.26392
0.259408
0.256627
0.256179
0.258326
0.262343
0.267801
0.274102
0.279979
0.283333
0.282444
0.276717
0.267804
0.241123
0.247399
0.251832
0.25516
0.257591
0.258572
0.257797
0.255943
0.25403
0.253023
0.253721
0.2557
0.258017
0.259678
0.259757
0.258056
0.255232
0.2514
0.246603
0.242803
0.2351
0.237885
0.241104
0.244014
0.246051
0.247479
0.248467
0.248858
0.248776
0.248754
0.249125
0.249718
0.249967
0.249509
0.248462
0.246889
0.244504
0.241326
0.238521
0.237022
0.229548
0.231032
0.233739
0.236767
0.239389
0.241377
0.242699
0.243565
0.244113
0.244475
0.244811
0.244932
0.244632
0.243851
0.242409
0.24023
0.237469
0.234484
0.232505
0.231818
0.226787
0.227485
0.229326
0.2315
0.233591
0.235567
0.237306
0.238668
0.239639
0.240306
0.240613
0.240468
0.239809
0.238608
0.23698
0.23512
0.233063
0.230997
0.229774
0.229526
0.225777
0.226116
0.227072
0.228289
0.229629
0.230988
0.232294
0.233532
0.234611
0.235427
0.235802
0.235662
0.235104
0.234259
0.233246
0.232022
0.230923
0.229861
0.229262
0.229147
0.224209
0.224381
0.22491
0.225712
0.22663
0.227677
0.228908
0.230118
0.23123
0.232153
0.232651
0.232631
0.232209
0.231511
0.230741
0.230027
0.22934
0.228748
0.22845
0.228391
0.221706
0.22179
0.2221
0.22262
0.223228
0.223974
0.224854
0.22586
0.226919
0.227921
0.228595
0.228823
0.228723
0.228422
0.228136
0.227776
0.227411
0.22709
0.226949
0.226921
0.218712
0.21876
0.218988
0.219413
0.219948
0.220632
0.221423
0.222369
0.223441
0.224566
0.225462
0.225956
0.226138
0.226129
0.225972
0.225755
0.225515
0.225323
0.225252
0.225238
0.21539
0.21542
0.21558
0.215894
0.21633
0.216909
0.217661
0.218615
0.219773
0.221083
0.222255
0.223038
0.223486
0.223705
0.223777
0.223758
0.223688
0.223623
0.223604
0.223594
0.211702
0.211727
0.211857
0.212118
0.212515
0.213076
0.213848
0.214875
0.216183
0.217756
0.219269
0.220378
0.221106
0.221557
0.221813
0.221944
0.221998
0.22202
0.222032
0.222024
0.2076
0.207626
0.207751
0.208003
0.208401
0.208994
0.209844
0.211016
0.212565
0.214497
0.216431
0.217923
0.218946
0.219632
0.220069
0.220336
0.220492
0.220577
0.220613
0.220606
0.203036
0.203059
0.203201
0.203479
0.203925
0.204602
0.205594
0.206991
0.208875
0.211274
0.213726
0.215657
0.217051
0.217992
0.218614
0.219011
0.219255
0.219393
0.219449
0.219441
0.197949
0.197975
0.198143
0.19847
0.199001
0.199816
0.201021
0.202735
0.205069
0.208075
0.211187
0.213679
0.215464
0.216698
0.217523
0.218057
0.21839
0.218581
0.218657
0.218648
0.192219
0.192251
0.192459
0.192863
0.19352
0.194531
0.19603
0.19817
0.201097
0.20488
0.208813
0.211971
0.21425
0.215831
0.216893
0.217584
0.218016
0.218264
0.218363
0.218352
0.185688
0.185729
0.185993
0.186503
0.187334
0.188612
0.190506
0.19321
0.196905
0.201679
0.20664
0.210623
0.2135
0.215499
0.216844
0.21772
0.21827
0.218585
0.21871
0.218696
0.178142
0.178196
0.178535
0.17919
0.180255
0.181891
0.184308
0.187749
0.192436
0.198469
0.204714
0.209716
0.213327
0.215835
0.217522
0.218623
0.219313
0.219708
0.219865
0.219847
0.169288
0.169359
0.1698
0.170652
0.172037
0.174153
0.177262
0.181666
0.18763
0.195255
0.203101
0.209359
0.213867
0.216998
0.219104
0.220477
0.221336
0.221827
0.222022
0.222001
0.158716
0.158812
0.159393
0.160519
0.162352
0.165132
0.169153
0.174813
0.182423
0.192058
0.201886
0.209683
0.215289
0.21918
0.221799
0.223505
0.224571
0.225177
0.225417
0.225391
0.145858
0.145986
0.146764
0.148276
0.150726
0.154373
0.159662
0.167016
0.176749
0.188909
0.201173
0.210842
0.217781
0.222601
0.225852
0.227973
0.229294
0.23004
0.230334
0.2303
0.129913
0.130094
0.131155
0.133236
0.136565
0.141482
0.148489
0.158074
0.170555
0.185866
0.20109
0.213009
0.221556
0.227508
0.231541
0.234187
0.23584
0.236767
0.237128
0.237079
0.109706
0.10997
0.111472
0.114435
0.119073
0.125803
0.135231
0.147846
0.163855
0.183037
0.201789
0.216366
0.226831
0.234161
0.239169
0.24249
0.244586
0.245762
0.246206
0.246139
0.0833501
0.0837554
0.086036
0.0904933
0.0972147
0.106732
0.119651
0.136325
0.156785
0.180614
0.203461
0.221099
0.233806
0.242799
0.249034
0.253241
0.255952
0.257494
0.258075
0.257981
0.0475411
0.048281
0.0521915
0.0594656
0.0697897
0.0837114
0.101631
0.123664
0.149607
0.178846
0.206295
0.227345
0.242602
0.253574
0.261361
0.26677
0.270374
0.272476
0.273274
0.27315
-0.00404059
-0.00185166
0.00622979
0.0192377
0.0359182
0.0566113
0.0814369
0.110265
0.142689
0.177979
0.210396
0.235103
0.253153
0.266399
0.276112
0.28318
0.288167
0.291307
0.292569
0.292393
-0.0818759
-0.0709232
-0.0523658
-0.0290599
-0.00283969
0.0268524
0.0601101
0.0967457
0.136355
0.178261
0.216116
0.244928
0.266261
0.282345
0.294659
0.304227
0.311654
0.316947
0.319616
0.32
-0.16473
-0.140706
-0.11121
-0.0775964
-0.041601
-0.00283779
0.03882
0.0833458
0.130478
0.179694
0.223984
0.257938
0.283518
0.303326
0.319067
0.331876
0.342407
0.351656
0.357251
0.357803
-0.228101
-0.201909
-0.164229
-0.122413
-0.0779811
-0.0309614
0.0186515
0.0707512
0.125076
0.181148
0.231282
0.269639
0.298561
0.321013
0.338858
0.353312
0.365077
0.374693
0.379822
0.380523
-0.279075
-0.250806
-0.208511
-0.160921
-0.110122
-0.0564311
-4.92627e-05
0.0587505
0.119598
0.181909
0.237131
0.278986
0.310218
0.334139
0.352847
0.367766
0.379798
0.389334
0.394596
0.395365
-0.319957
-0.291237
-0.245581
-0.193771
-0.138188
-0.0792229
-0.0172213
0.0473763
0.114
0.181879
0.241612
0.286435
0.319455
0.3444
0.363635
0.37873
0.390729
0.399994
0.405282
0.406076
-0.354428
-0.325467
-0.277609
-0.222471
-0.162985
-0.0996648
-0.0329408
0.0366808
0.108511
0.181554
0.245455
0.292921
0.327463
0.353206
0.372772
0.387914
0.399813
0.408848
0.414097
0.414928
-0.384559
-0.355573
-0.306054
-0.248276
-0.18559
-0.118572
-0.047703
0.0264225
0.102987
0.180788
0.248609
0.298613
0.334627
0.361149
0.381068
0.396303
0.408135
0.417043
0.422178
0.423014
-0.411801
-0.382772
-0.331929
-0.271975
-0.206622
-0.136452
-0.0619896
0.0161336
0.0970608
0.179457
0.251216
0.303843
0.341418
0.3688
0.389137
0.404521
0.416337
0.42516
0.430174
0.431022
-0.436971
-0.40786
-0.355947
-0.294195
-0.226599
-0.153747
-0.0761125
0.00566991
0.0907143
0.177595
0.253355
0.308773
0.348082
0.376468
0.39733
0.412938
0.424799
0.433522
0.438406
0.439305
-0.460765
-0.431486
-0.37866
-0.31537
-0.245841
-0.170635
-0.0901915
-0.0050939
0.0838056
0.175071
0.254981
0.31345
0.354752
0.384349
0.405882
0.421809
0.433765
0.442445
0.447181
0.448122
-0.483447
-0.453953
-0.400324
-0.335809
-0.264611
-0.187355
-0.104429
-0.0163256
0.0762078
0.171794
0.256014
0.317846
0.361469
0.392541
0.414937
0.43131
0.443435
0.452116
0.456713
0.457631
-0.505375
-0.475561
-0.421246
-0.355686
-0.283056
-0.204035
-0.118909
-0.0280818
0.0678416
0.167658
0.256327
0.321862
0.368185
0.401064
0.424568
0.441554
0.453963
0.462696
0.467162
0.468014
-0.526589
-0.496491
-0.441637
-0.375077
-0.301219
-0.22068
-0.133645
-0.0403867
0.0586628
0.162566
0.255787
0.325339
0.374779
0.409856
0.434781
0.452597
0.465431
0.474281
0.478643
0.479341
-0.547164
-0.516785
-0.461442
-0.394013
-0.319127
-0.237302
-0.148629
-0.0532406
0.0486599
0.15644
0.254237
0.32807
0.381052
0.4188
0.445533
0.464453
0.477868
0.486931
0.491228
0.491718
-0.567151
-0.536317
-0.480672
-0.412503
-0.336759
-0.253861
-0.163812
-0.066589
0.0378476
0.14924
0.251513
0.329811
0.38675
0.427691
0.456693
0.47706
0.491265
0.500613
0.504866
0.505131
-0.586577
-0.555476
-0.49927
-0.430509
-0.354059
-0.270289
-0.179118
-0.0803636
0.0262778
0.140954
0.247504
0.330326
0.391532
0.436169
0.468021
0.490277
0.505552
0.515296
0.519438
0.519484
-0.605268
-0.573873
-0.517231
-0.447979
-0.370968
-0.286509
-0.194465
-0.0944669
0.0140392
0.131618
0.242133
0.329374
0.39498
0.443779
0.479222
0.503997
0.520635
0.530748
0.534661
0.534455
-0.623218
-0.591545
-0.534525
-0.464863
-0.387417
-0.302452
-0.20975
-0.108797
0.00123393
0.121297
0.235353
0.326729
0.396715
0.450026
0.489823
0.518103
0.536657
0.546974
0.550272
0.549736
-0.64046
-0.608462
-0.551119
-0.481109
-0.403336
-0.318032
-0.224881
-0.123238
-0.0120167
0.110093
0.227173
0.32226
0.396366
0.454239
0.499082
0.532256
0.55404
0.564373
0.565767
0.564661
-0.656853
-0.624578
-0.566945
-0.496662
-0.41867
-0.333169
-0.239762
-0.137676
-0.0255838
0.0981497
0.217697
0.315871
0.393627
0.455629
0.505678
0.545306
0.573157
0.585455
0.582499
0.579062
-0.672487
-0.63992
-0.582019
-0.511538
-0.433459
-0.34791
-0.254451
-0.152174
-0.0395353
0.0854093
0.206828
0.307431
0.388227
0.453372
0.507887
0.554813
0.592336
0.614505
0.611623
0.586906
-0.687319
-0.654515
-0.596452
-0.525899
-0.447955
-0.362555
-0.269338
-0.167201
-0.054414
0.0712127
0.193878
0.296055
0.379294
0.446399
0.502571
0.554784
0.599731
0.624463
0.6137
0.584309
-0.701237
-0.668473
-0.610074
-0.539514
-0.461882
-0.376777
-0.284188
-0.182422
-0.0698664
0.0559117
0.179066
0.281709
0.36655
0.4346
0.486101
0.53585
0.572716
0.582461
0.517288
0.470499
-0.713635
-0.682216
-0.622453
-0.551816
-0.474657
-0.390179
-0.298739
-0.197658
-0.0857323
0.0396668
0.162526
0.264487
0.349374
0.419162
0.460878
0.488294
0.509579
0.470091
0.391374
0.339058
-0.765994
-0.692388
-0.633675
-0.564217
-0.487634
-0.404019
-0.313116
-0.21317
-0.102342
0.0220911
0.143856
0.24416
0.326115
0.400036
0.419812
0.418216
0.388965
0.318987
0.226631
0.175607
-0.719787
-0.706308
-0.648919
-0.581702
-0.505781
-0.423314
-0.33438
-0.236198
-0.127175
-0.0046031
0.113685
0.208612
0.282539
0.3429
0.352141
0.218629
0.0905583
0.00205691
-0.0893524
-0.0370644
-0.746092
-0.719105
-0.662699
-0.595177
-0.52006
-0.438505
-0.350211
-0.253624
-0.146251
-0.0253983
0.0898894
0.178896
0.244395
0.277219
0.217613
0.0316429
-0.139796
-0.261187
-0.394981
-0.304195
-0.765038
-0.734074
-0.677952
-0.610065
-0.535473
-0.454765
-0.367513
-0.272746
-0.167534
-0.0492864
0.0625216
0.1449
0.199365
0.204322
0.0692288
-0.182583
-0.397141
-0.561871
-0.753262
-0.667121
-0.782525
-0.749967
-0.693026
-0.624809
-0.550586
-0.470763
-0.385035
-0.292186
-0.189359
-0.0737228
0.0342558
0.10922
0.14916
0.110718
-0.108137
-0.406218
-0.687125
-0.933721
-1.21303
-1.17896
-0.798286
-0.765734
-0.708178
-0.639784
-0.565978
-0.487149
-0.403084
-0.312497
-0.212306
-0.0990734
0.00517512
0.0718061
0.0927548
0.000524942
-0.283267
-0.617998
-0.964536
-1.28437
-1.65963
-2.03056
-0.813379
-0.781189
-0.723578
-0.655242
-0.58189
-0.504111
-0.421771
-0.333611
-0.236147
-0.125593
-0.024864
0.0327949
0.0329775
-0.11395
-0.444353
-0.790355
-1.15529
-1.47041
-1.61542
-1.8505
-0.828415
-0.79657
-0.739241
-0.671234
-0.598488
-0.521953
-0.441662
-0.356442
-0.262328
-0.154745
-0.0572782
-0.00934112
-0.0324158
-0.248136
-0.591585
-0.91873
-1.23045
-1.45078
-1.49594
-1.53122
-0.843636
-0.812105
-0.755107
-0.687555
-0.615631
-0.540595
-0.462795
-0.381195
-0.291238
-0.18669
-0.0909922
-0.0531135
-0.11035
-0.384154
-0.731143
-1.02526
-1.26655
-1.42196
-1.44437
-1.44191
-0.859117
-0.827755
-0.770983
-0.703988
-0.633025
-0.559799
-0.485016
-0.407854
-0.32291
-0.221941
-0.126831
-0.0974047
-0.193404
-0.514645
-0.872588
-1.14752
-1.28718
-1.34862
-1.38565
-1.39252
-0.87458
-0.843246
-0.786648
-0.720192
-0.650367
-0.579268
-0.508084
-0.43625
-0.357893
-0.261313
-0.164263
-0.14176
-0.280243
-0.654022
-1.02096
-1.32463
-1.31438
-1.34067
-1.41613
-1.43438
-0.889574
-0.858161
-0.801665
-0.73574
-0.667164
-0.598505
-0.531527
-0.466231
-0.396812
-0.306638
-0.20539
-0.183041
-0.362539
-0.807732
-1.20269
-1.64724
-1.79003
-1.64741
-1.59733
-1.58843
-0.903295
-0.871882
-0.815431
-0.750023
-0.682723
-0.61685
-0.554725
-0.497907
-0.440656
-0.360859
-0.253658
-0.227619
-0.450757
-0.946968
-1.37889
-1.809
-1.91719
-1.7476
-1.69463
-1.67111
-0.915166
-0.883651
-0.827216
-0.762305
-0.696553
-0.633357
-0.576902
-0.530549
-0.491098
-0.432457
-0.324804
-0.293793
-0.561866
-1.03536
-1.3367
-1.43241
-1.49598
-1.56992
-1.64256
-1.66152
-0.924283
-0.892595
-0.836143
-0.771699
-0.70715
-0.646972
-0.596861
-0.56374
-0.551757
-0.536594
-0.456702
-0.432589
-0.706361
-1.15518
-1.45923
-1.51628
-1.61965
-1.72731
-1.79869
-1.83542
-0.929635
-0.897662
-0.841159
-0.777084
-0.713646
-0.656306
-0.613028
-0.596281
-0.623606
-0.69962
-0.714858
-0.67737
-0.928276
-1.39694
-1.94077
-2.39912
-2.57603
-2.53632
-2.40234
-2.33956
-0.930068
-0.897808
-0.841217
-0.777343
-0.714682
-0.659651
-0.622946
-0.624609
-0.706456
-0.948026
-1.17285
-1.07182
-1.18663
-1.60289
-2.2451
-2.99076
-3.23823
-3.05283
-2.75772
-2.62336
-0.924725
-0.892008
-0.835272
-0.771376
-0.708914
-0.655179
-0.623423
-0.642779
-0.789674
-1.2679
-1.82864
-1.54437
-1.28253
-1.36717
-1.67326
-2.08466
-2.16989
-1.90896
-1.5934
-1.45248
-0.912855
-0.879531
-0.822523
-0.758226
-0.695187
-0.641056
-0.61108
-0.640707
-0.838666
-1.53122
-2.47532
-1.84526
-1.10826
-0.521154
-0.120738
0.0782762
0.204956
0.406279
0.548758
0.59973
-0.893798
-0.859941
-0.802382
-0.737378
-0.672914
-0.61621
-0.582149
-0.607552
-0.807329
-1.53552
-2.51048
-1.61704
-0.578569
0.332114
0.96308
1.40016
1.66096
1.76098
1.8005
1.80906
-0.867033
-0.832921
-0.774906
-0.709024
-0.642295
-0.580881
-0.536913
-0.53937
-0.673989
-1.17699
-1.69224
-0.845749
0.0400118
0.80895
1.32248
1.65593
1.83803
1.9249
1.96095
1.96766
-0.832472
-0.798592
-0.740506
-0.673744
-0.604588
-0.53747
-0.480288
-0.449652
-0.484905
-0.655221
-0.67553
-0.0961041
0.508531
0.996484
1.31483
1.5228
1.64847
1.72185
1.75953
1.76733
-0.789819
-0.75639
-0.699438
-0.632441
-0.561512
-0.489421
-0.419976
-0.359025
-0.313823
-0.267279
-0.0864767
0.284939
0.682589
0.982468
1.18351
1.32059
1.41302
1.47481
1.50736
1.51189
-0.735712
-0.70489
-0.651361
-0.5853
-0.514172
-0.43948
-0.361911
-0.281219
-0.19164
-0.063903
0.149331
0.414085
0.670244
0.869006
1.01198
1.11517
1.19001
1.24314
1.2703
1.27809
-0.670989
-0.643181
-0.594029
-0.53129
-0.462651
-0.388404
-0.30821
-0.219201
-0.113115
0.0317912
0.223303
0.421594
0.596395
0.734795
0.839902
0.919475
0.979287
1.02167
1.0462
1.05425
-0.58921
-0.570977
-0.525322
-0.468535
-0.405008
-0.335464
-0.258011
-0.169827
-0.064223
0.0718804
0.230775
0.379188
0.50203
0.598451
0.672534
0.72962
0.773853
0.806219
0.825291
0.830214
-0.477744
-0.468709
-0.436535
-0.391015
-0.338331
-0.278738
-0.210531
-0.131226
-0.035745
0.0833053
0.215049
0.332533
0.426935
0.499697
0.554524
0.594978
0.624553
0.646617
0.660504
0.663663
-0.360024
-0.356359
-0.335711
-0.303738
-0.264792
-0.218366
-0.162857
-0.0962458
-0.0147298
0.0862893
0.194615
0.288382
0.361983
0.417343
0.457689
0.486402
0.506199
0.519092
0.525249
0.526643
-0.247499
-0.245528
-0.234695
-0.215368
-0.189735
-0.156769
-0.114987
-0.062152
0.0043168
0.0872304
0.175061
0.24939
0.30646
0.348375
0.377934
0.398005
0.410912
0.418559
0.422216
0.422685
-0.149318
-0.149198
-0.144807
-0.13521
-0.120535
-0.099383
-0.0699914
-0.0303012
0.0218061
0.0881613
0.158451
0.217129
0.261175
0.292756
0.31443
0.328439
0.336926
0.341576
0.343463
0.343508
-0.0738756
-0.0746438
-0.0745338
-0.0717336
-0.0646969
-0.0518917
-0.0319021
-0.00286029
0.0369203
0.0888396
0.144081
0.189852
0.22377
0.24754
0.263237
0.273069
0.278809
0.281651
0.282641
0.282556
-0.0228662
-0.0237886
-0.0255782
-0.0260805
-0.0234865
-0.0162573
-0.00289201
0.0180272
0.048136
0.0882696
0.131257
0.16665
0.192452
0.210267
0.221972
0.229115
0.232933
0.234619
0.23513
0.235005
0.0087711
0.00803237
0.00626912
0.00509947
0.00597841
0.0100694
0.0187792
0.0336936
0.0561497
0.0868226
0.119926
0.147137
0.166932
0.180424
0.18896
0.193948
0.196534
0.197548
0.197778
0.19766
0.0277605
0.0272821
0.0260492
0.025094
0.0255436
0.0283325
0.0344809
0.0452016
0.0618009
0.0850524
0.110439
0.131249
0.146148
0.156098
0.162359
0.165957
0.167707
0.16829
0.168372
0.168274
0.039427
0.039133
0.0383703
0.0377616
0.0380626
0.0399898
0.0444383
0.0524146
0.0648619
0.0824071
0.101642
0.117391
0.128658
0.136198
0.140855
0.143448
0.144655
0.145011
0.145035
0.144956
0.0467068
0.0465242
0.0460448
0.045686
0.0459808
0.047433
0.0506814
0.0565379
0.0658439
0.0791147
0.0937377
0.105712
0.114225
0.119831
0.123249
0.125131
0.12598
0.126202
0.126201
0.126137
0.0508931
0.0507754
0.0504528
0.0502233
0.0504791
0.0515978
0.0540655
0.0584746
0.0654568
0.075451
0.0864897
0.0955095
0.101898
0.106093
0.108633
0.110005
0.110601
0.110734
0.110719
0.110666
0.052725
0.0526465
0.0524261
0.0522787
0.052494
0.0533469
0.0552002
0.0585137
0.0637781
0.0713199
0.0796584
0.0864661
0.0912746
0.0944092
0.0962876
0.0972875
0.0977056
0.0977838
0.0977619
0.0977191
0.0527923
0.0527387
0.0525925
0.0525068
0.0526952
0.0533616
0.0547753
0.0572797
0.0612464
0.0669334
0.0732211
0.078345
0.0819482
0.0842854
0.0856749
0.0864032
0.0866963
0.0867381
0.0867133
0.0866784
0.0515609
0.0515225
0.0514242
0.0513771
0.0515367
0.0520549
0.0531334
0.0550302
0.0580266
0.0623138
0.0670496
0.070902
0.0736025
0.0753455
0.0763733
0.0769045
0.07711
0.0771302
0.0771056
0.077077
0.0493676
0.0493388
0.0492709
0.049246
0.0493781
0.0497801
0.050603
0.0520401
0.0543013
0.0575341
0.0610983
0.063991
0.0660119
0.0673094
0.0680688
0.0684551
0.0685978
0.0686036
0.06858
0.0685567
0.0464519
0.0464297
0.0463802
0.0463662
0.0464719
0.0467816
0.0474077
0.0484947
0.0502003
0.0526344
0.0553132
0.0574818
0.0589918
0.0599561
0.0605154
0.0607953
0.0608936
0.0608909
0.0608693
0.0608505
0.0429875
0.04297
0.0429325
0.042923
0.0430042
0.0432394
0.043713
0.0445331
0.0458176
0.0476468
0.0496576
0.0512798
0.0524047
0.0531201
0.0535314
0.0537332
0.0537994
0.0537911
0.0537717
0.0537566
0.0391058
0.0390917
0.0390622
0.039054
0.0391144
0.0392907
0.0396463
0.040262
0.0412255
0.0425971
0.0441011
0.0453111
0.0461478
0.0466761
0.046977
0.0471213
0.0471647
0.0471536
0.0471365
0.0471245
0.034906
0.0348948
0.0348709
0.0348625
0.0349056
0.0350356
0.0353002
0.0357597
0.0364793
0.037503
0.0386228
0.0395222
0.0401413
0.0405298
0.040748
0.0408498
0.0408772
0.0408649
0.04085
0.0408403
0.0304641
0.0304551
0.0304353
0.0304265
0.0304559
0.0305502
0.0307448
0.0310842
0.031617
0.0323754
0.0332047
0.0338684
0.0343226
0.0346049
0.0347616
0.0348323
0.0348481
0.0348354
0.0348226
0.034815
0.0258398
0.0258323
0.0258156
0.0258063
0.0258249
0.0258915
0.0260321
0.0262797
0.0266696
0.0272242
0.02783
0.0283135
0.0286428
0.0288459
0.0289568
0.0290048
0.0290127
0.0290004
0.0289894
0.0289835
0.0210799
0.0210738
0.0210596
0.0210499
0.0210603
0.0211053
0.0212036
0.0213794
0.0216582
0.0220565
0.0224913
0.0228371
0.0230713
0.0232142
0.0232899
0.0233202
0.023322
0.0233099
0.0233004
0.0232956
0.0162182
0.0162133
0.0162011
0.0161913
0.0161953
0.0162236
0.0162895
0.0164097
0.0166014
0.0168767
0.0171772
0.0174157
0.0175761
0.0176722
0.0177212
0.0177386
0.0177362
0.0177247
0.0177164
0.0177128
0.0112821
0.0112782
0.0112682
0.0112588
0.0112584
0.0112742
0.0113151
0.0113916
0.0115148
0.0116907
0.0118828
0.0120343
0.0121348
0.0121941
0.0122231
0.0122314
0.0122267
0.0122165
0.0122098
0.0122072
0.00629384
0.00629119
0.00628317
0.00627495
0.00627233
0.00627907
0.00629958
0.00633914
0.00640382
0.00649653
0.00659769
0.00667738
0.00673056
0.00676168
0.00677578
0.00677774
0.006772
0.00676319
0.00675798
0.00675637
0.00126461
0.00126398
0.00126182
0.00125828
0.00125658
0.00125691
0.00125913
0.00126468
0.00127449
0.00128955
0.00130921
0.00132765
0.00134069
0.00134859
0.00135246
0.00135358
0.0013531
0.00135028
0.00134687
0.00134557
-0.861925
-0.596656
-0.303161
-0.0688082
0.121028
0.274931
0.406211
0.517406
0.570076
0.546888
-0.390367
-0.214221
-0.0329027
0.122017
0.253504
0.364268
0.455031
0.520455
0.55477
0.565102
-0.0766077
0.0382873
0.157886
0.264138
0.356013
0.433245
0.494744
0.539627
0.570521
0.586902
0.13798
0.215602
0.299035
0.374054
0.439397
0.494647
0.539585
0.574633
0.601683
0.618961
0.296993
0.352691
0.41113
0.466342
0.515015
0.557068
0.592467
0.621212
0.644196
0.661414
0.421894
0.462664
0.508029
0.551183
0.590135
0.624565
0.654185
0.678597
0.698135
0.715165
0.526886
0.560001
0.599247
0.635949
0.66988
0.700326
0.726643
0.748195
0.76484
0.781804
0.623285
0.655226
0.692493
0.72735
0.7594
0.788019
0.812528
0.832201
0.846354
0.863385
0.723342
0.758228
0.796842
0.832166
0.863731
0.891218
0.914203
0.932235
0.944664
0.962107
0.841224
0.880095
0.919915
0.955282
0.985546
1.01108
1.0321
1.04848
1.06034
1.07848
0.987999
1.02722
1.06399
1.09528
1.12157
1.14415
1.16362
1.17948
1.19215
1.21022
1.16421
1.19615
1.22273
1.24551
1.26582
1.28487
1.30284
1.31952
1.33505
1.35318
1.35347
1.37088
1.38617
1.40261
1.41867
1.43337
1.44674
1.46079
1.47842
1.49862
1.53554
1.54514
1.55684
1.56781
1.57718
1.58683
1.59774
1.6092
1.62064
1.63603
1.74299
1.74666
1.73172
1.71702
1.71097
1.71673
1.73525
1.76559
1.79776
1.82442
2.04938
1.91457
1.83805
1.79573
1.77823
1.78229
1.80971
1.86614
1.96883
2.19322
0.32268
0.320639
0.316185
0.307716
0.295696
0.283812
0.27385
0.266194
0.260751
0.257547
0.257036
0.259402
0.26406
0.270829
0.279791
0.290949
0.303291
0.314078
0.32008
0.323025
0.246845
0.252754
0.259135
0.263909
0.266643
0.266593
0.264146
0.260641
0.257373
0.255172
0.254843
0.256662
0.259815
0.263567
0.266889
0.268362
0.267058
0.263223
0.257824
0.251144
0.237908
0.240205
0.243954
0.247408
0.249925
0.251808
0.252917
0.252907
0.252064
0.251217
0.251196
0.252209
0.253537
0.254305
0.253933
0.252515
0.250434
0.247551
0.243799
0.240668
0.232221
0.233265
0.235553
0.238656
0.24133
0.243216
0.244515
0.245428
0.245989
0.246281
0.246566
0.246865
0.246903
0.246481
0.24561
0.244209
0.242033
0.239118
0.236303
0.234695
0.227699
0.228112
0.229797
0.232531
0.235191
0.237648
0.239635
0.241001
0.24188
0.242452
0.24286
0.243075
0.242877
0.242149
0.24073
0.238645
0.236208
0.233553
0.231212
0.230319
0.226298
0.226465
0.227349
0.2289
0.230554
0.232095
0.233567
0.235007
0.236257
0.23721
0.237777
0.237824
0.237367
0.236479
0.235377
0.234081
0.232598
0.231069
0.229804
0.229384
0.225097
0.225173
0.225641
0.226535
0.227584
0.228775
0.230121
0.231409
0.232559
0.233538
0.234206
0.234386
0.234094
0.233436
0.23248
0.231517
0.230613
0.229739
0.229082
0.228878
0.223061
0.2231
0.223341
0.223872
0.224559
0.225272
0.226232
0.227322
0.22845
0.229504
0.230305
0.230631
0.230511
0.230107
0.229569
0.229148
0.228647
0.228155
0.227838
0.227745
0.220244
0.220258
0.22041
0.220793
0.221315
0.221981
0.222758
0.223631
0.224635
0.225699
0.22665
0.227226
0.227422
0.22739
0.227234
0.226835
0.226604
0.226306
0.226125
0.226084
0.217096
0.217103
0.217203
0.217485
0.217911
0.218455
0.219147
0.220008
0.221044
0.22222
0.223375
0.224216
0.22467
0.224859
0.224883
0.224799
0.224668
0.224518
0.224435
0.224418
0.213594
0.213598
0.213674
0.213887
0.214232
0.214714
0.215367
0.216229
0.217331
0.218665
0.220095
0.221256
0.222008
0.222457
0.222702
0.222808
0.222831
0.222813
0.222804
0.222802
0.209705
0.209704
0.209779
0.209966
0.210284
0.210759
0.21144
0.212381
0.213633
0.215218
0.217001
0.218537
0.219611
0.220315
0.220758
0.221024
0.221172
0.221249
0.221289
0.221298
0.205378
0.205375
0.205454
0.20565
0.205983
0.206497
0.207258
0.208341
0.209824
0.211754
0.21399
0.215986
0.217404
0.218408
0.219066
0.219487
0.219746
0.219899
0.219977
0.219994
0.200566
0.20056
0.20065
0.200874
0.201258
0.201859
0.20276
0.204063
0.205872
0.208262
0.211076
0.213619
0.215508
0.216809
0.217696
0.218276
0.218643
0.218864
0.218977
0.219002
0.195175
0.195167
0.195277
0.195548
0.196015
0.196748
0.197854
0.199463
0.201711
0.204704
0.208251
0.211487
0.213884
0.215572
0.216722
0.217482
0.217967
0.218261
0.21841
0.218444
0.189069
0.189059
0.189198
0.189538
0.190123
0.191042
0.192429
0.194449
0.197277
0.201045
0.20552
0.20961
0.212643
0.214787
0.216251
0.21722
0.217841
0.218219
0.21841
0.218454
0.182063
0.182049
0.182228
0.182664
0.183411
0.18458
0.186342
0.188906
0.192489
0.197255
0.202899
0.20805
0.211864
0.214562
0.216406
0.217628
0.218413
0.21889
0.219132
0.219186
0.1739
0.173882
0.174116
0.174684
0.175648
0.177151
0.179411
0.182692
0.187258
0.193299
0.200415
0.206882
0.211659
0.215034
0.217341
0.218871
0.219855
0.220456
0.220759
0.220825
0.164234
0.164213
0.164525
0.165272
0.16653
0.168478
0.171399
0.175631
0.181478
0.189149
0.198111
0.206203
0.212161
0.216366
0.219239
0.221147
0.222378
0.223132
0.223512
0.223593
0.152592
0.152568
0.152993
0.153989
0.155647
0.158201
0.162051
0.167545
0.175041
0.184786
0.196047
0.206135
0.213533
0.218751
0.222317
0.224689
0.226226
0.227175
0.227654
0.227753
0.138302
0.138277
0.138873
0.140231
0.142453
0.145878
0.150956
0.158143
0.167838
0.180221
0.194319
0.206826
0.215965
0.222412
0.226826
0.22977
0.231686
0.23288
0.233488
0.233613
0.120362
0.120341
0.121214
0.123122
0.126184
0.130869
0.13773
0.147248
0.159804
0.175507
0.193056
0.20845
0.219665
0.227595
0.23305
0.236704
0.239091
0.240587
0.241355
0.241517
0.0972458
0.0972545
0.0985992
0.101383
0.105782
0.112411
0.121858
0.134585
0.1509
0.17074
0.192409
0.211178
0.224825
0.234529
0.241271
0.245833
0.248837
0.250734
0.251721
0.251935
0.0664964
0.0666121
0.0688191
0.0731405
0.0798184
0.0895497
0.102844
0.120035
0.141216
0.166091
0.192552
0.215159
0.231588
0.243381
0.251712
0.25747
0.261341
0.263827
0.265124
0.265402
0.0236111
0.0240443
0.0282345
0.0357923
0.0467076
0.0615982
0.0806349
0.103866
0.131113
0.161882
0.193704
0.220514
0.240011
0.254188
0.264443
0.271773
0.2769
0.280355
0.282197
0.282556
-0.0397702
-0.0376083
-0.0278087
-0.0132717
0.00565996
0.0288059
0.0558995
0.0867957
0.121194
0.158529
0.196069
0.227268
0.249989
0.266751
0.279213
0.2885
0.295373
0.300272
0.303151
0.303521
-0.115551
-0.111878
-0.0938419
-0.0678535
-0.0383417
-0.00567891
0.0301838
0.069255
0.111322
0.155926
0.200166
0.236916
0.26405
0.28459
0.300449
0.312875
0.322773
0.330357
0.333612
0.335162
-0.19329
-0.18283
-0.155883
-0.119842
-0.08082
-0.0390594
0.00537135
0.0524837
0.102145
0.15399
0.204939
0.247209
0.278604
0.302673
0.321624
0.336844
0.349192
0.359007
0.364839
0.367343
-0.251229
-0.239643
-0.207724
-0.165213
-0.118872
-0.069625
-0.0177279
0.0366795
0.0933655
0.151931
0.208999
0.256018
0.290726
0.317154
0.33775
0.35405
0.367066
0.377284
0.383662
0.386336
-0.297621
-0.285676
-0.250336
-0.203251
-0.15167
-0.0967276
-0.0387726
0.021862
0.0847707
0.149382
0.211846
0.262835
0.300065
0.32804
0.349542
0.366346
0.379589
0.389876
0.396339
0.398954
-0.335436
-0.323616
-0.286402
-0.235859
-0.180169
-0.120662
-0.0577433
0.00815384
0.0764869
0.146533
0.213962
0.268548
0.30793
0.337132
0.359261
0.376306
0.389555
0.399762
0.406213
0.40869
-0.367992
-0.356341
-0.317682
-0.264529
-0.205579
-0.142307
-0.0751718
-0.00466924
0.0685556
0.143602
0.215613
0.273493
0.31483
0.345108
0.367759
0.385
0.39827
0.40841
0.414884
0.417283
-0.396876
-0.385386
-0.345724
-0.290477
-0.228842
-0.162395
-0.0916099
-0.0170462
0.0605732
0.140226
0.216633
0.277794
0.321116
0.352516
0.375742
0.393227
0.40656
0.416657
0.423165
0.425479
-0.423248
-0.411853
-0.371388
-0.314405
-0.25056
-0.181443
-0.10753
-0.0293777
0.0522831
0.136358
0.217136
0.281675
0.327113
0.359756
0.383651
0.40145
0.414898
0.42499
0.431522
0.433757
-0.447859
-0.436511
-0.395362
-0.336934
-0.27122
-0.199814
-0.123155
-0.041766
0.0436342
0.131935
0.217081
0.28517
0.332954
0.367039
0.391753
0.409971
0.423594
0.433715
0.440253
0.442384
-0.47117
-0.459833
-0.418094
-0.358451
-0.291136
-0.217735
-0.138662
-0.0543843
0.0344462
0.126802
0.216372
0.28826
0.338687
0.374484
0.400217
0.418986
0.432865
0.443069
0.449592
0.451665
-0.493579
-0.482168
-0.439871
-0.379221
-0.310545
-0.235428
-0.154246
-0.0673759
0.0246361
0.120872
0.214905
0.290854
0.344278
0.382122
0.409136
0.428633
0.442879
0.453218
0.459733
0.461764
-0.515268
-0.503708
-0.460858
-0.399411
-0.329535
-0.25295
-0.169931
-0.0807642
0.0141442
0.114066
0.212547
0.292809
0.349621
0.389901
0.418524
0.438985
0.453743
0.464303
0.470813
0.472825
-0.536263
-0.524538
-0.481215
-0.419066
-0.348154
-0.270318
-0.185728
-0.0945563
0.00295278
0.106327
0.209178
0.293959
0.354534
0.397684
0.428302
0.450025
0.465502
0.47639
0.48293
0.484938
-0.556689
-0.544749
-0.50105
-0.438185
-0.366424
-0.287537
-0.201617
-0.108727
-0.00891001
0.097637
0.20471
0.294114
0.358786
0.405252
0.438328
0.461678
0.478141
0.489537
0.496177
0.498064
-0.576446
-0.56432
-0.520313
-0.45678
-0.384302
-0.304553
-0.217531
-0.123204
-0.0213969
0.0880033
0.199068
0.293067
0.362081
0.412336
0.448423
0.473872
0.491592
0.503633
0.510423
0.512173
-0.595586
-0.583231
-0.538852
-0.474801
-0.401742
-0.3213
-0.233404
-0.137904
-0.0344309
0.077471
0.192197
0.290623
0.364092
0.41861
0.458308
0.486443
0.505814
0.518633
0.525524
0.527063
-0.613924
-0.601472
-0.556704
-0.492211
-0.418679
-0.337692
-0.24915
-0.152738
-0.0479115
0.0661199
0.184105
0.286654
0.364534
0.423566
0.467477
0.499075
0.520721
0.534432
0.541216
0.542417
-0.631586
-0.618983
-0.573828
-0.508971
-0.435071
-0.353679
-0.264666
-0.167604
-0.0617283
0.0540681
0.174843
0.281108
0.363108
0.426558
0.475192
0.511337
0.536403
0.551346
0.557361
0.557733
-0.648435
-0.635653
-0.590222
-0.525024
-0.450834
-0.369183
-0.27987
-0.182378
-0.0757435
0.0414185
0.164504
0.273941
0.359625
0.42707
0.480522
0.522318
0.552727
0.570465
0.57464
0.57226
-0.664518
-0.651567
-0.605789
-0.540322
-0.46593
-0.384142
-0.294684
-0.196974
-0.0898419
0.0283445
0.153237
0.265153
0.353932
0.424835
0.482486
0.530301
0.568424
0.593209
0.598156
0.586682
-0.679766
-0.666677
-0.620657
-0.554985
-0.480543
-0.398814
-0.309429
-0.211796
-0.104501
0.0142923
0.140448
0.254145
0.345401
0.41906
0.479376
0.53227
0.579142
0.61531
0.625107
0.619342
-0.694173
-0.68087
-0.634815
-0.568982
-0.494675
-0.413207
-0.32408
-0.22684
-0.119739
-0.000804364
0.126035
0.240746
0.333474
0.40935
0.469441
0.522642
0.571047
0.607203
0.602955
0.534301
-0.707576
-0.693659
-0.648185
-0.582372
-0.508465
-0.427453
-0.338673
-0.241992
-0.135456
-0.0168098
0.110063
0.224961
0.317776
0.395216
0.453023
0.494561
0.535327
0.547194
0.498754
0.424558
-0.719958
-0.706984
-0.660513
-0.594771
-0.521575
-0.441057
-0.353348
-0.257169
-0.151464
-0.0334765
0.092742
0.20666
0.297821
0.377215
0.433511
0.47363
0.461225
0.432273
0.356482
0.273987
-0.700862
-0.684631
-0.639975
-0.572808
-0.496434
-0.413089
-0.320983
-0.221633
-0.11146
0.0122945
0.133183
0.232329
0.312216
0.388402
0.465993
0.374653
0.320065
0.249836
0.161489
0.102387
-0.723498
-0.705302
-0.673976
-0.61374
-0.541726
-0.462342
-0.37551
-0.281064
-0.177182
-0.0610205
0.0632413
0.173531
0.259115
0.33134
0.396442
0.394974
0.270455
0.167534
0.092458
-0.012267
-0.739213
-0.723128
-0.684806
-0.623906
-0.552168
-0.473739
-0.388621
-0.295822
-0.193621
-0.0792727
0.043199
0.150441
0.231431
0.291304
0.311579
0.230345
0.0458616
-0.078339
-0.176239
-0.286737
-0.754977
-0.742589
-0.699036
-0.637402
-0.565764
-0.487827
-0.40356
-0.311987
-0.211562
-0.0990952
0.0206308
0.122537
0.195349
0.241095
0.209324
0.0388704
-0.17591
-0.336939
-0.474111
-0.647451
-0.773001
-0.760047
-0.71489
-0.65226
-0.580781
-0.503415
-0.420131
-0.330119
-0.231716
-0.12143
-0.00450023
0.0916547
0.154361
0.18147
0.0929194
-0.158857
-0.424354
-0.641882
-0.841784
-1.10818
-0.789275
-0.776685
-0.730701
-0.667097
-0.595736
-0.519051
-0.437022
-0.348987
-0.252878
-0.144892
-0.0306689
0.0602042
0.111564
0.110779
-0.0430435
-0.355084
-0.676994
-0.989195
-1.2539
-1.81151
-0.804477
-0.792512
-0.746368
-0.682265
-0.611123
-0.535148
-0.454471
-0.368489
-0.274912
-0.16973
-0.0584761
0.0263224
0.0664793
0.0251618
-0.201541
-0.534943
-0.891473
-1.24899
-1.56533
-2.14746
-0.819456
-0.807919
-0.761922
-0.697841
-0.627035
-0.551845
-0.472644
-0.388891
-0.298155
-0.195958
-0.087144
-0.00853973
0.0172766
-0.0696553
-0.351808
-0.687336
-1.03384
-1.3575
-1.51819
-1.55642
-0.834633
-0.823468
-0.777685
-0.713816
-0.643517
-0.569337
-0.491925
-0.410909
-0.323734
-0.224987
-0.118556
-0.0451088
-0.0364424
-0.166078
-0.496709
-0.821521
-1.11199
-1.36267
-1.45671
-1.47321
-0.849988
-0.839187
-0.793545
-0.729959
-0.660292
-0.58735
-0.512087
-0.434302
-0.351491
-0.257021
-0.152524
-0.0829438
-0.0925568
-0.266222
-0.633448
-0.956172
-1.18479
-1.35287
-1.42266
-1.41468
-0.86553
-0.854891
-0.809322
-0.746017
-0.677105
-0.605616
-0.53289
-0.459045
-0.381857
-0.29269
-0.189678
-0.122032
-0.147987
-0.387592
-0.767264
-1.10692
-1.27718
-1.26911
-1.35283
-1.39125
-0.880845
-0.870318
-0.824701
-0.761645
-0.693532
-0.623737
-0.554027
-0.485217
-0.414726
-0.333091
-0.230813
-0.160266
-0.203009
-0.51706
-0.918751
-1.29915
-1.51923
-1.45885
-1.48559
-1.50578
-0.89536
-0.884926
-0.839149
-0.776321
-0.709053
-0.641173
-0.574849
-0.511912
-0.451454
-0.379749
-0.278938
-0.200096
-0.262839
-0.639502
-1.09204
-1.54912
-1.99723
-1.88638
-1.70656
-1.65585
-0.908378
-0.89802
-0.852002
-0.78939
-0.722983
-0.657096
-0.594624
-0.538865
-0.490017
-0.435129
-0.341715
-0.253886
-0.331855
-0.758871
-1.20493
-1.5179
-1.70153
-1.65637
-1.66028
-1.66727
-0.919096
-0.908735
-0.862482
-0.800052
-0.734493
-0.67056
-0.612373
-0.56516
-0.53238
-0.504181
-0.436971
-0.346966
-0.427277
-0.870956
-1.24805
-1.36944
-1.32082
-1.48555
-1.62444
-1.69325
-0.926587
-0.916204
-0.86961
-0.807311
-0.742507
-0.680447
-0.626736
-0.589411
-0.578355
-0.59529
-0.600795
-0.533189
-0.611188
-1.05038
-1.46825
-1.83718
-1.97384
-2.06821
-2.0554
-2.04761
-0.929744
-0.919307
-0.872293
-0.810094
-0.745832
-0.685397
-0.635922
-0.609472
-0.627102
-0.721933
-0.885564
-0.890464
-0.910616
-1.29853
-1.81857
-2.50291
-2.95892
-3.01514
-2.81232
-2.64605
-0.927575
-0.917016
-0.869567
-0.807315
-0.743283
-0.683843
-0.637731
-0.621795
-0.673419
-0.886779
-1.31321
-1.43881
-1.24082
-1.38034
-1.80355
-2.51636
-2.98157
-2.92161
-2.56109
-2.29917
-0.919207
-0.90845
-0.860474
-0.797977
-0.733732
-0.6743
-0.629646
-0.621281
-0.703066
-1.04983
-1.89317
-2.07422
-1.45732
-1.11337
-0.956728
-0.95101
-0.997286
-0.852039
-0.600908
-0.445051
-0.904077
-0.893053
-0.844483
-0.78117
-0.716307
-0.655651
-0.609661
-0.601853
-0.696353
-1.10738
-2.26774
-2.37672
-1.30873
-0.428585
0.27802
0.728478
1.04518
1.22914
1.33218
1.36966
-0.881729
-0.870503
-0.821519
-0.757068
-0.690906
-0.627555
-0.57638
-0.558412
-0.631122
-0.986302
-1.9425
-1.86391
-0.749416
0.190117
0.945797
1.44463
1.75592
1.90267
1.95856
1.97005
-0.851736
-0.840367
-0.790455
-0.725936
-0.658036
-0.591006
-0.53185
-0.495386
-0.518309
-0.703702
-1.13103
-0.83
-0.0513254
0.645515
1.15964
1.49072
1.69486
1.80754
1.8642
1.88545
-0.814254
-0.803573
-0.753023
-0.688033
-0.618813
-0.548225
-0.480518
-0.423364
-0.391697
-0.410613
-0.42616
-0.112732
0.391039
0.840815
1.14607
1.35057
1.48459
1.57044
1.62242
1.64363
-0.767829
-0.75847
-0.708673
-0.643872
-0.574306
-0.501544
-0.427251
-0.353722
-0.282522
-0.204852
-0.0598795
0.209248
0.535717
0.821814
1.02248
1.1632
1.26289
1.33375
1.38009
1.40344
-0.709573
-0.702326
-0.655409
-0.592713
-0.52464
-0.452015
-0.374797
-0.292343
-0.200711
-0.0851146
0.0875353
0.313334
0.536836
0.725981
0.868477
0.974241
1.0537
1.11385
1.15742
1.17701
-0.63507
-0.628067
-0.588447
-0.53176
-0.468613
-0.399192
-0.323562
-0.239558
-0.142441
-0.0204097
0.140984
0.320848
0.481002
0.61212
0.713829
0.79181
0.852577
0.901825
0.941228
0.960265
-0.537796
-0.533014
-0.506454
-0.459032
-0.403226
-0.341266
-0.272032
-0.193476
-0.101427
0.011571
0.15037
0.292426
0.411165
0.505282
0.577445
0.632142
0.673135
0.703555
0.725707
0.738183
-0.418829
-0.417594
-0.402278
-0.368331
-0.325836
-0.276428
-0.218975
-0.15193
-0.0712996
0.0272174
0.144596
0.260311
0.354469
0.427629
0.482532
0.522797
0.551708
0.572285
0.585686
0.590699
-0.302105
-0.302235
-0.294163
-0.272863
-0.243958
-0.208375
-0.164309
-0.1105
-0.0440104
0.0384687
0.135755
0.228829
0.302753
0.358883
0.399853
0.428749
0.448452
0.461101
0.468214
0.471143
-0.195387
-0.196092
-0.192319
-0.181287
-0.164429
-0.141432
-0.110692
-0.0702714
-0.0180113
0.0484706
0.127132
0.201499
0.259471
0.302428
0.332911
0.353673
0.367044
0.375058
0.379247
0.380539
-0.10791
-0.108767
-0.108344
-0.10463
-0.0966392
-0.083281
-0.063092
-0.0342036
0.0054463
0.0576006
0.120061
0.17882
0.223838
0.256601
0.279287
0.294076
0.303171
0.308325
0.310704
0.311288
-0.0451149
-0.0458378
-0.0469721
-0.0477307
-0.0452612
-0.0383299
-0.0254461
-0.00513197
0.0243324
0.0644383
0.113156
0.159043
0.19387
0.218684
0.235412
0.246151
0.25255
0.255855
0.257204
0.257469
-0.00483429
-0.00537332
-0.00682865
-0.00857956
-0.00853887
-0.00532299
0.00253398
0.0166237
0.0383854
0.0689707
0.106623
0.142011
0.168647
0.187514
0.200142
0.207983
0.212398
0.214501
0.215236
0.215329
0.0196257
0.0192828
0.0181791
0.0166381
0.0162477
0.0180887
0.0231969
0.0328901
0.0486731
0.0716758
0.100533
0.127811
0.148264
0.162511
0.171748
0.177355
0.180433
0.1818
0.182167
0.182184
0.0343739
0.034147
0.0334565
0.0324402
0.0321211
0.0333406
0.0370041
0.0441309
0.0558129
0.0730616
0.0949753
0.115707
0.131122
0.14177
0.14869
0.152824
0.15499
0.155869
0.156045
0.156032
0.043591
0.0434392
0.043014
0.0423841
0.0422246
0.0431112
0.0457075
0.0508839
0.0595883
0.07259
0.0891883
0.104949
0.116676
0.124747
0.129893
0.132905
0.134451
0.135047
0.135139
0.135119
0.0491893
0.0490871
0.0488142
0.0484115
0.0483581
0.0490794
0.0510608
0.0549216
0.0613968
0.0711614
0.0837299
0.0956661
0.104501
0.110525
0.114342
0.116556
0.117666
0.118067
0.118107
0.118083
0.0521044
0.0520339
0.051849
0.0515727
0.0515561
0.0521121
0.0536055
0.0565159
0.0613987
0.0687525
0.0782269
0.0872341
0.0938907
0.0984209
0.101269
0.1029
0.103698
0.103967
0.103977
0.103953
0.0529765
0.0529253
0.0528018
0.0526198
0.0526358
0.0530803
0.054221
0.0564143
0.0600885
0.0656325
0.0727885
0.0795861
0.0845946
0.0879838
0.0900996
0.0912968
0.0918701
0.0920494
0.0920423
0.0920193
0.052338
0.0522993
0.0522157
0.0520983
0.0521322
0.0524879
0.0533657
0.0550334
0.0578102
0.0619905
0.0673818
0.0724995
0.0762617
0.0787964
0.080369
0.0812499
0.0816626
0.0817811
0.0817651
0.0817437
0.0505844
0.0505544
0.0504959
0.0504199
0.0504607
0.0507433
0.0514177
0.0526841
0.0547822
0.0579364
0.0619994
0.0658504
0.0686735
0.0705675
0.0717354
0.0723823
0.0726783
0.0727557
0.0727359
0.0727165
0.048001
0.0479775
0.047935
0.0478837
0.0479226
0.0481445
0.0486613
0.0496225
0.0512092
0.0535865
0.0566452
0.059539
0.0616532
0.0630664
0.0639323
0.0644071
0.0646189
0.0646676
0.064646
0.0646289
0.0447898
0.0447716
0.0447393
0.0447022
0.0447345
0.0449054
0.0452987
0.0460264
0.047223
0.0490139
0.0513144
0.0534846
0.0550654
0.056117
0.0567573
0.0571042
0.0572544
0.0572837
0.0572624
0.0572475
0.0411008
0.0410865
0.0410612
0.0410325
0.0410566
0.0411855
0.0414824
0.042031
0.0429316
0.0442773
0.0460024
0.0476262
0.0488053
0.0495863
0.0500584
0.050311
0.0504167
0.0504325
0.0504122
0.0503994
0.037047
0.0370357
0.0370154
0.0369922
0.0370088
0.0371045
0.0373266
0.0377374
0.0384114
0.0394178
0.0407068
0.0419189
0.0427961
0.0433736
0.0437197
0.0439017
0.0439744
0.043981
0.0439624
0.0439517
0.0327158
0.0327069
0.0326904
0.0326708
0.0326809
0.0327503
0.0329138
0.0332181
0.0337192
0.0344684
0.0354269
0.0363257
0.0369742
0.0373991
0.037651
0.0377808
0.0378298
0.0378301
0.0378132
0.0378041
0.0281754
0.0281685
0.0281549
0.028138
0.0281425
0.0281907
0.0283087
0.0285314
0.0289002
0.0294523
0.0301584
0.0308186
0.0312931
0.0316022
0.0317839
0.0318758
0.0319082
0.0319051
0.0318902
0.0318826
0.0234775
0.0234721
0.0234608
0.0234457
0.023446
0.0234783
0.0235617
0.0237218
0.0239887
0.024389
0.0249016
0.0253802
0.0257224
0.025943
0.0260709
0.0261332
0.0261526
0.0261467
0.0261335
0.0261272
0.018662
0.0186578
0.0186483
0.0186349
0.0186322
0.018652
0.0187084
0.0188196
0.0190067
0.0192891
0.0196507
0.0199882
0.0202289
0.0203828
0.0204701
0.0205105
0.0205202
0.0205124
0.0205003
0.0204949
0.0137601
0.013757
0.0137489
0.0137367
0.0137314
0.0137418
0.0137773
0.0138503
0.0139749
0.014164
0.0144069
0.0146328
0.0147926
0.0148934
0.0149491
0.0149731
0.0149766
0.0149681
0.0149575
0.0149531
0.00879504
0.00879278
0.00878612
0.00877567
0.00876969
0.00877364
0.00879324
0.00883593
0.0089102
0.00902294
0.00916738
0.00930148
0.00939564
0.00945475
0.0094866
0.00949884
0.00949783
0.00948932
0.00948013
0.00947662
0.00126424
0.00126335
0.00125995
0.00125712
0.0012566
0.00125767
0.00126141
0.00126898
0.00128132
0.0012994
0.00131916
0.00133484
0.00134522
0.00135094
0.00135327
0.00135362
0.00135193
0.00134839
0.00134616
0.00404833
-2.26154
-1.24148
-0.674602
-0.324841
-0.0651044
0.136526
0.298459
0.437137
0.573849
0.677897
-0.823218
-0.525274
-0.267182
-0.0575739
0.11576
0.259912
0.380262
0.479667
0.543775
0.556199
-0.321924
-0.156864
-0.00167042
0.136259
0.255104
0.35627
0.439872
0.503908
0.54587
0.568819
-0.0250878
0.0809601
0.18391
0.27882
0.362054
0.433252
0.491693
0.537237
0.57109
0.593306
0.17717
0.25003
0.322631
0.390542
0.450556
0.502499
0.546091
0.581641
0.60978
0.628814
0.329388
0.378041
0.434993
0.485567
0.531329
0.571769
0.60666
0.635943
0.659712
0.675369
0.449976
0.488992
0.533665
0.573808
0.611492
0.645602
0.67552
0.700867
0.7214
0.734109
0.553912
0.588249
0.62667
0.66303
0.697025
0.728173
0.75554
0.778539
0.796699
0.806937
0.651906
0.686436
0.724298
0.760589
0.793899
0.823902
0.849893
0.871322
0.887572
0.896276
0.758054
0.796685
0.836445
0.874112
0.9074
0.936336
0.960646
0.980354
0.995021
1.00386
0.887428
0.93057
0.97062
1.00726
1.0384
1.06473
1.08682
1.1049
1.11877
1.12917
1.05052
1.09241
1.12657
1.15659
1.18153
1.20342
1.22338
1.24109
1.25608
1.26893
1.24185
1.27288
1.29437
1.31375
1.33207
1.34952
1.3659
1.38192
1.39861
1.41564
1.44025
1.45178
1.46297
1.4772
1.49162
1.50459
1.51607
1.52701
1.53999
1.55695
1.62631
1.63625
1.64497
1.64744
1.64832
1.6527
1.66367
1.67975
1.69743
1.70203
1.92752
1.87216
1.82135
1.78111
1.75886
1.75488
1.76838
1.80222
1.8587
1.93427
0.464923
0.406234
0.363913
0.330192
0.305703
0.28834
0.276047
0.26735
0.261425
0.258013
0.25747
0.25994
0.26492
0.272398
0.282914
0.297647
0.318396
0.347282
0.385855
0.433578
0.266254
0.275199
0.280976
0.281906
0.278626
0.272857
0.266717
0.261489
0.257789
0.256065
0.256963
0.260115
0.264899
0.270886
0.277206
0.282126
0.283523
0.280153
0.27237
0.264686
0.242852
0.244929
0.249744
0.253625
0.25652
0.258322
0.258391
0.256942
0.254923
0.253345
0.253149
0.25462
0.256881
0.258987
0.25994
0.259081
0.256735
0.253467
0.249066
0.244532
0.235695
0.2366
0.239436
0.242671
0.245137
0.246823
0.248042
0.248748
0.248849
0.248723
0.248888
0.249426
0.249916
0.249822
0.24904
0.24775
0.245811
0.242968
0.239794
0.23762
0.229785
0.230237
0.232248
0.235295
0.238156
0.240479
0.242115
0.24318
0.243876
0.244302
0.244647
0.244917
0.244835
0.244305
0.243219
0.241398
0.238896
0.235948
0.233288
0.232057
0.22686
0.227034
0.228288
0.230419
0.232569
0.234601
0.236483
0.238046
0.239202
0.240012
0.240509
0.240596
0.240203
0.239265
0.237824
0.236077
0.234101
0.232007
0.230214
0.229602
0.225811
0.225891
0.226526
0.227675
0.22893
0.230337
0.231644
0.23293
0.234101
0.235062
0.235675
0.23579
0.235423
0.234704
0.23379
0.232613
0.23147
0.230371
0.229475
0.229184
0.224226
0.224264
0.224601
0.22529
0.226147
0.227117
0.228289
0.229522
0.230695
0.231727
0.232463
0.232696
0.232459
0.231884
0.231107
0.230387
0.229685
0.229016
0.228554
0.228413
0.221713
0.22173
0.221913
0.222345
0.222894
0.223615
0.224405
0.225346
0.226391
0.227438
0.228308
0.228758
0.228804
0.228595
0.228268
0.227975
0.227604
0.227231
0.226995
0.226934
0.218711
0.21872
0.218846
0.219181
0.219669
0.220275
0.221006
0.221879
0.222893
0.224007
0.225053
0.225756
0.226078
0.22615
0.226071
0.225853
0.225638
0.225405
0.225273
0.225245
0.215388
0.215393
0.21548
0.215721
0.216097
0.2166
0.217261
0.218112
0.219172
0.220417
0.221701
0.222695
0.223295
0.223617
0.223756
0.223774
0.223727
0.22365
0.223609
0.223601
0.211696
0.211705
0.211774
0.211972
0.212298
0.212772
0.213433
0.214328
0.215494
0.216942
0.218538
0.219877
0.220787
0.22136
0.221704
0.22189
0.221978
0.22201
0.222027
0.222031
0.207592
0.207598
0.207675
0.207861
0.208181
0.20867
0.209383
0.210386
0.211742
0.213488
0.215483
0.217242
0.218477
0.219328
0.219876
0.220219
0.220424
0.220541
0.220601
0.220614
0.203026
0.203032
0.203114
0.203322
0.203677
0.20423
0.205053
0.206236
0.207869
0.210014
0.212521
0.214775
0.216418
0.217567
0.218336
0.218835
0.219148
0.219335
0.21943
0.219452
0.197935
0.197942
0.19804
0.198285
0.198706
0.199367
0.200362
0.201807
0.20382
0.206492
0.209651
0.212526
0.214652
0.21614
0.217153
0.21782
0.218244
0.218501
0.218631
0.218661
0.192201
0.192209
0.192332
0.192634
0.193154
0.193973
0.19521
0.19701
0.199529
0.202886
0.20687
0.210511
0.21321
0.215116
0.216416
0.217276
0.217826
0.21816
0.21833
0.218368
0.185665
0.185676
0.185832
0.186214
0.186871
0.187907
0.18947
0.191745
0.194926
0.199163
0.20419
0.208783
0.212187
0.214595
0.21624
0.21733
0.218029
0.218453
0.218668
0.218717
0.178113
0.178127
0.178328
0.178818
0.179663
0.180989
0.182987
0.185886
0.189928
0.195292
0.201632
0.207406
0.211678
0.2147
0.216765
0.218133
0.21901
0.219542
0.219812
0.219873
0.169251
0.169269
0.169531
0.170168
0.171267
0.172988
0.175565
0.179284
0.184444
0.191247
0.199234
0.206471
0.211809
0.215581
0.218158
0.219866
0.220959
0.221622
0.221956
0.222032
0.158668
0.158692
0.159039
0.159879
0.161334
0.163607
0.166964
0.171754
0.178367
0.187006
0.19705
0.206088
0.212731
0.217419
0.220623
0.222746
0.224104
0.224923
0.225336
0.22543
0.145793
0.145826
0.14629
0.147415
0.149369
0.152378
0.156783
0.163062
0.171578
0.182554
0.195153
0.206389
0.214615
0.220419
0.224392
0.22703
0.228716
0.229729
0.230234
0.230349
0.129828
0.129876
0.130507
0.132052
0.13473
0.138793
0.144694
0.152936
0.163954
0.1779
0.193638
0.207524
0.217655
0.224811
0.229727
0.233009
0.235116
0.236381
0.237006
0.237143
0.109592
0.109663
0.110552
0.112755
0.116528
0.122139
0.130146
0.141126
0.155441
0.17311
0.192639
0.209661
0.222049
0.230832
0.23691
0.241007
0.243667
0.245275
0.246059
0.246223
0.0831865
0.083295
0.0846393
0.0879877
0.0935452
0.101584
0.112743
0.127521
0.146117
0.168361
0.19235
0.212988
0.227988
0.238702
0.246211
0.251353
0.254757
0.256854
0.257884
0.258091
0.0472778
0.0474714
0.0498173
0.055438
0.0642164
0.0762759
0.0921715
0.112161
0.136208
0.163918
0.192993
0.217663
0.235596
0.248549
0.25781
0.264321
0.268771
0.271598
0.273012
0.273298
-0.00445829
-0.00383119
0.00149157
0.0122569
0.0271084
0.0457689
0.0685378
0.0954073
0.126112
0.160096
0.194743
0.223735
0.244833
0.26029
0.271637
0.279935
0.285911
0.28997
0.29215
0.292612
-0.080846
-0.0772546
-0.0625209
-0.0410308
-0.0163275
0.0116043
0.0430968
0.078091
0.11629
0.157164
0.197877
0.231641
0.256374
0.27486
0.288907
0.299742
0.308199
0.314591
0.318609
0.32005
-0.161832
-0.153087
-0.126749
-0.0946078
-0.0598693
-0.022508
0.0177035
0.0608176
0.106706
0.154974
0.202634
0.242229
0.271596
0.294033
0.311634
0.325799
0.33742
0.347074
0.355435
0.357663
-0.225724
-0.217165
-0.18385
-0.14356
-0.100437
-0.0547069
-0.00637994
0.0445073
0.0977744
0.153051
0.207139
0.251894
0.285074
0.310474
0.330438
0.346465
0.359528
0.370123
0.378081
0.380364
-0.276631
-0.267454
-0.230578
-0.185057
-0.135799
-0.083526
-0.0284476
0.0291869
0.0890778
0.150755
0.210603
0.259669
0.295696
0.322953
0.344055
0.360722
0.374126
0.384868
0.392741
0.395226
-0.317634
-0.30838
-0.269564
-0.220106
-0.166315
-0.108998
-0.0484529
0.0149186
0.0806189
0.147996
0.21298
0.265811
0.304155
0.332777
0.354629
0.371634
0.385094
0.395686
0.403387
0.405954
-0.352165
-0.342897
-0.302879
-0.250562
-0.19312
-0.131658
-0.0665693
0.00168964
0.0725265
0.145128
0.214892
0.271145
0.311511
0.341253
0.363645
0.38082
0.394224
0.404669
0.412175
0.414831
-0.382372
-0.373147
-0.332352
-0.277767
-0.217388
-0.15247
-0.0834481
-0.0108502
0.0646273
0.142008
0.216217
0.275728
0.318045
0.348873
0.371804
0.389186
0.402594
0.412948
0.420267
0.422935
-0.409677
-0.400458
-0.359061
-0.302631
-0.239813
-0.171979
-0.0995759
-0.0231819
0.056489
0.138376
0.216972
0.279804
0.32416
0.35616
0.379707
0.397353
0.410821
0.421108
0.42828
0.430954
-0.434876
-0.425651
-0.383768
-0.325784
-0.260962
-0.190672
-0.115344
-0.0355286
0.0480347
0.134246
0.217207
0.283491
0.330066
0.363399
0.387683
0.405687
0.419277
0.429565
0.436554
0.43922
-0.458631
-0.449359
-0.407048
-0.347764
-0.28122
-0.208785
-0.130885
-0.0480122
0.0391363
0.129474
0.216832
0.28679
0.335852
0.370755
0.395951
0.414433
0.428216
0.43853
0.445369
0.44802
-0.481308
-0.47196
-0.429253
-0.368887
-0.300869
-0.22658
-0.146419
-0.060813
0.0296409
0.123953
0.215747
0.289643
0.341527
0.378299
0.404637
0.423751
0.437829
0.448212
0.454965
0.457556
-0.50319
-0.493725
-0.450611
-0.389359
-0.320065
-0.244191
-0.162057
-0.0740028
0.0194891
0.117597
0.213845
0.291938
0.347015
0.38602
0.413787
0.433737
0.448248
0.458788
0.465482
0.467955
-0.524343
-0.514787
-0.471207
-0.409284
-0.338869
-0.261634
-0.177802
-0.087597
0.00864783
0.110327
0.211005
0.293514
0.352169
0.393818
0.423377
0.444425
0.459545
0.470347
0.477038
0.479334
-0.544896
-0.535179
-0.491261
-0.428673
-0.357316
-0.278936
-0.193654
-0.101588
-0.00288239
0.102111
0.207111
0.294188
0.356774
0.401542
0.433324
0.455806
0.471742
0.482931
0.489691
0.491794
-0.564853
-0.555049
-0.510845
-0.447535
-0.375399
-0.296062
-0.209566
-0.11592
-0.015076
0.0929402
0.202052
0.293752
0.360577
0.408948
0.443458
0.467781
0.484812
0.496526
0.503373
0.505328
-0.584206
-0.574187
-0.529714
-0.465853
-0.393069
-0.312953
-0.225473
-0.130525
-0.0278524
0.0828493
0.195793
0.292025
0.363284
0.415673
0.45348
0.480161
0.498657
0.511084
0.51803
0.519791
-0.602856
-0.592706
-0.547903
-0.483574
-0.410267
-0.329538
-0.241291
-0.145309
-0.0411184
0.0718953
0.18831
0.288861
0.364566
0.421256
0.463
0.492774
0.513192
0.526456
0.533396
0.534869
-0.620728
-0.610549
-0.565372
-0.500671
-0.426938
-0.34574
-0.256934
-0.16017
-0.0547766
0.0601849
0.179617
0.284117
0.364098
0.425235
0.47148
0.505292
0.528472
0.542759
0.549325
0.550252
-0.637901
-0.627644
-0.582141
-0.517083
-0.443026
-0.361485
-0.272308
-0.175
-0.0687104
0.0478173
0.169809
0.277723
0.361641
0.427125
0.478195
0.517099
0.544555
0.560562
0.565793
0.565224
-0.654282
-0.643874
-0.598128
-0.532767
-0.458465
-0.376726
-0.287333
-0.189704
-0.0827918
0.0349298
0.158982
0.269728
0.357043
0.426353
0.482041
0.526843
0.560876
0.58148
0.585186
0.580048
-0.669908
-0.659353
-0.613324
-0.547717
-0.473276
-0.391484
-0.302036
-0.204319
-0.0970549
0.021495
0.147095
0.259992
0.350103
0.422499
0.481729
0.532352
0.5751
0.605739
0.615846
0.600991
-0.684798
-0.674014
-0.627855
-0.562072
-0.487667
-0.406041
-0.316769
-0.219291
-0.112054
0.00686346
0.133452
0.24778
0.339891
0.414742
0.475307
0.529222
0.578986
0.614544
0.628963
0.57906
-0.69923
-0.687531
-0.641645
-0.575749
-0.501576
-0.42033
-0.331366
-0.234391
-0.127531
-0.0086832
0.118248
0.233159
0.326135
0.402851
0.461847
0.510981
0.556682
0.58725
0.555801
0.483162
-0.714029
-0.699609
-0.654579
-0.588864
-0.515263
-0.434491
-0.34603
-0.249607
-0.143456
-0.0250989
0.101528
0.216074
0.308319
0.386717
0.443599
0.471078
0.504355
0.497377
0.432119
0.353802
-0.727735
-0.731469
-0.66686
-0.599022
-0.526242
-0.446057
-0.360182
-0.264315
-0.159121
-0.0415848
0.0840688
0.197009
0.286626
0.368018
0.414884
0.383387
0.409584
0.356769
0.274127
0.18675
-0.699244
-0.700067
-0.645407
-0.578399
-0.502228
-0.419315
-0.3295
-0.230701
-0.121155
0.00190671
0.121586
0.219021
0.296165
0.368342
0.415516
0.301888
0.207511
0.132029
0.0435265
-0.145052
-0.736089
-0.712582
-0.655293
-0.587908
-0.5124
-0.430388
-0.341795
-0.244363
-0.136066
-0.0142227
0.102586
0.19463
0.264535
0.311274
0.28333
0.129843
-0.0225762
-0.127146
-0.234896
-0.446126
-0.755842
-0.726492
-0.670375
-0.602644
-0.527821
-0.446707
-0.358855
-0.263173
-0.156851
-0.0372422
0.0763878
0.162122
0.222367
0.241371
0.148497
-0.0735798
-0.263696
-0.402914
-0.560915
-0.864483
-0.774337
-0.742104
-0.685539
-0.61745
-0.543044
-0.462767
-0.376229
-0.282391
-0.178336
-0.0614731
0.0484519
0.127232
0.174657
0.161635
-0.0189628
-0.294177
-0.540391
-0.736806
-0.971121
-1.48153
-0.790855
-0.758006
-0.7006
-0.632237
-0.55822
-0.478876
-0.393977
-0.302221
-0.200695
-0.0862153
0.0198136
0.0907695
0.121581
0.0563362
-0.196597
-0.514628
-0.834878
-1.12427
-1.45878
-2.48893
-0.806165
-0.773634
-0.715859
-0.64746
-0.573877
-0.495568
-0.41235
-0.322961
-0.224108
-0.112236
-0.00969345
0.0524388
0.0630798
-0.056486
-0.366615
-0.709911
-1.07153
-1.41104
-1.73922
-3.00963
-0.821232
-0.789019
-0.731428
-0.663182
-0.590109
-0.512918
-0.43156
-0.344773
-0.248883
-0.139765
-0.0409228
0.0120336
0.000542232
-0.178872
-0.519885
-0.860009
-1.2036
-1.46805
-1.52981
-1.6002
-0.836389
-0.804479
-0.747193
-0.679375
-0.60701
-0.531194
-0.452087
-0.368593
-0.276467
-0.170431
-0.0739439
-0.0313437
-0.0684253
-0.317481
-0.661879
-0.971621
-1.24619
-1.4363
-1.47328
-1.47662
-0.851817
-0.820114
-0.7631
-0.695784
-0.624322
-0.550148
-0.473783
-0.39429
-0.306691
-0.203825
-0.108736
-0.0754017
-0.152038
-0.449516
-0.802125
-1.08147
-1.27945
-1.38734
-1.41334
-1.41334
-0.867381
-0.83577
-0.778918
-0.71215
-0.641733
-0.569533
-0.49648
-0.421935
-0.339964
-0.241084
-0.145298
-0.120067
-0.236484
-0.582455
-0.944631
-1.22294
-1.28884
-1.31444
-1.37859
-1.39569
-0.882748
-0.851095
-0.794339
-0.728093
-0.658878
-0.588958
-0.519801
-0.451046
-0.376825
-0.282992
-0.184264
-0.162862
-0.3212
-0.729985
-1.10686
-1.46129
-1.46702
-1.46559
-1.49851
-1.50966
-0.897225
-0.865571
-0.808829
-0.743095
-0.67516
-0.607851
-0.5432
-0.481902
-0.418137
-0.332183
-0.228376
-0.204318
-0.404235
-0.880643
-1.29974
-1.80902
-2.01264
-1.76773
-1.67069
-1.64832
-0.91029
-0.878482
-0.821722
-0.756484
-0.689963
-0.625399
-0.56602
-0.514158
-0.464727
-0.39371
-0.284735
-0.255619
-0.505472
-0.997353
-1.38016
-1.62925
-1.69963
-1.65854
-1.66567
-1.66493
-0.920981
-0.889044
-0.832231
-0.767455
-0.702286
-0.640621
-0.587254
-0.547034
-0.520103
-0.479062
-0.379188
-0.354258
-0.623879
-1.08132
-1.35401
-1.34596
-1.4114
-1.5619
-1.66969
-1.7068
-0.928511
-0.89631
-0.839362
-0.774987
-0.711008
-0.652287
-0.605576
-0.580286
-0.586234
-0.608671
-0.564827
-0.537972
-0.806158
-1.26054
-1.67846
-1.90557
-2.03368
-2.06843
-2.04985
-2.05478
-0.931635
-0.899157
-0.842064
-0.777955
-0.714946
-0.658859
-0.618947
-0.6113
-0.663912
-0.812286
-0.916115
-0.857401
-1.06175
-1.53736
-2.14325
-2.78384
-3.03282
-2.9283
-2.71042
-2.61148
-0.929451
-0.896575
-0.839295
-0.775242
-0.712735
-0.658519
-0.624618
-0.635479
-0.749468
-1.1038
-1.47836
-1.3077
-1.26825
-1.54942
-2.12995
-2.83058
-3.00818
-2.7506
-2.40557
-2.25247
-0.921054
-0.887676
-0.830092
-0.76579
-0.703117
-0.649391
-0.619013
-0.645097
-0.821782
-1.42134
-2.20063
-1.73407
-1.25002
-1.01558
-0.935982
-0.987029
-0.950646
-0.725019
-0.504532
-0.413554
-0.905913
-0.871832
-0.813998
-0.748771
-0.685147
-0.630032
-0.598825
-0.629227
-0.833242
-1.5642
-2.59561
-1.8237
-0.864712
-0.0385462
0.532182
0.903128
1.14626
1.28963
1.35904
1.37389
-0.883525
-0.848925
-0.789605
-0.724157
-0.658621
-0.599765
-0.561368
-0.577333
-0.753611
-1.40072
-2.19258
-1.27486
-0.269319
0.614592
1.21735
1.62513
1.84576
1.93858
1.96808
1.97002
-0.853574
-0.818312
-0.759208
-0.692294
-0.624255
-0.559993
-0.509565
-0.495874
-0.580846
-0.911859
-1.14323
-0.430419
0.307651
0.932868
1.34239
1.60754
1.76034
1.84125
1.87862
1.88737
-0.816325
-0.781219
-0.721681
-0.653928
-0.583629
-0.513825
-0.45015
-0.403269
-0.393675
-0.433991
-0.330999
0.137439
0.630199
1.00956
1.25851
1.42494
1.53246
1.60016
1.63681
1.64555
-0.769975
-0.736973
-0.677186
-0.609723
-0.538379
-0.464618
-0.390431
-0.31806
-0.246286
-0.147142
0.0648103
0.3719
0.688876
0.931078
1.09895
1.2172
1.30154
1.36025
1.39397
1.40648
-0.711683
-0.683314
-0.624919
-0.559367
-0.489075
-0.414124
-0.3345
-0.248283
-0.147684
-0.00644371
0.198284
0.42701
0.637105
0.802413
0.925217
1.01667
1.08598
1.13749
1.17078
1.1786
-0.637206
-0.612286
-0.561029
-0.501125
-0.434736
-0.362328
-0.282904
-0.193272
-0.08579
0.0566828
0.232204
0.403901
0.550341
0.666265
0.755325
0.8239
0.878373
0.922959
0.953798
0.96251
-0.536554
-0.523309
-0.484101
-0.432079
-0.373141
-0.307773
-0.234135
-0.149573
-0.048329
0.0794614
0.223788
0.354773
0.461137
0.543761
0.606686
0.654138
0.689494
0.715568
0.733544
0.740011
-0.418834
-0.412672
-0.386675
-0.348012
-0.302056
-0.248894
-0.186671
-0.113577
-0.024773
0.0853034
0.204948
0.310026
0.393528
0.457094
0.50431
0.538471
0.562882
0.580004
0.589254
0.59095
-0.302419
-0.299967
-0.284653
-0.259166
-0.227146
-0.187367
-0.138845
-0.07909
-0.00506058
0.0868481
0.184594
0.268094
0.332875
0.381067
0.415618
0.439607
0.455562
0.465277
0.470164
0.47117
-0.196018
-0.19505
-0.187583
-0.173544
-0.153806
-0.127139
-0.091846
-0.0458022
0.0132608
0.0876017
0.166309
0.23246
0.282682
0.319049
0.344357
0.361159
0.371616
0.377581
0.380205
0.380393
-0.108426
-0.108834
-0.106961
-0.1012
-0.0907233
-0.0741482
-0.0498605
-0.0158523
0.0298206
0.0886931
0.151129
0.202971
0.241604
0.269073
0.287536
0.299217
0.306169
0.309806
0.311167
0.311126
-0.0454861
-0.0463531
-0.047595
-0.0469386
-0.0424454
-0.0327147
-0.016313
0.00831988
0.0429616
0.0886443
0.137443
0.177791
0.207426
0.227927
0.241421
0.249807
0.254527
0.256717
0.257438
0.257326
-0.005082
-0.00594411
-0.00782504
-0.00884753
-0.00740183
-0.00206373
0.00871716
0.0264581
0.0525174
0.0876557
0.125392
0.156383
0.178957
0.194518
0.204581
0.210547
0.213683
0.214989
0.215338
0.215213
0.0194717
0.0188689
0.0173478
0.0162365
0.0168429
0.0201713
0.027386
0.0399388
0.0592269
0.0859588
0.114997
0.138868
0.156099
0.167673
0.174932
0.179161
0.18129
0.182061
0.182203
0.182096
0.0342664
0.0338911
0.0329201
0.0321454
0.0324951
0.0348151
0.0400757
0.0493366
0.063693
0.0838852
0.105987
0.124065
0.136981
0.145637
0.151056
0.154112
0.155557
0.156007
0.156052
0.155964
0.0435141
0.043283
0.0426812
0.0422128
0.0425058
0.044153
0.04792
0.0547447
0.0655184
0.0807816
0.0975539
0.111306
0.121127
0.12764
0.131624
0.13383
0.134843
0.135126
0.135137
0.135065
0.0491343
0.0489887
0.0485992
0.048317
0.0485987
0.049882
0.0527176
0.0577891
0.065838
0.0773573
0.0900727
0.100465
0.107831
0.112673
0.115618
0.117226
0.117936
0.118109
0.118099
0.11804
0.0520648
0.0519689
0.0517008
0.051514
0.0517455
0.0527176
0.0548537
0.0586787
0.064743
0.0734224
0.0830133
0.0908502
0.0963976
0.100027
0.102213
0.103385
0.103883
0.103987
0.103967
0.10392
0.0529469
0.0528825
0.0527028
0.0525896
0.0527919
0.053546
0.0551631
0.0580402
0.0626085
0.0691592
0.0764037
0.0823107
0.0864731
0.0891793
0.0907945
0.0916474
0.0919974
0.0920553
0.0920315
0.0919927
0.0523153
0.0522701
0.0521504
0.0520864
0.0522604
0.0528483
0.0540834
0.0562637
0.059711
0.064648
0.0701045
0.0745478
0.077668
0.0796867
0.0808819
0.0815042
0.0817497
0.0817792
0.0817543
0.0817227
0.0505668
0.0505335
0.0504523
0.0504185
0.0505647
0.0510215
0.0519636
0.053614
0.056217
0.0599403
0.0640492
0.0673887
0.0697256
0.0712298
0.0721134
0.0725662
0.0727376
0.0727498
0.0727256
0.0726999
0.0479873
0.047962
0.0479046
0.0478866
0.0480053
0.0483584
0.0490763
0.0503266
0.0522908
0.0550965
0.0581868
0.0606921
0.0624391
0.0635584
0.0642106
0.0645399
0.0646585
0.0646594
0.0646367
0.0646158
0.0447792
0.0447596
0.044717
0.0447058
0.0447987
0.0450686
0.0456133
0.0465578
0.0480383
0.0501492
0.0524713
0.0543475
0.0556508
0.0564815
0.0569614
0.0571993
0.0572803
0.0572745
0.057254
0.0572372
0.0410925
0.0410771
0.0410439
0.041035
0.0411049
0.0413087
0.0417196
0.0424312
0.0435445
0.0451297
0.0468689
0.0482703
0.0492406
0.0498556
0.0502076
0.0503788
0.0504329
0.0504232
0.0504049
0.0503913
0.0370406
0.0370281
0.0370016
0.0369933
0.0370445
0.0371966
0.0375043
0.0380368
0.0388697
0.040055
0.0413539
0.0423985
0.0431184
0.0435716
0.0438279
0.0439491
0.0439837
0.043972
0.0439561
0.0439454
0.0327109
0.0327007
0.0326789
0.0326705
0.0327065
0.0328179
0.0330453
0.0334406
0.0340606
0.0349423
0.035907
0.0366805
0.0372119
0.0375436
0.0377286
0.0378134
0.0378343
0.0378216
0.0378078
0.0377993
0.0281716
0.0281634
0.0281453
0.0281363
0.0281599
0.0282393
0.0284047
0.028695
0.0291517
0.0298017
0.0305113
0.0310786
0.0314663
0.0317066
0.0318392
0.0318981
0.0319098
0.0318974
0.0318856
0.0318788
0.0234746
0.0234679
0.0234525
0.023443
0.0234572
0.0235123
0.0236305
0.0238401
0.024171
0.0246426
0.0251578
0.0255681
0.0258463
0.0260169
0.0261088
0.0261472
0.0261519
0.0261398
0.0261297
0.0261244
0.0186598
0.0186543
0.0186412
0.0186315
0.0186386
0.0186747
0.018756
0.0189024
0.0191352
0.0194681
0.0198315
0.0201205
0.0203156
0.0204336
0.0204951
0.0205184
0.0205178
0.0205058
0.0204968
0.0204927
0.0137585
0.0137541
0.0137426
0.0137327
0.0137342
0.0137558
0.0138083
0.0139052
0.0140609
0.0142842
0.014528
0.0147208
0.0148496
0.0149261
0.0149644
0.014977
0.0149733
0.0149623
0.0149547
0.0149516
0.00879395
0.00879039
0.0087808
0.0087718
0.00877017
0.00878112
0.00881122
0.00886859
0.00896157
0.00909444
0.00923945
0.00935345
0.00942912
0.00947363
0.0094948
0.00949968
0.00949419
0.00948422
0.00947777
0.00947558
0.00378299
0.00378158
0.00377787
0.00377126
0.00376594
0.0037657
0.00377358
0.00379124
0.00382182
0.0038684
0.00392807
0.00398419
0.00402402
0.00404894
0.00406191
0.00406582
0.00406251
0.00405614
0.0040504
0.00404757
-1.61425
-0.905625
-0.486052
-0.188628
0.0404428
0.220274
0.370803
0.502817
0.643925
0.627855
-0.614122
-0.387365
-0.156956
0.033289
0.191292
0.322662
0.432886
0.517831
0.556354
0.559412
-0.217771
-0.0773522
0.0698692
0.19798
0.307856
0.400317
0.474578
0.527481
0.560042
0.575361
0.0403507
0.133349
0.232824
0.32194
0.399208
0.464095
0.516044
0.555452
0.584508
0.601919
0.223498
0.287831
0.357599
0.421556
0.477569
0.525328
0.564835
0.596575
0.62147
0.639041
0.362861
0.410796
0.460697
0.509136
0.552234
0.589909
0.62201
0.648466
0.669617
0.686952
0.476234
0.51236
0.553982
0.593054
0.629043
0.661107
0.688797
0.711709
0.729724
0.746886
0.575551
0.60757
0.645153
0.680335
0.713021
0.742366
0.767622
0.788226
0.803577
0.820655
0.67202
0.705222
0.742795
0.777619
0.809361
0.837434
0.861211
0.88012
0.893317
0.910594
0.779334
0.816375
0.855795
0.891292
0.92243
0.949083
0.971091
0.988312
1.00033
1.01823
0.910734
0.950645
0.989633
1.02347
1.05212
1.07629
1.09638
1.1123
1.1244
1.14272
1.07328
1.10977
1.14233
1.16955
1.19276
1.21363
1.23257
1.24887
1.26277
1.28071
1.2588
1.28413
1.30424
1.32301
1.34092
1.35785
1.3739
1.3901
1.40736
1.42654
1.44601
1.457
1.46987
1.48455
1.4983
1.5105
1.52151
1.53294
1.54843
1.56791
1.62811
1.64162
1.64673
1.64775
1.64979
1.65731
1.67119
1.68889
1.70264
1.71398
1.89717
1.84662
1.79916
1.76765
1.75473
1.7593
1.78256
1.82766
1.89438
1.98852
0.321537
0.318613
0.312634
0.301895
0.289627
0.278576
0.269771
0.263223
0.258875
0.256927
0.257878
0.261446
0.267151
0.274994
0.285085
0.297059
0.309138
0.317645
0.322113
0.32417
0.249551
0.25624
0.261673
0.265568
0.266951
0.265592
0.262437
0.258929
0.256107
0.254724
0.255523
0.258104
0.261659
0.265367
0.267953
0.268098
0.265431
0.260707
0.25434
0.248441
0.238872
0.24202
0.245813
0.248758
0.250929
0.252481
0.253043
0.252543
0.251589
0.251064
0.251607
0.252886
0.254047
0.254283
0.253331
0.25156
0.249117
0.245716
0.241996
0.239702
0.232614
0.234237
0.237095
0.240079
0.242356
0.243918
0.245011
0.245751
0.246151
0.246418
0.246726
0.246938
0.246753
0.246106
0.244995
0.243239
0.240648
0.237601
0.235342
0.234299
0.22783
0.228738
0.231133
0.233874
0.23645
0.238707
0.240384
0.241484
0.242192
0.242671
0.243011
0.243038
0.242594
0.24154
0.239765
0.237463
0.234913
0.232248
0.230598
0.230186
0.226348
0.22678
0.228097
0.229724
0.231337
0.232836
0.234294
0.235661
0.236768
0.237555
0.237871
0.23766
0.236971
0.235947
0.23476
0.233364
0.23183
0.230353
0.229499
0.229331
0.22512
0.225337
0.226056
0.227047
0.228154
0.229442
0.230781
0.231998
0.233072
0.233928
0.234366
0.234293
0.233812
0.232986
0.23198
0.231064
0.230167
0.229362
0.228931
0.228852
0.223074
0.223182
0.223572
0.224207
0.224929
0.225693
0.226763
0.227886
0.22899
0.229958
0.230536
0.23062
0.230335
0.229844
0.229381
0.228884
0.228395
0.22797
0.22777
0.227727
0.220246
0.220306
0.220574
0.221049
0.221598
0.222402
0.223173
0.224119
0.225164
0.226216
0.226996
0.227363
0.227425
0.227348
0.226985
0.226736
0.22645
0.226196
0.226093
0.226075
0.217096
0.217131
0.217322
0.217684
0.218164
0.218783
0.219555
0.220504
0.221616
0.222827
0.223853
0.224485
0.224792
0.224887
0.224854
0.224742
0.224589
0.224465
0.224423
0.224411
0.213589
0.213621
0.213762
0.214044
0.214454
0.215017
0.215769
0.216749
0.21797
0.2194
0.220733
0.221676
0.222265
0.222601
0.222768
0.222828
0.222824
0.222806
0.222804
0.222795
0.209698
0.209732
0.209857
0.210108
0.2105
0.211071
0.211874
0.212966
0.214383
0.216123
0.217836
0.219129
0.219997
0.220564
0.22091
0.22111
0.221217
0.221273
0.221298
0.22129
0.205369
0.2054
0.205537
0.205797
0.206214
0.206842
0.207754
0.209028
0.210731
0.212881
0.215059
0.216757
0.217961
0.218772
0.219301
0.219633
0.219833
0.219946
0.219992
0.219985
0.200554
0.200591
0.200744
0.201043
0.201527
0.202266
0.203354
0.204897
0.206991
0.209673
0.212437
0.214639
0.216217
0.217298
0.218018
0.218481
0.218769
0.218933
0.218999
0.218991
0.19516
0.195205
0.195391
0.195754
0.196343
0.197247
0.198587
0.200499
0.203109
0.206479
0.209978
0.212785
0.214805
0.216205
0.217143
0.217753
0.218134
0.218352
0.218439
0.218429
0.18905
0.189106
0.189341
0.189796
0.190534
0.191667
0.193349
0.195751
0.199037
0.203285
0.207702
0.21125
0.213812
0.215592
0.216788
0.217567
0.218056
0.218337
0.218448
0.218435
0.182037
0.18211
0.182412
0.182994
0.183934
0.185375
0.18751
0.190557
0.194716
0.200081
0.205648
0.210112
0.213336
0.215576
0.217082
0.218066
0.218685
0.219039
0.219179
0.219163
0.173867
0.173962
0.174356
0.17511
0.176321
0.178171
0.180906
0.184798
0.190085
0.196867
0.203869
0.209465
0.2135
0.216302
0.218188
0.21942
0.220197
0.220642
0.220817
0.220796
0.164191
0.16432
0.164842
0.165829
0.167403
0.169796
0.17333
0.178334
0.185076
0.193651
0.202438
0.209427
0.214456
0.217945
0.220294
0.221833
0.222807
0.223367
0.223584
0.223555
0.152536
0.152715
0.153418
0.154725
0.15679
0.159941
0.164571
0.171017
0.179624
0.190457
0.201448
0.21014
0.216381
0.22071
0.223628
0.225544
0.226765
0.227471
0.227743
0.227706
0.138229
0.138485
0.139457
0.14122
0.143985
0.148185
0.154254
0.162655
0.173685
0.187344
0.201026
0.211775
0.219482
0.224836
0.228452
0.230835
0.232362
0.233255
0.2336
0.233553
0.120263
0.12065
0.122041
0.124488
0.128288
0.133995
0.142126
0.153121
0.167258
0.184408
0.201324
0.214522
0.223987
0.230587
0.235067
0.238029
0.239936
0.241061
0.241498
0.241446
0.0971135
0.0977427
0.099816
0.103349
0.108776
0.11675
0.127779
0.142273
0.160379
0.181781
0.202506
0.218562
0.230103
0.238218
0.243783
0.247499
0.249906
0.25134
0.25191
0.251847
0.0663313
0.0674398
0.0707255
0.0761452
0.0842616
0.095721
0.110925
0.130113
0.153195
0.179641
0.204733
0.224037
0.237981
0.247918
0.254866
0.259607
0.262738
0.264626
0.265368
0.265289
0.0234295
0.0256597
0.0316487
0.0407814
0.0536333
0.0705753
0.0917058
0.116975
0.146057
0.178264
0.20817
0.23103
0.247661
0.259734
0.268423
0.274574
0.278818
0.281495
0.282525
0.282402
-0.0398454
-0.0334417
-0.0210647
-0.00436597
0.016702
0.0418325
0.070842
0.103532
0.139479
0.177956
0.212926
0.239498
0.25899
0.273434
0.284195
0.292201
0.298057
0.302027
0.303601
0.303272
-0.115183
-0.104449
-0.0814084
-0.0535403
-0.0224567
0.0117858
0.0492552
0.089857
0.133255
0.178858
0.219995
0.251456
0.274997
0.293006
0.307023
0.318086
0.326945
0.332512
0.334514
0.335216
-0.190819
-0.171177
-0.138371
-0.100761
-0.0603484
-0.0172639
0.0285049
0.0769129
0.127718
0.180435
0.227729
0.263993
0.29138
0.312674
0.329626
0.343325
0.354469
0.362407
0.366621
0.367453
-0.248538
-0.225677
-0.187122
-0.142534
-0.0946805
-0.0441021
0.00906491
0.0646394
0.12232
0.181604
0.234391
0.274601
0.304782
0.328057
0.346353
0.360911
0.372544
0.381018
0.385468
0.386432
-0.295023
-0.270187
-0.227567
-0.178021
-0.124695
-0.0682213
-0.00889157
0.0529312
0.116767
0.181928
0.239446
0.282828
0.314996
0.33946
0.358438
0.373352
0.385091
0.393704
0.398086
0.399041
-0.332938
-0.30744
-0.262043
-0.208631
-0.150978
-0.0897255
-0.0252701
0.041911
0.111197
0.181716
0.243585
0.289764
0.323567
0.348927
0.368316
0.383337
0.395013
0.403583
0.407898
0.408792
-0.365624
-0.339685
-0.292135
-0.235739
-0.174572
-0.109323
-0.0404478
0.0314975
0.105757
0.181221
0.247091
0.295821
0.331095
0.357218
0.376943
0.392058
0.403707
0.412222
0.416537
0.417375
-0.394601
-0.368439
-0.319225
-0.260407
-0.196313
-0.127647
-0.0549092
0.0212737
0.100051
0.180159
0.249947
0.301249
0.338029
0.364968
0.38508
0.400333
0.411985
0.420475
0.424784
0.425544
-0.420988
-0.394684
-0.344102
-0.283289
-0.216754
-0.145193
-0.0690993
0.010903
0.0939256
0.178576
0.252324
0.306322
0.344738
0.3726
0.39318
0.408632
0.420337
0.4288
0.433126
0.433757
-0.445659
-0.419134
-0.367427
-0.304934
-0.236328
-0.162255
-0.0831711
0.000313844
0.0873262
0.176405
0.254215
0.311125
0.351394
0.380356
0.401531
0.417263
0.429062
0.437526
0.441827
0.442314
-0.469019
-0.442259
-0.389596
-0.325702
-0.255298
-0.179028
-0.097302
-0.010666
0.0800807
0.173525
0.255562
0.315668
0.358087
0.388383
0.410317
0.426435
0.43839
0.446864
0.451168
0.451549
-0.491414
-0.464375
-0.410879
-0.34584
-0.273894
-0.195723
-0.111657
-0.0221498
0.0721076
0.169839
0.256262
0.319887
0.364811
0.396745
0.419658
0.436302
0.448496
0.457008
0.461309
0.461612
-0.513051
-0.485706
-0.431531
-0.365464
-0.29219
-0.212375
-0.12626
-0.0341798
0.0633427
0.165226
0.256168
0.323659
0.371485
0.405424
0.429597
0.446957
0.459501
0.468125
0.472359
0.472647
-0.534038
-0.506373
-0.451619
-0.384623
-0.310221
-0.22901
-0.141121
-0.0467596
0.0537548
0.15962
0.255131
0.326797
0.377948
0.41431
0.440088
0.458413
0.471465
0.480268
0.484455
0.484737
-0.554423
-0.526352
-0.471143
-0.403332
-0.327995
-0.245604
-0.156208
-0.0598632
0.0433422
0.152963
0.253007
0.329078
0.383959
0.423213
0.451025
0.470627
0.484414
0.493515
0.497628
0.497842
-0.574133
-0.545785
-0.490062
-0.421587
-0.345465
-0.262106
-0.171461
-0.0734311
0.0321458
0.145225
0.249668
0.330244
0.389231
0.431905
0.462283
0.48354
0.498258
0.507742
0.511812
0.511881
-0.593221
-0.564582
-0.508341
-0.439326
-0.362577
-0.27844
-0.186799
-0.0873811
0.0202362
0.136411
0.244988
0.330029
0.393422
0.440095
0.473638
0.497066
0.512965
0.522864
0.526826
0.526673
-0.611519
-0.582664
-0.525973
-0.456512
-0.379265
-0.294529
-0.202127
-0.101615
0.0077031
0.12657
0.238902
0.328232
0.396114
0.447217
0.48466
0.511016
0.528484
0.538698
0.542335
0.541938
-0.629125
-0.59999
-0.542919
-0.473081
-0.395455
-0.310297
-0.217345
-0.116013
-0.00535282
0.115791
0.231426
0.324693
0.396844
0.452533
0.494716
0.525197
0.545115
0.555373
0.557954
0.557186
-0.645883
-0.616536
-0.559137
-0.488983
-0.411088
-0.325666
-0.232369
-0.130477
-0.0187875
0.104198
0.222592
0.319307
0.395288
0.455312
0.502813
0.53898
0.563376
0.574083
0.573559
0.571476
-0.661961
-0.632272
-0.574562
-0.504168
-0.426104
-0.340554
-0.247086
-0.144868
-0.0324511
0.0919376
0.212497
0.311996
0.39129
0.454958
0.507508
0.550659
0.582937
0.598508
0.593403
0.572931
-0.677214
-0.647254
-0.589327
-0.518802
-0.44077
-0.355274
-0.2619
-0.15966
-0.0468929
0.0784411
0.200553
0.302075
0.384213
0.450426
0.506474
0.556447
0.599592
0.625148
0.615539
0.63129
-0.691817
-0.661492
-0.603384
-0.532837
-0.455027
-0.369755
-0.27678
-0.174804
-0.0620906
0.0636715
0.186673
0.289206
0.373434
0.441088
0.495959
0.548191
0.590052
0.61895
0.566589
0.530007
-0.706326
-0.675275
-0.616464
-0.545864
-0.468443
-0.383602
-0.291526
-0.190056
-0.0777651
0.0478815
0.171004
0.273471
0.358465
0.427221
0.473985
0.517099
0.54756
0.531153
0.460152
0.408245
-0.721131
-0.688379
-0.628076
-0.557673
-0.480803
-0.396766
-0.30585
-0.20529
-0.093853
0.0311246
0.15355
0.254837
0.338814
0.4103
0.452036
0.463088
0.454542
0.397403
0.312503
0.260223
-0.366225
-0.270857
-0.166181
-0.0491238
0.075773
0.187035
0.274097
0.0788031
-0.733159
-0.712703
-0.679046
-0.618708
-0.546899
-0.468085
-0.38221
-0.288681
-0.185644
-0.0703874
0.053136
0.162252
0.246175
0.312745
0.356304
0.319374
0.152988
0.0439964
-0.0413327
-0.746139
-0.733057
-0.691553
-0.630242
-0.558539
-0.480361
-0.395719
-0.303536
-0.202186
-0.0887512
0.0323932
0.137141
0.214397
0.267435
0.263736
0.135561
-0.0616299
-0.204014
-0.323824
-0.764036
-0.751259
-0.706909
-0.644831
-0.573267
-0.495607
-0.411778
-0.320913
-0.22147
-0.110068
0.00824703
0.10721
0.175238
0.212741
0.151692
-0.0593985
-0.2968
-0.482933
-0.651016
-0.781197
-0.768301
-0.722797
-0.659661
-0.588235
-0.511201
-0.428526
-0.339467
-0.242179
-0.133015
-0.0174176
0.0761134
0.133259
0.14726
0.0303136
-0.258331
-0.552323
-0.81222
-1.06454
-0.796809
-0.784517
-0.738492
-0.67462
-0.603363
-0.527024
-0.445667
-0.358663
-0.263789
-0.157152
-0.0444076
0.04351
0.0895713
0.0696196
-0.122204
-0.448468
-0.792528
-1.13063
-1.43851
-0.811697
-0.800013
-0.754048
-0.68999
-0.618989
-0.543375
-0.463407
-0.37848
-0.286236
-0.182515
-0.0725244
0.00915073
0.0429586
-0.0208148
-0.276659
-0.613749
-0.972791
-1.32761
-1.56423
-1.66856
-0.826764
-0.815451
-0.769691
-0.705793
-0.635222
-0.560503
-0.482156
-0.399708
-0.310659
-0.210103
-0.102443
-0.0266702
-0.00845523
-0.118697
-0.425223
-0.755619
-1.07799
-1.36179
-1.48747
-1.51949
-0.841911
-0.83104
-0.785507
-0.721873
-0.651879
-0.578294
-0.501902
-0.422433
-0.337314
-0.240594
-0.135193
-0.0638855
-0.0643821
-0.214267
-0.565868
-0.886137
-1.14985
-1.36141
-1.44546
-1.44331
-0.857357
-0.846678
-0.801344
-0.737999
-0.668715
-0.596469
-0.522414
-0.446505
-0.366307
-0.27434
-0.17059
-0.102362
-0.119983
-0.324278
-0.699247
-1.02808
-1.23214
-1.31422
-1.37181
-1.39151
-0.872777
-0.862191
-0.816966
-0.753889
-0.685388
-0.614719
-0.543455
-0.472048
-0.39804
-0.312181
-0.209627
-0.141303
-0.175356
-0.452377
-0.838879
-1.19702
-1.35468
-1.30866
-1.38782
-1.42964
-0.887732
-0.877169
-0.831943
-0.769109
-0.701436
-0.632568
-0.564506
-0.498497
-0.432479
-0.35536
-0.253546
-0.179605
-0.232435
-0.580143
-1.00317
-1.42622
-1.79662
-1.71289
-1.61599
-1.59018
-0.901437
-0.890952
-0.845674
-0.783063
-0.716246
-0.649426
-0.584909
-0.525397
-0.470342
-0.406145
-0.308036
-0.222997
-0.295561
-0.699609
-1.17003
-1.59214
-1.94808
-1.82797
-1.72305
-1.67937
-0.913252
-0.902831
-0.857433
-0.795032
-0.72904
-0.664189
-0.603816
-0.552173
-0.51094
-0.467529
-0.383604
-0.291571
-0.372873
-0.814638
-1.21629
-1.40339
-1.43033
-1.51028
-1.61171
-1.65689
-0.92237
-0.91187
-0.866354
-0.804114
-0.738999
-0.676018
-0.620065
-0.577642
-0.554837
-0.546168
-0.507232
-0.423436
-0.505104
-0.950107
-1.32339
-1.5151
-1.54822
-1.68246
-1.76819
-1.81567
-0.927703
-0.917101
-0.871364
-0.80926
-0.744812
-0.683621
-0.632087
-0.60012
-0.60256
-0.653502
-0.725459
-0.687335
-0.749348
-1.1667
-1.65838
-2.21877
-2.51111
-2.58289
-2.46263
-2.35867
-0.928106
-0.917412
-0.871416
-0.809375
-0.74535
-0.685521
-0.637891
-0.616869
-0.651138
-0.800569
-1.08127
-1.14569
-1.08464
-1.37586
-1.88957
-2.65667
-3.17807
-3.1862
-2.8981
-2.67021
-0.922632
-0.9118
-0.865542
-0.803404
-0.739423
-0.68016
-0.635056
-0.623489
-0.691636
-0.973725
-1.59076
-1.75807
-1.37084
-1.31097
-1.49887
-1.88722
-2.17684
-2.07041
-1.73263
-1.50563
-0.910714
-0.8996
-0.852915
-0.790435
-0.726013
-0.666138
-0.621298
-0.61464
-0.704567
-1.09883
-2.13342
-2.31046
-1.44511
-0.793804
-0.290487
-0.00262524
0.133341
0.304813
0.489729
0.582521
-0.891533
-0.880205
-0.833105
-0.769997
-0.704573
-0.642739
-0.59461
-0.582941
-0.670345
-1.07355
-2.18297
-2.2379
-1.0664
-0.100723
0.675979
1.20361
1.55554
1.72162
1.78611
1.80587
-0.864528
-0.853244
-0.805913
-0.74225
-0.675298
-0.610189
-0.555277
-0.528823
-0.57897
-0.856732
-1.56238
-1.35023
-0.390343
0.448728
1.09444
1.50929
1.76201
1.88977
1.94749
1.96652
-0.829852
-0.818827
-0.771609
-0.707513
-0.639092
-0.570219
-0.506688
-0.459695
-0.454447
-0.550241
-0.744073
-0.402695
0.215301
0.776565
1.17176
1.43096
1.5936
1.69017
1.74468
1.76664
-0.787327
-0.776352
-0.730429
-0.666458
-0.597171
-0.525249
-0.453876
-0.387745
-0.333964
-0.295757
-0.200106
0.0804392
0.489954
0.848764
1.09243
1.25879
1.37134
1.44715
1.49531
1.51185
-0.733273
-0.722575
-0.681391
-0.619006
-0.550087
-0.477092
-0.400851
-0.321923
-0.238364
-0.13644
0.030018
0.279394
0.547299
0.778105
0.946412
1.06777
1.15557
1.21942
1.25955
1.27657
-0.668793
-0.660094
-0.620938
-0.563378
-0.4976
-0.426056
-0.349016
-0.265012
-0.169135
-0.0476702
0.122017
0.324578
0.513324
0.670371
0.79107
0.882489
0.95161
1.00288
1.03561
1.05281
-0.587669
-0.583222
-0.550647
-0.497771
-0.437321
-0.370977
-0.297782
-0.215427
-0.11972
-0.000946903
0.149308
0.30807
0.444117
0.553417
0.637992
0.702917
0.753232
0.791443
0.817553
0.829321
-0.478192
-0.475702
-0.45544
-0.414726
-0.365438
-0.309411
-0.245755
-0.172561
-0.0857654
0.020349
0.148307
0.276806
0.382664
0.465843
0.529145
0.576342
0.610895
0.636404
0.654918
0.663186
-0.359735
-0.359417
-0.348243
-0.320699
-0.285065
-0.242603
-0.191795
-0.131131
-0.0575169
0.0330348
0.140254
0.244153
0.327664
0.391775
0.439189
0.473235
0.497243
0.513629
0.523026
0.526277
-0.246908
-0.247255
-0.241509
-0.225877
-0.203356
-0.174252
-0.137079
-0.0900631
-0.0307539
0.0436226
0.131292
0.21452
0.279993
0.329153
0.36451
0.388991
0.405218
0.41528
0.420814
0.422808
-0.148734
-0.149578
-0.147712
-0.140632
-0.128571
-0.110864
-0.0858474
-0.0515478
-0.00589076
0.0531724
0.123473
0.189739
0.240882
0.27836
0.304682
0.322245
0.333243
0.339645
0.342801
0.343668
-0.0734263
-0.0742561
-0.074893
-0.0735084
-0.0688664
-0.0590941
-0.0429027
-0.0186716
0.0156178
0.0613753
0.116591
0.168553
0.208206
0.2368
0.256246
0.26876
0.276347
0.280527
0.282309
0.282709
-0.0225583
-0.0231982
-0.0246394
-0.0261721
-0.0252789
-0.0205557
-0.0104421
0.0065402
0.0318758
0.0669651
0.10987
0.15023
0.18067
0.202232
0.216772
0.226023
0.231364
0.233964
0.234973
0.235135
0.00896471
0.00853347
0.00722092
0.00549108
0.00519398
0.00753135
0.0137342
0.0253583
0.0439168
0.0704767
0.103453
0.134516
0.157901
0.174382
0.185215
0.19181
0.195478
0.197186
0.197714
0.197762
0.0278878
0.0276104
0.0267278
0.0254523
0.0250743
0.0265732
0.030907
0.0391775
0.0526942
0.0726012
0.0977896
0.121624
0.139391
0.151658
0.159614
0.164431
0.167013
0.168102
0.168354
0.168351
0.0395179
0.0393324
0.0387922
0.0379912
0.0377505
0.0387634
0.0418276
0.0479172
0.0580254
0.0729982
0.0920541
0.110111
0.123542
0.132838
0.138829
0.142359
0.144185
0.144907
0.145034
0.145017
0.0467719
0.0466474
0.0463096
0.0458113
0.0457178
0.0465212
0.0487791
0.0532229
0.0607117
0.0719844
0.0864429
0.100179
0.110375
0.117343
0.121766
0.124345
0.125655
0.126144
0.126207
0.126184
0.0509397
0.0508551
0.050631
0.0502979
0.0502655
0.0508992
0.0526237
0.0559826
0.0616059
0.0700736
0.0809824
0.0913464
0.09901
0.104234
0.107535
0.109436
0.110377
0.110705
0.110728
0.110704
0.0527591
0.0526993
0.0525478
0.0523221
0.0523228
0.0528177
0.0541186
0.0566399
0.0608739
0.067261
0.075497
0.0833257
0.0891032
0.0930233
0.0954783
0.0968752
0.0975517
0.097772
0.0977724
0.097749
0.0528181
0.0527739
0.0526727
0.0525267
0.0525534
0.0529516
0.0539528
0.0558656
0.0590591
0.0638717
0.0700833
0.0759823
0.080323
0.0832538
0.0850779
0.0861047
0.086591
0.0867368
0.0867243
0.086702
0.0515808
0.0515469
0.0514774
0.0513831
0.0514213
0.0517383
0.0525075
0.0539607
0.0563745
0.060006
0.0646865
0.0691267
0.0723861
0.0745774
0.0759329
0.0766881
0.077038
0.0771343
0.0771162
0.0770957
0.049383
0.0493566
0.0493071
0.0492449
0.0492852
0.0495359
0.0501268
0.0512308
0.0530554
0.0557944
0.0593203
0.062659
0.0651025
0.0667386
0.0677444
0.0682988
0.0685493
0.068611
0.0685899
0.0685715
0.046464
0.0464433
0.0464062
0.0463627
0.0463987
0.0465942
0.047046
0.0478828
0.0492614
0.0513249
0.0539781
0.0564838
0.0583132
0.0595326
0.0602771
0.0606828
0.0608614
0.0608997
0.0608782
0.0608622
0.042997
0.0429806
0.042952
0.0429197
0.0429482
0.0430973
0.0434396
0.0440719
0.0451101
0.0466631
0.0486555
0.0505342
0.0518995
0.0528064
0.0533568
0.0536529
0.053779
0.0538006
0.0537795
0.0537657
0.0391131
0.0391002
0.0390776
0.039052
0.0390725
0.0391841
0.039441
0.0399158
0.0406953
0.0418596
0.043352
0.044755
0.0457729
0.046445
0.0468497
0.0470645
0.0471524
0.0471629
0.0471434
0.0471317
0.0349117
0.0349017
0.0348834
0.0348622
0.0348753
0.0349567
0.0351473
0.0355012
0.0360832
0.0369526
0.0380654
0.0391094
0.0398641
0.0403603
0.0406562
0.0408103
0.0408704
0.0408737
0.0408559
0.0408459
0.0304685
0.0304607
0.0304457
0.0304275
0.0304347
0.0304927
0.0306321
0.0308931
0.0313236
0.0319677
0.0327918
0.0335641
0.0341196
0.0344821
0.034696
0.0348053
0.0348452
0.0348435
0.0348276
0.0348193
0.0258431
0.0258369
0.0258245
0.0258085
0.0258108
0.0258506
0.0259504
0.0261401
0.0264549
0.0269261
0.0275287
0.0280921
0.0284959
0.0287577
0.0289108
0.0289869
0.0290124
0.0290077
0.0289937
0.0289868
0.0210824
0.0210776
0.0210672
0.021053
0.0210516
0.0210772
0.0211463
0.0212801
0.0215045
0.0218424
0.0222752
0.0226788
0.0229671
0.0231525
0.0232588
0.0233094
0.0233237
0.0233167
0.023304
0.0232982
0.0162201
0.0162165
0.0162078
0.016195
0.0161908
0.0162056
0.0162507
0.0163416
0.0164956
0.0167284
0.017028
0.0173067
0.0175049
0.017631
0.0177014
0.0177329
0.0177392
0.0177308
0.0177195
0.0177146
0.0112835
0.0112808
0.0112738
0.0112628
0.011257
0.0112637
0.0112908
0.0113482
0.0114468
0.0115961
0.0117873
0.0119652
0.0120904
0.0121688
0.0122116
0.0122293
0.0122302
0.0122217
0.0122124
0.0122085
0.00629461
0.00629303
0.0062877
0.00627861
0.00627267
0.00627422
0.00628727
0.00631656
0.00636802
0.00644668
0.00654732
0.00664101
0.006707
0.00674854
0.00677049
0.00677793
0.00677556
0.00676757
0.00675985
0.00675715
0.00378221
0.00378031
0.00377464
0.0037683
0.00376489
0.0037686
0.00378101
0.0038047
0.003843
0.00389805
0.00395822
0.00400609
0.00403818
0.00405673
0.00406493
0.00406485
0.00405954
0.00405286
0.00404901
0.0013459
-1.25949
-0.783412
-0.445747
-0.180889
0.0301216
0.20143
0.342897
0.464936
0.554133
0.558008
-0.544717
-0.316943
-0.119942
0.0477088
0.190541
0.311306
0.412284
0.491504
0.541406
0.560641
-0.160724
-0.0266149
0.0995104
0.212849
0.311887
0.396485
0.466059
0.519184
0.55659
0.579502
0.0834269
0.171375
0.257825
0.337791
0.40797
0.468296
0.518401
0.558249
0.589111
0.609649
0.257816
0.316377
0.380915
0.439592
0.491513
0.536865
0.575601
0.607634
0.633448
0.650618
0.392534
0.435403
0.485513
0.53008
0.571216
0.607927
0.640002
0.667039
0.689039
0.703054
0.50319
0.539412
0.579966
0.617914
0.653313
0.685574
0.714053
0.738026
0.757271
0.768562
0.602842
0.6366
0.674084
0.710266
0.743765
0.77418
0.80083
0.823005
0.840148
0.849333
0.702877
0.739153
0.777792
0.814995
0.848427
0.878015
0.903291
0.923878
0.939287
0.947671
0.818829
0.860037
0.900359
0.938266
0.971025
0.998887
1.02213
1.04091
1.055
1.06437
0.964591
1.00782
1.04613
1.08036
1.10896
1.13326
1.15429
1.17204
1.18616
1.19748
1.1436
1.1815
1.20987
1.23455
1.25587
1.27547
1.294
1.31136
1.32744
1.3421
1.342
1.36319
1.37831
1.39434
1.41078
1.42623
1.4401
1.4535
1.4691
1.48751
1.53299
1.5402
1.55086
1.56257
1.5726
1.58185
1.59221
1.6034
1.6151
1.62402
1.74626
1.74803
1.7401
1.72361
1.71267
1.71226
1.72444
1.7491
1.78322
1.80775
2.16596
1.9721
1.87113
1.81339
1.78418
1.77757
1.79285
1.83366
1.90957
2.05257
-0.700327
-0.705762
-0.668329
-0.605947
-0.533575
-0.453645
0.350432
0.425303
0.427217
0.347092
0.266028
0.181437
-0.127141
-0.442438
-0.834943
-1.36354
-2.03287
)
;

boundaryField
{
    wall-4
    {
        type            zeroGradient;
    }
    pressure-outlet-7
    {
        type            fixedValue;
        value           uniform 0;
    }
    velocity-inlet-6
    {
        type            zeroGradient;
    }
    velocity-inlet-5
    {
        type            zeroGradient;
    }
    frontAndBackPlanes
    {
        type            empty;
    }
}


// ************************************************************************* //
